% time	cellId	IMSI	frame	sframe	RNTI	mcsTb1	sizeTb1	mcsTb2	sizeTb2	ccId
0.047	1	3	5	8	2	8	209	0	0	0
0.059	1	3	6	10	2	8	209	0	0	0
0.074	1	3	8	5	2	8	241	0	0	0
0.086	1	3	9	7	2	8	421	0	0	0
0.096	1	3	10	7	2	8	421	0	0	0
0.107	1	3	11	8	2	8	421	0	0	0
0.118	1	3	12	9	2	8	421	0	0	0
0.128	1	3	13	9	2	8	421	0	0	0
0.139	1	3	14	10	2	8	421	0	0	0
0.15	1	3	16	1	2	8	421	0	0	0
0.159	1	3	16	10	2	8	421	0	0	0
0.168	1	3	17	9	2	8	421	0	0	0
0.177	1	3	18	8	2	8	421	0	0	0
0.186	1	3	19	7	2	8	389	0	0	0
0.195	1	3	20	6	2	8	389	0	0	0
0.204	1	3	21	5	2	8	349	0	0	0
0.213	1	3	22	4	2	8	421	0	0	0
0.222	1	3	23	3	2	8	389	0	0	0
0.231	1	3	24	2	2	8	389	0	0	0
0.24	1	3	25	1	2	8	349	0	0	0
0.249	1	3	25	10	2	8	421	0	0	0
0.258	1	3	26	9	2	8	389	0	0	0
0.267	1	3	27	8	2	8	349	0	0	0
0.276	1	3	28	7	2	8	421	0	0	0
0.285	1	3	29	6	2	8	389	0	0	0
0.294	1	3	30	5	2	8	389	0	0	0
0.303	1	3	31	4	2	8	349	0	0	0
0.312	1	3	32	3	2	8	389	0	0	0
0.321	1	3	33	2	2	8	421	0	0	0
0.33	1	3	34	1	2	8	349	0	0	0
0.339	1	3	34	10	2	8	389	0	0	0
0.348	1	3	35	9	2	8	389	0	0	0
0.357	1	3	36	8	2	8	421	0	0	0
0.366	1	3	37	7	2	8	349	0	0	0
0.375	1	3	38	6	2	8	421	0	0	0
0.384	1	3	39	5	2	8	349	0	0	0
0.393	1	3	40	4	2	8	389	0	0	0
0.402	1	3	41	3	2	8	389	0	0	0
0.411	1	3	42	2	2	8	421	0	0	0
0.42	1	3	43	1	2	8	349	0	0	0
0.429	1	3	43	10	2	8	389	0	0	0
0.438	1	3	44	9	2	8	389	0	0	0
0.447	1	3	45	8	2	8	389	0	0	0
0.456	1	3	46	7	2	8	389	0	0	0
0.465	1	3	47	6	2	8	349	0	0	0
0.474	1	3	48	5	2	8	389	0	0	0
0.483	1	3	49	4	2	8	389	0	0	0
0.492	1	3	50	3	2	8	389	0	0	0
0.501	1	3	51	2	2	8	389	0	0	0
0.51	1	3	52	1	2	8	389	0	0	0
0.519	1	3	52	10	2	8	389	0	0	0
0.528	1	3	53	9	2	8	389	0	0	0
0.537	1	3	54	8	2	8	349	0	0	0
0.546	1	3	55	7	2	8	389	0	0	0
0.555	1	3	56	6	2	8	421	0	0	0
0.564	1	3	57	5	2	8	389	0	0	0
0.573	1	3	58	4	2	8	349	0	0	0
0.582	1	3	59	3	2	8	421	0	0	0
0.591	1	3	60	2	2	8	349	0	0	0
0.6	1	3	61	1	2	8	349	0	0	0
0.609	1	3	61	10	2	8	421	0	0	0
0.618	1	3	62	9	2	8	389	0	0	0
0.627	1	3	63	8	2	8	349	0	0	0
0.636	1	3	64	7	2	8	421	0	0	0
0.645	1	3	65	6	2	8	349	0	0	0
0.654	1	3	66	5	2	8	389	0	0	0
0.663	1	3	67	4	2	8	389	0	0	0
0.672	1	3	68	3	2	8	389	0	0	0
0.681	1	3	69	2	2	8	389	0	0	0
0.69	1	3	70	1	2	8	349	0	0	0
0.699	1	3	70	10	2	8	389	0	0	0
0.708	1	3	71	9	2	8	389	0	0	0
0.717	1	3	72	8	2	8	389	0	0	0
0.726	1	3	73	7	2	8	389	0	0	0
0.735	1	3	74	6	2	8	349	0	0	0
0.744	1	3	75	5	2	8	389	0	0	0
0.753	1	3	76	4	2	8	389	0	0	0
0.762	1	3	77	3	2	8	421	0	0	0
0.771	1	3	78	2	2	8	349	0	0	0
0.78	1	3	79	1	2	8	421	0	0	0
0.789	1	3	79	10	2	8	349	0	0	0
0.798	1	3	80	9	2	8	389	0	0	0
0.807	1	3	81	8	2	8	389	0	0	0
0.816	1	3	82	7	2	8	349	0	0	0
0.825	1	3	83	6	2	8	421	0	0	0
0.834	1	3	84	5	2	8	389	0	0	0
0.843	1	3	85	4	2	8	389	0	0	0
0.852	1	3	86	3	2	8	349	0	0	0
0.861	1	3	87	2	2	8	389	0	0	0
0.87	1	3	88	1	2	8	389	0	0	0
0.879	1	3	88	10	2	8	389	0	0	0
0.888	1	3	89	9	2	8	389	0	0	0
0.897	1	3	90	8	2	8	389	0	0	0
0.906	1	3	91	7	2	8	389	0	0	0
0.915	1	3	92	6	2	8	389	0	0	0
0.924	1	3	93	5	2	8	389	0	0	0
0.933	1	3	94	4	2	8	349	0	0	0
0.942	1	3	95	3	2	8	389	0	0	0
0.951	1	3	96	2	2	8	421	0	0	0
0.96	1	3	97	1	2	8	349	0	0	0
0.969	1	3	97	10	2	8	421	0	0	0
0.978	1	3	98	9	2	8	349	0	0	0
0.987	1	3	99	8	2	8	389	0	0	0
0.996	1	3	100	7	2	8	349	0	0	0
1.005	1	3	101	6	2	8	389	0	0	0
1.014	1	3	102	5	2	8	389	0	0	0
1.023	1	3	103	4	2	8	421	0	0	0
1.032	1	3	104	3	2	8	349	0	0	0
1.041	1	3	105	2	2	8	421	0	0	0
1.05	1	3	106	1	2	8	349	0	0	0
1.059	1	3	106	10	2	8	349	0	0	0
1.068	1	3	107	9	2	8	421	0	0	0
1.077	1	3	108	8	2	8	349	0	0	0
1.086	1	3	109	7	2	8	421	0	0	0
1.095	1	3	110	6	2	8	389	0	0	0
1.104	1	3	111	5	2	8	349	0	0	0
1.113	1	3	112	4	2	8	421	0	0	0
1.122	1	3	113	3	2	8	349	0	0	0
1.131	1	3	114	2	2	8	389	0	0	0
1.14	1	3	115	1	2	8	389	0	0	0
1.149	1	3	115	10	2	8	349	0	0	0
1.158	1	3	116	9	2	8	389	0	0	0
1.167	1	3	117	8	2	8	421	0	0	0
1.176	1	3	118	7	2	8	349	0	0	0
1.185	1	3	119	6	2	8	421	0	0	0
1.194	1	3	120	5	2	8	349	0	0	0
1.203	1	3	121	4	2	8	389	0	0	0
1.212	1	3	122	3	2	8	421	0	0	0
1.221	1	3	123	2	2	8	349	0	0	0
1.23	1	3	124	1	2	8	421	0	0	0
1.239	1	3	124	10	2	8	349	0	0	0
1.248	1	3	125	9	2	8	389	0	0	0
1.257	1	3	126	8	2	8	349	0	0	0
1.266	1	3	127	7	2	8	389	0	0	0
1.275	1	3	128	6	2	8	389	0	0	0
1.284	1	3	129	5	2	8	389	0	0	0
1.293	1	3	130	4	2	8	389	0	0	0
1.302	1	3	131	3	2	8	389	0	0	0
1.311	1	3	132	2	2	8	389	0	0	0
1.32	1	3	133	1	2	8	389	0	0	0
1.329	1	3	133	10	2	8	349	0	0	0
1.338	1	3	134	9	2	8	421	0	0	0
1.347	1	3	135	8	2	8	349	0	0	0
1.356	1	3	136	7	2	8	389	0	0	0
1.365	1	3	137	6	2	8	389	0	0	0
1.374	1	3	138	5	2	8	389	0	0	0
1.383	1	3	139	4	2	8	389	0	0	0
1.392	1	3	140	3	2	8	389	0	0	0
1.401	1	3	141	2	2	8	389	0	0	0
1.41	1	3	142	1	2	8	349	0	0	0
1.419	1	3	142	10	2	8	389	0	0	0
1.428	1	3	143	9	2	8	389	0	0	0
1.437	1	3	144	8	2	8	349	0	0	0
1.446	1	3	145	7	2	8	421	0	0	0
1.455	1	3	146	6	2	8	349	0	0	0
1.464	1	3	147	5	2	8	389	0	0	0
1.473	1	3	148	4	2	8	421	0	0	0
1.482	1	3	149	3	2	8	349	0	0	0
1.491	1	3	150	2	2	8	389	0	0	0
1.5	1	3	151	1	2	8	389	0	0	0
1.509	1	3	151	10	2	8	389	0	0	0
1.518	1	3	152	9	2	8	421	0	0	0
1.527	1	3	153	8	2	8	349	0	0	0
1.536	1	3	154	7	2	8	349	0	0	0
1.545	1	3	155	6	2	8	421	0	0	0
1.554	1	3	156	5	2	8	389	0	0	0
1.563	1	3	157	4	2	8	349	0	0	0
1.572	1	3	158	3	2	8	389	0	0	0
1.581	1	3	159	2	2	8	389	0	0	0
1.59	1	3	160	1	2	8	389	0	0	0
1.599	1	3	160	10	2	8	389	0	0	0
1.608	1	3	161	9	2	8	389	0	0	0
1.617	1	3	162	8	2	8	349	0	0	0
1.626	1	3	163	7	2	8	389	0	0	0
1.635	1	3	164	6	2	8	421	0	0	0
1.644	1	3	165	5	2	8	349	0	0	0
1.653	1	3	166	4	2	8	389	0	0	0
1.662	1	3	167	3	2	8	421	0	0	0
1.671	1	3	168	2	2	8	349	0	0	0
1.68	1	3	169	1	2	8	349	0	0	0
1.689	1	3	169	10	2	8	421	0	0	0
1.698	1	3	170	9	2	8	349	0	0	0
1.707	1	3	171	8	2	8	421	0	0	0
1.716	1	3	172	7	2	8	349	0	0	0
1.725	1	3	173	6	2	8	421	0	0	0
1.734	1	3	174	5	2	8	349	0	0	0
1.743	1	3	175	4	2	8	389	0	0	0
1.752	1	3	176	3	2	8	421	0	0	0
1.761	1	3	177	2	2	8	349	0	0	0
1.77	1	3	178	1	2	8	389	0	0	0
1.779	1	3	178	10	2	8	349	0	0	0
1.788	1	3	179	9	2	8	389	0	0	0
1.797	1	3	180	8	2	8	389	0	0	0
1.806	1	3	181	7	2	8	389	0	0	0
1.815	1	3	182	6	2	8	389	0	0	0
1.824	1	3	183	5	2	8	349	0	0	0
1.833	1	3	184	4	2	8	421	0	0	0
1.842	1	3	185	3	2	8	349	0	0	0
1.851	1	3	186	2	2	8	421	0	0	0
1.86	1	3	187	1	2	8	389	0	0	0
1.869	1	3	187	10	2	8	349	0	0	0
1.878	1	3	188	9	2	8	389	0	0	0
1.887	1	3	189	8	2	8	349	0	0	0
1.896	1	3	190	7	2	8	421	0	0	0
1.905	1	3	191	6	2	8	389	0	0	0
1.914	1	3	192	5	2	8	389	0	0	0
1.923	1	3	193	4	2	8	349	0	0	0
1.932	1	3	194	3	2	8	389	0	0	0
1.941	1	3	195	2	2	8	389	0	0	0
1.95	1	3	196	1	2	8	389	0	0	0
1.959	1	3	196	10	2	8	389	0	0	0
1.968	1	3	197	9	2	8	389	0	0	0
1.977	1	3	198	8	2	8	349	0	0	0
1.986	1	3	199	7	2	8	421	0	0	0
1.995	1	3	200	6	2	8	349	0	0	0
2.004	1	3	201	5	2	8	421	0	0	0
2.013	1	3	202	4	2	8	349	0	0	0
2.022	1	3	203	3	2	8	421	0	0	0
2.031	1	3	204	2	2	8	389	0	0	0
2.04	1	3	205	1	2	8	349	0	0	0
2.049	1	3	205	10	2	8	389	0	0	0
2.058	1	3	206	9	2	8	389	0	0	0
2.067	1	3	207	8	2	8	349	0	0	0
2.076	1	3	208	7	2	8	421	0	0	0
2.085	1	3	209	6	2	8	349	0	0	0
2.094	1	3	210	5	2	8	389	0	0	0
2.103	1	3	211	4	2	8	389	0	0	0
2.112	1	3	212	3	2	8	421	0	0	0
2.121	1	3	213	2	2	8	349	0	0	0
2.13	1	3	214	1	2	8	389	0	0	0
2.139	1	3	214	10	2	8	349	0	0	0
2.148	1	3	215	9	2	8	389	0	0	0
2.157	1	3	216	8	2	8	389	0	0	0
2.166	1	3	217	7	2	8	389	0	0	0
2.175	1	3	218	6	2	8	349	0	0	0
2.184	1	3	219	5	2	8	421	0	0	0
2.193	1	3	220	4	2	8	389	0	0	0
2.202	1	3	221	3	2	8	349	0	0	0
2.211	1	3	222	2	2	8	421	0	0	0
2.22	1	3	223	1	2	8	389	0	0	0
2.229	1	3	223	10	2	8	349	0	0	0
2.238	1	3	224	9	2	8	389	0	0	0
2.247	1	3	225	8	2	8	389	0	0	0
2.256	1	3	226	7	2	8	349	0	0	0
2.265	1	3	227	6	2	8	389	0	0	0
2.274	1	3	228	5	2	8	421	0	0	0
2.283	1	3	229	4	2	8	349	0	0	0
2.292	1	3	230	3	2	8	421	0	0	0
2.301	1	3	231	2	2	8	349	0	0	0
2.31	1	3	232	1	2	8	389	0	0	0
2.319	1	3	232	10	2	8	349	0	0	0
2.328	1	3	233	9	2	8	389	0	0	0
2.337	1	3	234	8	2	8	421	0	0	0
2.346	1	3	235	7	2	8	349	0	0	0
2.355	1	3	236	6	2	8	421	0	0	0
2.364	1	3	237	5	2	8	349	0	0	0
2.373	1	3	238	4	2	8	389	0	0	0
2.382	1	3	239	3	2	8	389	0	0	0
2.391	1	3	240	2	2	8	389	0	0	0
2.4	1	3	241	1	2	8	349	0	0	0
2.409	1	3	241	10	2	8	421	0	0	0
2.418	1	3	242	9	2	8	349	0	0	0
2.427	1	3	243	8	2	8	421	0	0	0
2.436	1	3	244	7	2	8	349	0	0	0
2.445	1	3	245	6	2	8	421	0	0	0
2.454	1	3	246	5	2	8	349	0	0	0
2.463	1	3	247	4	2	8	389	0	0	0
2.472	1	3	248	3	2	8	421	0	0	0
2.481	1	3	249	2	2	8	349	0	0	0
2.49	1	3	250	1	2	8	389	0	0	0
2.499	1	3	250	10	2	8	389	0	0	0
2.508	1	3	251	9	2	8	349	0	0	0
2.517	1	3	252	8	2	8	389	0	0	0
2.526	1	3	253	7	2	8	421	0	0	0
2.535	1	3	254	6	2	8	349	0	0	0
2.544	1	3	255	5	2	8	349	0	0	0
2.553	1	3	256	4	2	8	421	0	0	0
2.562	1	3	257	3	2	8	389	0	0	0
2.571	1	3	258	2	2	8	389	0	0	0
2.58	1	3	259	1	2	8	389	0	0	0
2.589	1	3	259	10	2	8	389	0	0	0
2.598	1	3	260	9	2	8	349	0	0	0
2.607	1	3	261	8	2	8	389	0	0	0
2.616	1	3	262	7	2	8	389	0	0	0
2.625	1	3	263	6	2	8	389	0	0	0
2.634	1	3	264	5	2	8	389	0	0	0
2.643	1	3	265	4	2	8	389	0	0	0
2.652	1	3	266	3	2	8	349	0	0	0
2.661	1	3	267	2	2	8	421	0	0	0
2.67	1	3	268	1	2	8	389	0	0	0
2.679	1	3	268	10	2	8	349	0	0	0
2.688	1	3	269	9	2	8	389	0	0	0
2.697	1	3	270	8	2	8	349	0	0	0
2.706	1	3	271	7	2	8	421	0	0	0
2.715	1	3	272	6	2	8	349	0	0	0
2.724	1	3	273	5	2	8	421	0	0	0
2.733	1	3	274	4	2	8	389	0	0	0
2.742	1	3	275	3	2	8	389	0	0	0
2.751	1	3	276	2	2	8	421	0	0	0
2.76	1	3	277	1	2	8	349	0	0	0
2.769	1	3	277	10	2	8	389	0	0	0
2.778	1	3	278	9	2	8	349	0	0	0
2.787	1	3	279	8	2	8	389	0	0	0
2.796	1	3	280	7	2	8	389	0	0	0
2.805	1	3	281	6	2	8	389	0	0	0
2.814	1	3	282	5	2	8	389	0	0	0
2.823	1	3	283	4	2	8	349	0	0	0
2.832	1	3	284	3	2	8	421	0	0	0
2.841	1	3	285	2	2	8	349	0	0	0
2.85	1	3	286	1	2	8	421	0	0	0
2.859	1	3	286	10	2	8	349	0	0	0
2.868	1	3	287	9	2	8	389	0	0	0
2.877	1	3	288	8	2	8	421	0	0	0
2.886	1	3	289	7	2	8	349	0	0	0
2.895	1	3	290	6	2	8	389	0	0	0
2.904	1	3	291	5	2	8	389	0	0	0
2.913	1	3	292	4	2	8	389	0	0	0
2.922	1	3	293	3	2	8	349	0	0	0
2.931	1	3	294	2	2	8	389	0	0	0
2.94	1	3	295	1	2	8	389	0	0	0
2.949	1	3	295	10	2	8	389	0	0	0
2.958	1	3	296	9	2	8	389	0	0	0
2.967	1	3	297	8	2	8	421	0	0	0
2.976	1	3	298	7	2	8	349	0	0	0
2.985	1	3	299	6	2	8	349	0	0	0
2.994	1	3	300	5	2	8	421	0	0	0
3.003	1	3	301	4	2	8	349	0	0	0
3.012	1	3	302	3	2	8	421	0	0	0
3.021	1	3	303	2	2	8	389	0	0	0
3.03	1	3	304	1	2	8	349	0	0	0
3.039	1	3	304	10	2	8	389	0	0	0
3.048	1	3	305	9	2	8	389	0	0	0
3.057	1	3	306	8	2	8	421	0	0	0
3.066	1	3	307	7	2	8	349	0	0	0
3.075	1	3	308	6	2	8	389	0	0	0
3.084	1	3	309	5	2	8	349	0	0	0
3.093	1	3	310	4	2	8	389	0	0	0
3.102	1	3	311	3	2	8	389	0	0	0
3.111	1	3	312	2	2	8	389	0	0	0
3.12	1	3	313	1	2	8	389	0	0	0
3.129	1	3	313	10	2	8	389	0	0	0
3.138	1	3	314	9	2	8	389	0	0	0
3.147	1	3	315	8	2	8	389	0	0	0
3.156	1	3	316	7	2	8	349	0	0	0
3.165	1	3	317	6	2	8	421	0	0	0
3.174	1	3	318	5	2	8	349	0	0	0
3.183	1	3	319	4	2	8	421	0	0	0
3.192	1	3	320	3	2	8	349	0	0	0
3.201	1	3	321	2	2	8	421	0	0	0
3.21	1	3	322	1	2	8	389	0	0	0
3.219	1	3	322	10	2	8	349	0	0	0
3.228	1	3	323	9	2	8	349	0	0	0
3.237	1	3	324	8	2	8	421	0	0	0
3.246	1	3	325	7	2	8	349	0	0	0
3.255	1	3	326	6	2	8	421	0	0	0
3.264	1	3	327	5	2	8	349	0	0	0
3.273	1	3	328	4	2	8	421	0	0	0
3.282	1	3	329	3	2	8	349	0	0	0
3.291	1	3	330	2	2	8	389	0	0	0
3.3	1	3	331	1	2	8	389	0	0	0
3.309	1	3	331	10	2	8	421	0	0	0
3.318	1	3	332	9	2	8	349	0	0	0
3.327	1	3	333	8	2	8	389	0	0	0
3.336	1	3	334	7	2	8	389	0	0	0
3.345	1	3	335	6	2	8	349	0	0	0
3.354	1	3	336	5	2	8	421	0	0	0
3.363	1	3	337	4	2	8	389	0	0	0
3.372	1	3	338	3	2	8	349	0	0	0
3.381	1	3	339	2	2	8	389	0	0	0
3.39	1	3	340	1	2	8	349	0	0	0
3.399	1	3	340	10	2	8	421	0	0	0
3.408	1	3	341	9	2	8	421	0	0	0
3.417	1	3	342	8	2	8	349	0	0	0
3.426	1	3	343	7	2	8	349	0	0	0
3.435	1	3	344	6	2	8	421	0	0	0
3.444	1	3	345	5	2	8	349	0	0	0
3.453	1	3	346	4	2	8	389	0	0	0
3.462	1	3	347	3	2	8	389	0	0	0
3.471	1	3	348	2	2	8	389	0	0	0
3.48	1	3	349	1	2	8	421	0	0	0
3.489	1	3	349	10	2	8	349	0	0	0
3.498	1	3	350	9	2	8	349	0	0	0
3.507	1	3	351	8	2	8	389	0	0	0
3.516	1	3	352	7	2	8	421	0	0	0
3.525	1	3	353	6	2	8	349	0	0	0
3.534	1	3	354	5	2	8	389	0	0	0
3.543	1	3	355	4	2	8	421	0	0	0
3.552	1	3	356	3	2	8	349	0	0	0
3.561	1	3	357	2	2	8	349	0	0	0
3.57	1	3	358	1	2	8	421	0	0	0
3.579	1	3	358	10	2	8	389	0	0	0
3.588	1	3	359	9	2	8	389	0	0	0
3.597	1	3	360	8	2	8	349	0	0	0
3.606	1	3	361	7	2	8	389	0	0	0
3.615	1	3	362	6	2	8	421	0	0	0
3.624	1	3	363	5	2	8	349	0	0	0
3.633	1	3	364	4	2	8	421	0	0	0
3.642	1	3	365	3	2	8	349	0	0	0
3.651	1	3	366	2	2	8	349	0	0	0
3.66	1	3	367	1	2	8	421	0	0	0
3.669	1	3	367	10	2	8	349	0	0	0
3.678	1	3	368	9	2	8	389	0	0	0
3.687	1	3	369	8	2	8	389	0	0	0
3.696	1	3	370	7	2	8	421	0	0	0
3.705	1	3	371	6	2	8	349	0	0	0
3.714	1	3	372	5	2	8	421	0	0	0
3.723	1	3	373	4	2	8	349	0	0	0
3.732	1	3	374	3	2	8	389	0	0	0
3.741	1	3	375	2	2	8	389	0	0	0
3.75	1	3	376	1	2	8	349	0	0	0
3.759	1	3	376	10	2	8	389	0	0	0
3.768	1	3	377	9	2	8	389	0	0	0
3.777	1	3	378	8	2	8	389	0	0	0
3.786	1	3	379	7	2	8	389	0	0	0
3.795	1	3	380	6	2	8	389	0	0	0
3.804	1	3	381	5	2	8	389	0	0	0
3.813	1	3	382	4	2	8	349	0	0	0
3.822	1	3	383	3	2	8	421	0	0	0
3.831	1	3	384	2	2	8	349	0	0	0
3.84	1	3	385	1	2	8	421	0	0	0
3.849	1	3	385	10	2	8	389	0	0	0
3.858	1	3	386	9	2	8	349	0	0	0
3.867	1	3	387	8	2	8	389	0	0	0
3.876	1	3	388	7	2	8	349	0	0	0
3.885	1	3	389	6	2	8	389	0	0	0
3.894	1	3	390	5	2	8	389	0	0	0
3.903	1	3	391	4	2	8	389	0	0	0
3.912	1	3	392	3	2	8	389	0	0	0
3.921	1	3	393	2	2	8	389	0	0	0
3.93	1	3	394	1	2	8	389	0	0	0
3.939	1	3	394	10	2	8	389	0	0	0
3.948	1	3	395	9	2	8	349	0	0	0
3.957	1	3	396	8	2	8	389	0	0	0
3.966	1	3	397	7	2	8	421	0	0	0
3.975	1	3	398	6	2	8	349	0	0	0
3.984	1	3	399	5	2	8	349	0	0	0
3.993	1	3	400	4	2	8	421	0	0	0
4.002	1	3	401	3	2	8	389	0	0	0
4.011	1	3	402	2	2	8	389	0	0	0
4.02	1	3	403	1	2	8	349	0	0	0
4.029	1	3	403	10	2	8	389	0	0	0
4.038	1	3	404	9	2	8	421	0	0	0
4.047	1	3	405	8	2	8	349	0	0	0
4.056	1	3	406	7	2	8	389	0	0	0
4.065	1	3	407	6	2	8	389	0	0	0
4.074	1	3	408	5	2	8	389	0	0	0
4.083	1	3	409	4	2	8	389	0	0	0
4.092	1	3	410	3	2	8	349	0	0	0
4.101	1	3	411	2	2	8	421	0	0	0
4.11	1	3	412	1	2	8	349	0	0	0
4.119	1	3	412	10	2	8	389	0	0	0
4.128	1	3	413	9	2	8	421	0	0	0
4.137	1	3	414	8	2	8	349	0	0	0
4.146	1	3	415	7	2	8	389	0	0	0
4.155	1	3	416	6	2	8	421	0	0	0
4.164	1	3	417	5	2	8	349	0	0	0
4.173	1	3	418	4	2	8	349	0	0	0
4.182	1	3	419	3	2	8	421	0	0	0
4.191	1	3	420	2	2	8	349	0	0	0
4.2	1	3	421	1	2	8	421	0	0	0
4.209	1	3	421	10	2	8	389	0	0	0
4.218	1	3	422	9	2	8	349	0	0	0
4.227	1	3	423	8	2	8	389	0	0	0
4.236	1	3	424	7	2	8	389	0	0	0
4.245	1	3	425	6	2	8	421	0	0	0
4.254	1	3	426	5	2	8	349	0	0	0
4.263	1	3	427	4	2	8	349	0	0	0
4.272	1	3	428	3	2	8	421	0	0	0
4.281	1	3	429	2	2	8	349	0	0	0
4.29	1	3	430	1	2	8	389	0	0	0
4.299	1	3	430	10	2	8	389	0	0	0
4.308	1	3	431	9	2	8	389	0	0	0
4.317	1	3	432	8	2	8	389	0	0	0
4.326	1	3	433	7	2	8	421	0	0	0
4.335	1	3	434	6	2	8	349	0	0	0
4.344	1	3	435	5	2	8	389	0	0	0
4.353	1	3	436	4	2	8	389	0	0	0
4.362	1	3	437	3	2	8	389	0	0	0
4.371	1	3	438	2	2	8	349	0	0	0
4.38	1	3	439	1	2	8	421	0	0	0
4.389	1	3	439	10	2	8	349	0	0	0
4.398	1	3	440	9	2	8	389	0	0	0
4.407	1	3	441	8	2	8	421	0	0	0
4.416	1	3	442	7	2	8	349	0	0	0
4.425	1	3	443	6	2	8	389	0	0	0
4.434	1	3	444	5	2	8	389	0	0	0
4.443	1	3	445	4	2	8	389	0	0	0
4.452	1	3	446	3	2	8	389	0	0	0
4.461	1	3	447	2	2	8	389	0	0	0
4.47	1	3	448	1	2	8	389	0	0	0
4.479	1	3	448	10	2	8	389	0	0	0
4.488	1	3	449	9	2	8	349	0	0	0
4.497	1	3	450	8	2	8	421	0	0	0
4.506	1	3	451	7	2	8	349	0	0	0
4.515	1	3	452	6	2	8	421	0	0	0
4.524	1	3	453	5	2	8	349	0	0	0
4.533	1	3	454	4	2	8	389	0	0	0
4.542	1	3	455	3	2	8	389	0	0	0
4.551	1	3	456	2	2	8	389	0	0	0
4.56	1	3	457	1	2	8	389	0	0	0
4.569	1	3	457	10	2	8	349	0	0	0
4.578	1	3	458	9	2	8	389	0	0	0
4.587	1	3	459	8	2	8	389	0	0	0
4.596	1	3	460	7	2	8	389	0	0	0
4.605	1	3	461	6	2	8	389	0	0	0
4.614	1	3	462	5	2	8	349	0	0	0
4.623	1	3	463	4	2	8	421	0	0	0
4.632	1	3	464	3	2	8	349	0	0	0
4.641	1	3	465	2	2	8	421	0	0	0
4.65	1	3	466	1	2	8	389	0	0	0
4.659	1	3	466	10	2	8	389	0	0	0
4.668	1	3	467	9	2	8	349	0	0	0
4.677	1	3	468	8	2	8	389	0	0	0
4.686	1	3	469	7	2	8	389	0	0	0
4.695	1	3	470	6	2	8	389	0	0	0
4.704	1	3	471	5	2	8	389	0	0	0
4.713	1	3	472	4	2	8	389	0	0	0
4.722	1	3	473	3	2	8	389	0	0	0
4.731	1	3	474	2	2	8	349	0	0	0
4.74	1	3	475	1	2	8	389	0	0	0
4.749	1	3	475	10	2	8	389	0	0	0
4.758	1	3	476	9	2	8	389	0	0	0
4.767	1	3	477	8	2	8	389	0	0	0
4.776	1	3	478	7	2	8	389	0	0	0
4.785	1	3	479	6	2	8	389	0	0	0
4.794	1	3	480	5	2	8	389	0	0	0
4.803	1	3	481	4	2	8	349	0	0	0
4.812	1	3	482	3	2	8	389	0	0	0
4.821	1	3	483	2	2	8	389	0	0	0
4.83	1	3	484	1	2	8	421	0	0	0
4.839	1	3	484	10	2	8	349	0	0	0
4.848	1	3	485	9	2	8	389	0	0	0
4.857	1	3	486	8	2	8	349	0	0	0
4.866	1	3	487	7	2	8	389	0	0	0
4.875	1	3	488	6	2	8	389	0	0	0
4.884	1	3	489	5	2	8	421	0	0	0
4.893	1	3	490	4	2	8	349	0	0	0
4.902	1	3	491	3	2	8	421	0	0	0
4.911	1	3	492	2	2	8	349	0	0	0
4.92	1	3	493	1	2	8	349	0	0	0
4.929	1	3	493	10	2	8	421	0	0	0
4.938	1	3	494	9	2	8	389	0	0	0
4.947	1	3	495	8	2	8	389	0	0	0
4.956	1	3	496	7	2	8	349	0	0	0
4.965	1	3	497	6	2	8	389	0	0	0
4.974	1	3	498	5	2	8	421	0	0	0
4.983	1	3	499	4	2	8	349	0	0	0
4.992	1	3	500	3	2	8	421	0	0	0
5.001	1	3	501	2	2	8	349	0	0	0
5.01	1	3	502	1	2	8	349	0	0	0
5.019	1	3	502	10	2	8	421	0	0	0
5.028	1	3	503	9	2	8	349	0	0	0
5.037	1	3	504	8	2	8	389	0	0	0
5.046	1	3	505	7	2	8	389	0	0	0
5.055	1	3	506	6	2	8	349	0	0	0
5.064	1	3	507	5	2	8	421	0	0	0
5.073	1	3	508	4	2	8	389	0	0	0
5.082	1	3	509	3	2	8	389	0	0	0
5.091	1	3	510	2	2	8	389	0	0	0
5.1	1	3	511	1	2	8	349	0	0	0
5.109	1	3	511	10	2	8	389	0	0	0
5.118	1	3	512	9	2	8	389	0	0	0
5.127	1	3	513	8	2	8	421	0	0	0
5.136	1	3	514	7	2	8	349	0	0	0
5.145	1	3	515	6	2	8	389	0	0	0
5.154	1	3	516	5	2	8	389	0	0	0
5.163	1	3	517	4	2	8	389	0	0	0
5.172	1	3	518	3	2	8	389	0	0	0
5.181	1	3	519	2	2	8	349	0	0	0
5.19	1	3	520	1	2	8	389	0	0	0
5.199	1	3	520	10	2	8	421	0	0	0
5.208	1	3	521	9	2	8	389	0	0	0
5.217	1	3	522	8	2	8	389	0	0	0
5.226	1	3	523	7	2	8	349	0	0	0
5.235	1	3	524	6	2	8	389	0	0	0
5.244	1	3	525	5	2	8	389	0	0	0
5.253	1	3	526	4	2	8	389	0	0	0
5.262	1	3	527	3	2	8	389	0	0	0
5.271	1	3	528	2	2	8	349	0	0	0
5.28	1	3	529	1	2	8	421	0	0	0
5.289	1	3	529	10	2	8	349	0	0	0
5.298	1	3	530	9	2	8	421	0	0	0
5.307	1	3	531	8	2	8	349	0	0	0
5.316	1	3	532	7	2	8	389	0	0	0
5.325	1	3	533	6	2	8	389	0	0	0
5.334	1	3	534	5	2	8	389	0	0	0
5.343	1	3	535	4	2	8	389	0	0	0
5.352	1	3	536	3	2	8	389	0	0	0
5.361	1	3	537	2	2	8	349	0	0	0
5.37	1	3	538	1	2	8	389	0	0	0
5.379	1	3	538	10	2	8	389	0	0	0
5.388	1	3	539	9	2	8	389	0	0	0
5.397	1	3	540	8	2	8	389	0	0	0
5.406	1	3	541	7	2	8	389	0	0	0
5.415	1	3	542	6	2	8	349	0	0	0
5.424	1	3	543	5	2	8	389	0	0	0
5.433	1	3	544	4	2	8	389	0	0	0
5.442	1	3	545	3	2	8	389	0	0	0
5.451	1	3	546	2	2	8	389	0	0	0
5.46	1	3	547	1	2	8	389	0	0	0
5.469	1	3	547	10	2	8	389	0	0	0
5.478	1	3	548	9	2	8	349	0	0	0
5.487	1	3	549	8	2	8	421	0	0	0
5.496	1	3	550	7	2	8	349	0	0	0
5.505	1	3	551	6	2	8	389	0	0	0
5.514	1	3	552	5	2	8	421	0	0	0
5.523	1	3	553	4	2	8	349	0	0	0
5.532	1	3	554	3	2	8	389	0	0	0
5.541	1	3	555	2	2	8	421	0	0	0
5.55	1	3	556	1	2	8	349	0	0	0
5.559	1	3	556	10	2	8	349	0	0	0
5.568	1	3	557	9	2	8	421	0	0	0
5.577	1	3	558	8	2	8	389	0	0	0
5.586	1	3	559	7	2	8	349	0	0	0
5.595	1	3	560	6	2	8	421	0	0	0
5.604	1	3	561	5	2	8	349	0	0	0
5.613	1	3	562	4	2	8	421	0	0	0
5.622	1	3	563	3	2	8	349	0	0	0
5.631	1	3	564	2	2	8	389	0	0	0
5.64	1	3	565	1	2	8	389	0	0	0
5.649	1	3	565	10	2	8	389	0	0	0
5.658	1	3	566	9	2	8	389	0	0	0
5.667	1	3	567	8	2	8	349	0	0	0
5.676	1	3	568	7	2	8	421	0	0	0
5.685	1	3	569	6	2	8	349	0	0	0
5.694	1	3	570	5	2	8	389	0	0	0
5.703	1	3	571	4	2	8	389	0	0	0
5.712	1	3	572	3	2	8	421	0	0	0
5.721	1	3	573	2	2	8	349	0	0	0
5.73	1	3	574	1	2	8	421	0	0	0
5.739	1	3	574	10	2	8	349	0	0	0
5.748	1	3	575	9	2	8	421	0	0	0
5.757	1	3	576	8	2	8	349	0	0	0
5.766	1	3	577	7	2	8	389	0	0	0
5.775	1	3	578	6	2	8	389	0	0	0
5.784	1	3	579	5	2	8	389	0	0	0
5.793	1	3	580	4	2	8	349	0	0	0
5.802	1	3	581	3	2	8	421	0	0	0
5.811	1	3	582	2	2	8	349	0	0	0
5.82	1	3	583	1	2	8	389	0	0	0
5.829	1	3	583	10	2	8	389	0	0	0
5.838	1	3	584	9	2	8	389	0	0	0
5.847	1	3	585	8	2	8	349	0	0	0
5.856	1	3	586	7	2	8	421	0	0	0
5.865	1	3	587	6	2	8	389	0	0	0
5.874	1	3	588	5	2	8	349	0	0	0
5.883	1	3	589	4	2	8	389	0	0	0
5.892	1	3	590	3	2	8	389	0	0	0
5.901	1	3	591	2	2	8	389	0	0	0
5.91	1	3	592	1	2	8	349	0	0	0
5.919	1	3	592	10	2	8	421	0	0	0
5.928	1	3	593	9	2	8	389	0	0	0
5.937	1	3	594	8	2	8	349	0	0	0
5.946	1	3	595	7	2	8	389	0	0	0
5.955	1	3	596	6	2	8	389	0	0	0
5.964	1	3	597	5	2	8	389	0	0	0
5.973	1	3	598	4	2	8	389	0	0	0
5.982	1	3	599	3	2	8	349	0	0	0
5.991	1	3	600	2	2	8	389	0	0	0
6	1	3	601	1	2	8	421	0	0	0
6.009	1	3	601	10	2	8	389	0	0	0
6.018	1	3	602	9	2	8	349	0	0	0
6.027	1	3	603	8	2	8	389	0	0	0
6.036	1	3	604	7	2	8	349	0	0	0
6.045	1	3	605	6	2	8	421	0	0	0
6.054	1	3	606	5	2	8	389	0	0	0
6.063	1	3	607	4	2	8	389	0	0	0
6.072	1	3	608	3	2	8	349	0	0	0
6.081	1	3	609	2	2	8	421	0	0	0
6.09	1	3	610	1	2	8	349	0	0	0
6.099	1	3	610	10	2	8	389	0	0	0
6.108	1	3	611	9	2	8	389	0	0	0
6.117	1	3	612	8	2	8	389	0	0	0
6.126	1	3	613	7	2	8	389	0	0	0
6.135	1	3	614	6	2	8	349	0	0	0
6.144	1	3	615	5	2	8	389	0	0	0
6.153	1	3	616	4	2	8	421	0	0	0
6.162	1	3	617	3	2	8	349	0	0	0
6.171	1	3	618	2	2	8	421	0	0	0
6.18	1	3	619	1	2	8	349	0	0	0
6.189	1	3	619	10	2	8	389	0	0	0
6.198	1	3	620	9	2	8	389	0	0	0
6.207	1	3	621	8	2	8	389	0	0	0
6.216	1	3	622	7	2	8	389	0	0	0
6.225	1	3	623	6	2	8	389	0	0	0
6.234	1	3	624	5	2	8	389	0	0	0
6.243	1	3	625	4	2	8	349	0	0	0
6.252	1	3	626	3	2	8	389	0	0	0
6.261	1	3	627	2	2	8	421	0	0	0
6.27	1	3	628	1	2	8	349	0	0	0
6.279	1	3	628	10	2	8	389	0	0	0
6.288	1	3	629	9	2	8	389	0	0	0
6.297	1	3	630	8	2	8	349	0	0	0
