% time	cellId	IMSI	RNTI	sinrLinear	componentCarrierId
0.041	1	6	1	0.526255	0
0.042	1	3	2	1.34721	0
0.043	1	4	3	1.34721	0
0.044	1	9	4	0.373189	0
0.049	1	7	9	0.494844	0
0.05	1	2	10	2.39505	0
0.051	1	10	11	0.354297	0
0.052	1	1	12	5.38885	0
0.055	1	5	15	0.862216	0
0.056	1	8	16	0.439906	0
0.081	1	6	1	0.526255	0
0.082	1	3	2	1.34721	0
0.083	1	4	3	1.34721	0
0.084	1	9	4	0.373189	0
0.089	1	7	9	0.494844	0
0.09	1	2	10	2.39505	0
0.091	1	10	11	0.354297	0
0.092	1	1	12	5.38885	0
0.095	1	5	15	0.862216	0
0.096	1	8	16	0.439906	0
0.121	1	6	1	0.526255	0
0.122	1	3	2	1.34721	0
0.123	1	4	3	1.34721	0
0.124	1	9	4	0.373189	0
0.129	1	7	9	0.494844	0
0.13	1	2	10	2.39505	0
0.131	1	10	11	0.354297	0
0.132	1	1	12	5.38885	0
0.135	1	5	15	0.862216	0
0.136	1	8	16	0.439906	0
0.161	1	6	1	0.526255	0
0.162	1	3	2	1.34721	0
0.163	1	4	3	1.34721	0
0.164	1	9	4	0.373189	0
0.169	1	7	9	0.494844	0
0.17	1	2	10	2.39505	0
0.171	1	10	11	0.354297	0
0.172	1	1	12	5.38885	0
0.175	1	5	15	0.862216	0
0.176	1	8	16	0.439906	0
0.201	1	6	1	0.526255	0
0.202	1	3	2	1.34721	0
0.203	1	4	3	1.34721	0
0.204	1	9	4	0.373189	0
0.209	1	7	9	0.494844	0
0.21	1	2	10	2.39505	0
0.211	1	10	11	0.354297	0
0.212	1	1	12	5.38885	0
0.215	1	5	15	0.862216	0
0.216	1	8	16	0.439906	0
0.241	1	6	1	0.526255	0
0.242	1	3	2	1.34721	0
0.243	1	4	3	1.34721	0
0.244	1	9	4	0.373189	0
0.249	1	7	9	0.494844	0
0.25	1	2	10	2.39505	0
0.251	1	10	11	0.354297	0
0.252	1	1	12	5.38885	0
0.255	1	5	15	0.862216	0
0.256	1	8	16	0.439906	0
0.281	1	6	1	0.526255	0
0.282	1	3	2	1.34721	0
0.283	1	4	3	1.34721	0
0.284	1	9	4	0.373189	0
0.289	1	7	9	0.494844	0
0.29	1	2	10	2.39505	0
0.291	1	10	11	0.354297	0
0.292	1	1	12	5.38885	0
0.295	1	5	15	0.862216	0
0.296	1	8	16	0.439906	0
0.321	1	6	1	0.526255	0
0.322	1	3	2	1.34721	0
0.323	1	4	3	1.34721	0
0.324	1	9	4	0.373189	0
0.329	1	7	9	0.494844	0
0.33	1	2	10	2.39505	0
0.331	1	10	11	0.354297	0
0.332	1	1	12	5.38885	0
0.335	1	5	15	0.862216	0
0.336	1	8	16	0.439906	0
0.361	1	6	1	0.526255	0
0.362	1	3	2	1.34721	0
0.363	1	4	3	1.34721	0
0.364	1	9	4	0.373189	0
0.369	1	7	9	0.494844	0
0.37	1	2	10	2.39505	0
0.371	1	10	11	0.354297	0
0.372	1	1	12	5.38885	0
0.375	1	5	15	0.862216	0
0.376	1	8	16	0.439906	0
0.401	1	6	1	0.526255	0
0.402	1	3	2	1.34721	0
0.403	1	4	3	1.34721	0
0.404	1	9	4	0.373189	0
0.409	1	7	9	0.494844	0
0.41	1	2	10	2.39505	0
0.411	1	10	11	0.354297	0
0.412	1	1	12	5.38885	0
0.415	1	5	15	0.862216	0
0.416	1	8	16	0.439906	0
0.441	1	6	1	0.526255	0
0.442	1	3	2	1.34721	0
0.443	1	4	3	1.34721	0
0.444	1	9	4	0.373189	0
0.449	1	7	9	0.494844	0
0.45	1	2	10	2.39505	0
0.451	1	10	11	0.354297	0
0.452	1	1	12	5.38885	0
0.455	1	5	15	0.862216	0
0.456	1	8	16	0.439906	0
0.481	1	6	1	0.526255	0
0.482	1	3	2	1.34721	0
0.483	1	4	3	1.34721	0
0.484	1	9	4	0.373189	0
0.489	1	7	9	0.494844	0
0.49	1	2	10	2.39505	0
0.491	1	10	11	0.354297	0
0.492	1	1	12	5.38885	0
0.495	1	5	15	0.862216	0
0.496	1	8	16	0.439906	0
0.521	1	6	1	0.526255	0
0.522	1	3	2	1.34721	0
0.523	1	4	3	1.34721	0
0.524	1	9	4	0.373189	0
0.529	1	7	9	0.494844	0
0.53	1	2	10	2.39505	0
0.531	1	10	11	0.354297	0
0.532	1	1	12	5.38885	0
0.535	1	5	15	0.862216	0
0.536	1	8	16	0.439906	0
0.561	1	6	1	0.526255	0
0.562	1	3	2	1.34721	0
0.563	1	4	3	1.34721	0
0.564	1	9	4	0.373189	0
0.569	1	7	9	0.494844	0
0.57	1	2	10	2.39505	0
0.571	1	10	11	0.354297	0
0.572	1	1	12	5.38885	0
0.575	1	5	15	0.862216	0
0.576	1	8	16	0.439906	0
0.601	1	6	1	0.526255	0
0.602	1	3	2	1.34721	0
0.603	1	4	3	1.34721	0
0.604	1	9	4	0.373189	0
0.609	1	7	9	0.494844	0
0.61	1	2	10	2.39505	0
0.611	1	10	11	0.354297	0
0.612	1	1	12	5.38885	0
0.615	1	5	15	0.862216	0
0.616	1	8	16	0.439906	0
0.641	1	6	1	0.526255	0
0.642	1	3	2	1.34721	0
0.643	1	4	3	1.34721	0
0.644	1	9	4	0.373189	0
0.649	1	7	9	0.494844	0
0.65	1	2	10	2.39505	0
0.651	1	10	11	0.354297	0
0.652	1	1	12	5.38885	0
0.655	1	5	15	0.862216	0
0.656	1	8	16	0.439906	0
0.681	1	6	1	0.526255	0
0.682	1	3	2	1.34721	0
0.683	1	4	3	1.34721	0
0.684	1	9	4	0.373189	0
0.689	1	7	9	0.494844	0
0.69	1	2	10	2.39505	0
0.691	1	10	11	0.354297	0
0.692	1	1	12	5.38885	0
0.695	1	5	15	0.862216	0
0.696	1	8	16	0.439906	0
0.721	1	6	1	0.526255	0
0.722	1	3	2	1.34721	0
0.723	1	4	3	1.34721	0
0.724	1	9	4	0.373189	0
0.729	1	7	9	0.494844	0
0.73	1	2	10	2.39505	0
0.731	1	10	11	0.354297	0
0.732	1	1	12	5.38885	0
0.735	1	5	15	0.862216	0
0.736	1	8	16	0.439906	0
0.761	1	6	1	0.526255	0
0.762	1	3	2	1.34721	0
0.763	1	4	3	1.34721	0
0.764	1	9	4	0.373189	0
0.769	1	7	9	0.494844	0
0.77	1	2	10	2.39505	0
0.771	1	10	11	0.354297	0
0.772	1	1	12	5.38885	0
0.775	1	5	15	0.862216	0
0.776	1	8	16	0.439906	0
0.801	1	6	1	0.526255	0
0.802	1	3	2	1.34721	0
0.803	1	4	3	1.34721	0
0.804	1	9	4	0.373189	0
0.809	1	7	9	0.494844	0
0.81	1	2	10	2.39505	0
0.811	1	10	11	0.354297	0
0.812	1	1	12	5.38885	0
0.815	1	5	15	0.862216	0
0.816	1	8	16	0.439906	0
0.841	1	6	1	0.526255	0
0.842	1	3	2	1.34721	0
0.843	1	4	3	1.34721	0
0.844	1	9	4	0.373189	0
0.849	1	7	9	0.494844	0
0.85	1	2	10	2.39505	0
0.851	1	10	11	0.354297	0
0.852	1	1	12	5.38885	0
0.855	1	5	15	0.862216	0
0.856	1	8	16	0.439906	0
0.881	1	6	1	0.526255	0
0.882	1	3	2	1.34721	0
0.883	1	4	3	1.34721	0
0.884	1	9	4	0.373189	0
0.889	1	7	9	0.494844	0
0.89	1	2	10	2.39505	0
0.891	1	10	11	0.354297	0
0.892	1	1	12	5.38885	0
0.895	1	5	15	0.862216	0
0.896	1	8	16	0.439906	0
0.921	1	6	1	0.526255	0
0.922	1	3	2	1.34721	0
0.923	1	4	3	1.34721	0
0.924	1	9	4	0.373189	0
0.929	1	7	9	0.494844	0
0.93	1	2	10	2.39505	0
0.931	1	10	11	0.354297	0
0.932	1	1	12	5.38885	0
0.935	1	5	15	0.862216	0
0.936	1	8	16	0.439906	0
0.961	1	6	1	0.526255	0
0.962	1	3	2	1.34721	0
0.963	1	4	3	1.34721	0
0.964	1	9	4	0.373189	0
0.969	1	7	9	0.494844	0
0.97	1	2	10	2.39505	0
0.971	1	10	11	0.354297	0
0.972	1	1	12	5.38885	0
0.975	1	5	15	0.862216	0
0.976	1	8	16	0.439906	0
1.001	1	6	1	0.526255	0
1.002	1	3	2	1.34721	0
1.003	1	4	3	1.34721	0
1.004	1	9	4	0.373189	0
1.009	1	7	9	0.494844	0
1.01	1	2	10	2.39505	0
1.011	1	10	11	0.354297	0
1.012	1	1	12	5.38885	0
1.015	1	5	15	0.862216	0
1.016	1	8	16	0.439906	0
1.041	1	6	1	0.526255	0
1.042	1	3	2	1.34721	0
1.043	1	4	3	1.34721	0
1.044	1	9	4	0.373189	0
1.049	1	7	9	0.494844	0
1.05	1	2	10	2.39505	0
1.051	1	10	11	0.354297	0
1.052	1	1	12	5.38885	0
1.055	1	5	15	0.862216	0
1.056	1	8	16	0.439906	0
1.081	1	6	1	0.526255	0
1.082	1	3	2	1.34721	0
1.083	1	4	3	1.34721	0
1.084	1	9	4	0.373189	0
1.089	1	7	9	0.494844	0
1.09	1	2	10	2.39505	0
1.091	1	10	11	0.354297	0
1.092	1	1	12	5.38885	0
1.095	1	5	15	0.862216	0
1.096	1	8	16	0.439906	0
1.121	1	6	1	0.526255	0
1.122	1	3	2	1.34721	0
1.123	1	4	3	1.34721	0
1.124	1	9	4	0.373189	0
1.129	1	7	9	0.494844	0
1.13	1	2	10	2.39505	0
1.131	1	10	11	0.354297	0
1.132	1	1	12	5.38885	0
1.135	1	5	15	0.862216	0
1.136	1	8	16	0.439906	0
1.161	1	6	1	0.526255	0
1.162	1	3	2	1.34721	0
1.163	1	4	3	1.34721	0
1.164	1	9	4	0.373189	0
1.169	1	7	9	0.494844	0
1.17	1	2	10	2.39505	0
1.171	1	10	11	0.354297	0
1.172	1	1	12	5.38885	0
1.175	1	5	15	0.862216	0
1.176	1	8	16	0.439906	0
1.201	1	6	1	0.526255	0
1.202	1	3	2	1.34721	0
1.203	1	4	3	1.34721	0
1.204	1	9	4	0.373189	0
1.209	1	7	9	0.494844	0
1.21	1	2	10	2.39505	0
1.211	1	10	11	0.354297	0
1.212	1	1	12	5.38885	0
1.215	1	5	15	0.862216	0
1.216	1	8	16	0.439906	0
1.241	1	6	1	0.526255	0
1.242	1	3	2	1.34721	0
1.243	1	4	3	1.34721	0
1.244	1	9	4	0.373189	0
1.249	1	7	9	0.494844	0
1.25	1	2	10	2.39505	0
1.251	1	10	11	0.354297	0
1.252	1	1	12	5.38885	0
1.255	1	5	15	0.862216	0
1.256	1	8	16	0.439906	0
1.281	1	6	1	0.526255	0
1.282	1	3	2	1.34721	0
1.283	1	4	3	1.34721	0
1.284	1	9	4	0.373189	0
1.289	1	7	9	0.494844	0
1.29	1	2	10	2.39505	0
1.291	1	10	11	0.354297	0
1.292	1	1	12	5.38885	0
1.295	1	5	15	0.862216	0
1.296	1	8	16	0.439906	0
1.321	1	6	1	0.526255	0
1.322	1	3	2	1.34721	0
1.323	1	4	3	1.34721	0
1.324	1	9	4	0.373189	0
1.329	1	7	9	0.494844	0
1.33	1	2	10	2.39505	0
1.331	1	10	11	0.354297	0
1.332	1	1	12	5.38885	0
1.335	1	5	15	0.862216	0
1.336	1	8	16	0.439906	0
1.361	1	6	1	0.526255	0
1.362	1	3	2	1.34721	0
1.363	1	4	3	1.34721	0
1.364	1	9	4	0.373189	0
1.369	1	7	9	0.494844	0
1.37	1	2	10	2.39505	0
1.371	1	10	11	0.354297	0
1.372	1	1	12	5.38885	0
1.375	1	5	15	0.862216	0
1.376	1	8	16	0.439906	0
1.401	1	6	1	0.526255	0
1.402	1	3	2	1.34721	0
1.403	1	4	3	1.34721	0
1.404	1	9	4	0.373189	0
1.409	1	7	9	0.494844	0
1.41	1	2	10	2.39505	0
1.411	1	10	11	0.354297	0
1.412	1	1	12	5.38885	0
1.415	1	5	15	0.862216	0
1.416	1	8	16	0.439906	0
1.441	1	6	1	0.526255	0
1.442	1	3	2	1.34721	0
1.443	1	4	3	1.34721	0
1.444	1	9	4	0.373189	0
1.449	1	7	9	0.494844	0
1.45	1	2	10	2.39505	0
1.451	1	10	11	0.354297	0
1.452	1	1	12	5.38885	0
1.455	1	5	15	0.862216	0
1.456	1	8	16	0.439906	0
1.481	1	6	1	0.526255	0
1.482	1	3	2	1.34721	0
1.483	1	4	3	1.34721	0
1.484	1	9	4	0.373189	0
1.489	1	7	9	0.494844	0
1.49	1	2	10	2.39505	0
1.491	1	10	11	0.354297	0
1.492	1	1	12	5.38885	0
1.495	1	5	15	0.862216	0
1.496	1	8	16	0.439906	0
1.521	1	6	1	0.526255	0
1.522	1	3	2	1.34721	0
1.523	1	4	3	1.34721	0
1.524	1	9	4	0.373189	0
1.529	1	7	9	0.494844	0
1.53	1	2	10	2.39505	0
1.531	1	10	11	0.354297	0
1.532	1	1	12	5.38885	0
1.535	1	5	15	0.862216	0
1.536	1	8	16	0.439906	0
1.561	1	6	1	0.526255	0
1.562	1	3	2	1.34721	0
1.563	1	4	3	1.34721	0
1.564	1	9	4	0.373189	0
1.569	1	7	9	0.494844	0
1.57	1	2	10	2.39505	0
1.571	1	10	11	0.354297	0
1.572	1	1	12	5.38885	0
1.575	1	5	15	0.862216	0
1.576	1	8	16	0.439906	0
1.601	1	6	1	0.526255	0
1.602	1	3	2	1.34721	0
1.603	1	4	3	1.34721	0
1.604	1	9	4	0.373189	0
1.609	1	7	9	0.494844	0
1.61	1	2	10	2.39505	0
1.611	1	10	11	0.354297	0
1.612	1	1	12	5.38885	0
1.615	1	5	15	0.862216	0
1.616	1	8	16	0.439906	0
1.641	1	6	1	0.526255	0
1.642	1	3	2	1.34721	0
1.643	1	4	3	1.34721	0
1.644	1	9	4	0.373189	0
1.649	1	7	9	0.494844	0
1.65	1	2	10	2.39505	0
1.651	1	10	11	0.354297	0
1.652	1	1	12	5.38885	0
1.655	1	5	15	0.862216	0
1.656	1	8	16	0.439906	0
1.681	1	6	1	0.526255	0
1.682	1	3	2	1.34721	0
1.683	1	4	3	1.34721	0
1.684	1	9	4	0.373189	0
1.689	1	7	9	0.494844	0
1.69	1	2	10	2.39505	0
1.691	1	10	11	0.354297	0
1.692	1	1	12	5.38885	0
1.695	1	5	15	0.862216	0
1.696	1	8	16	0.439906	0
1.721	1	6	1	0.526255	0
1.722	1	3	2	1.34721	0
1.723	1	4	3	1.34721	0
1.724	1	9	4	0.373189	0
1.729	1	7	9	0.494844	0
1.73	1	2	10	2.39505	0
1.731	1	10	11	0.354297	0
1.732	1	1	12	5.38885	0
1.735	1	5	15	0.862216	0
1.736	1	8	16	0.439906	0
1.761	1	6	1	0.526255	0
1.762	1	3	2	1.34721	0
1.763	1	4	3	1.34721	0
1.764	1	9	4	0.373189	0
1.769	1	7	9	0.494844	0
1.77	1	2	10	2.39505	0
1.771	1	10	11	0.354297	0
1.772	1	1	12	5.38885	0
1.775	1	5	15	0.862216	0
1.776	1	8	16	0.439906	0
1.801	1	6	1	0.526255	0
1.802	1	3	2	1.34721	0
1.803	1	4	3	1.34721	0
1.804	1	9	4	0.373189	0
1.809	1	7	9	0.494844	0
1.81	1	2	10	2.39505	0
1.811	1	10	11	0.354297	0
1.812	1	1	12	5.38885	0
1.815	1	5	15	0.862216	0
1.816	1	8	16	0.439906	0
1.841	1	6	1	0.526255	0
1.842	1	3	2	1.34721	0
1.843	1	4	3	1.34721	0
1.844	1	9	4	0.373189	0
1.849	1	7	9	0.494844	0
1.85	1	2	10	2.39505	0
1.851	1	10	11	0.354297	0
1.852	1	1	12	5.38885	0
1.855	1	5	15	0.862216	0
1.856	1	8	16	0.439906	0
1.881	1	6	1	0.526255	0
1.882	1	3	2	1.34721	0
1.883	1	4	3	1.34721	0
1.884	1	9	4	0.373189	0
1.889	1	7	9	0.494844	0
1.89	1	2	10	2.39505	0
1.891	1	10	11	0.354297	0
1.892	1	1	12	5.38885	0
1.895	1	5	15	0.862216	0
1.896	1	8	16	0.439906	0
1.921	1	6	1	0.526255	0
1.922	1	3	2	1.34721	0
1.923	1	4	3	1.34721	0
1.924	1	9	4	0.373189	0
1.929	1	7	9	0.494844	0
1.93	1	2	10	2.39505	0
1.931	1	10	11	0.354297	0
1.932	1	1	12	5.38885	0
1.935	1	5	15	0.862216	0
1.936	1	8	16	0.439906	0
1.961	1	6	1	0.526255	0
1.962	1	3	2	1.34721	0
1.963	1	4	3	1.34721	0
1.964	1	9	4	0.373189	0
1.969	1	7	9	0.494844	0
1.97	1	2	10	2.39505	0
1.971	1	10	11	0.354297	0
1.972	1	1	12	5.38885	0
1.975	1	5	15	0.862216	0
1.976	1	8	16	0.439906	0
2.001	1	6	1	0.526255	0
2.002	1	3	2	1.34721	0
2.003	1	4	3	1.34721	0
2.004	1	9	4	0.373189	0
2.009	1	7	9	0.494844	0
2.01	1	2	10	2.39505	0
2.011	1	10	11	0.354297	0
2.012	1	1	12	5.38885	0
2.015	1	5	15	0.862216	0
2.016	1	8	16	0.439906	0
2.041	1	6	1	0.526255	0
2.042	1	3	2	1.34721	0
2.043	1	4	3	1.34721	0
2.044	1	9	4	0.373189	0
2.049	1	7	9	0.494844	0
2.05	1	2	10	2.39505	0
2.051	1	10	11	0.354297	0
2.052	1	1	12	5.38885	0
2.055	1	5	15	0.862216	0
2.056	1	8	16	0.439906	0
2.081	1	6	1	0.526255	0
2.082	1	3	2	1.34721	0
2.083	1	4	3	1.34721	0
2.084	1	9	4	0.373189	0
2.089	1	7	9	0.494844	0
2.09	1	2	10	2.39505	0
2.091	1	10	11	0.354297	0
2.092	1	1	12	5.38885	0
2.095	1	5	15	0.862216	0
2.096	1	8	16	0.439906	0
2.121	1	6	1	0.526255	0
2.122	1	3	2	1.34721	0
2.123	1	4	3	1.34721	0
2.124	1	9	4	0.373189	0
2.129	1	7	9	0.494844	0
2.13	1	2	10	2.39505	0
2.131	1	10	11	0.354297	0
2.132	1	1	12	5.38885	0
2.135	1	5	15	0.862216	0
2.136	1	8	16	0.439906	0
2.161	1	6	1	0.526255	0
2.162	1	3	2	1.34721	0
2.163	1	4	3	1.34721	0
2.164	1	9	4	0.373189	0
2.169	1	7	9	0.494844	0
2.17	1	2	10	2.39505	0
2.171	1	10	11	0.354297	0
2.172	1	1	12	5.38885	0
2.175	1	5	15	0.862216	0
2.176	1	8	16	0.439906	0
2.201	1	6	1	0.526255	0
2.202	1	3	2	1.34721	0
2.203	1	4	3	1.34721	0
2.204	1	9	4	0.373189	0
2.209	1	7	9	0.494844	0
2.21	1	2	10	2.39505	0
2.211	1	10	11	0.354297	0
2.212	1	1	12	5.38885	0
2.215	1	5	15	0.862216	0
2.216	1	8	16	0.439906	0
2.241	1	6	1	0.526255	0
2.242	1	3	2	1.34721	0
2.243	1	4	3	1.34721	0
2.244	1	9	4	0.373189	0
2.249	1	7	9	0.494844	0
2.25	1	2	10	2.39505	0
2.251	1	10	11	0.354297	0
2.252	1	1	12	5.38885	0
2.255	1	5	15	0.862216	0
2.256	1	8	16	0.439906	0
2.281	1	6	1	0.526255	0
2.282	1	3	2	1.34721	0
2.283	1	4	3	1.34721	0
2.284	1	9	4	0.373189	0
2.289	1	7	9	0.494844	0
2.29	1	2	10	2.39505	0
2.291	1	10	11	0.354297	0
2.292	1	1	12	5.38885	0
2.295	1	5	15	0.862216	0
2.296	1	8	16	0.439906	0
2.321	1	6	1	0.526255	0
2.322	1	3	2	1.34721	0
2.323	1	4	3	1.34721	0
2.324	1	9	4	0.373189	0
2.329	1	7	9	0.494844	0
2.33	1	2	10	2.39505	0
2.331	1	10	11	0.354297	0
2.332	1	1	12	5.38885	0
2.335	1	5	15	0.862216	0
2.336	1	8	16	0.439906	0
2.361	1	6	1	0.526255	0
2.362	1	3	2	1.34721	0
2.363	1	4	3	1.34721	0
2.364	1	9	4	0.373189	0
2.369	1	7	9	0.494844	0
2.37	1	2	10	2.39505	0
2.371	1	10	11	0.354297	0
2.372	1	1	12	5.38885	0
2.375	1	5	15	0.862216	0
2.376	1	8	16	0.439906	0
2.401	1	6	1	0.526255	0
2.402	1	3	2	1.34721	0
2.403	1	4	3	1.34721	0
2.404	1	9	4	0.373189	0
2.409	1	7	9	0.494844	0
2.41	1	2	10	2.39505	0
2.411	1	10	11	0.354297	0
2.412	1	1	12	5.38885	0
2.415	1	5	15	0.862216	0
2.416	1	8	16	0.439906	0
2.441	1	6	1	0.526255	0
2.442	1	3	2	1.34721	0
2.443	1	4	3	1.34721	0
2.444	1	9	4	0.373189	0
2.449	1	7	9	0.494844	0
2.45	1	2	10	2.39505	0
2.451	1	10	11	0.354297	0
2.452	1	1	12	5.38885	0
2.455	1	5	15	0.862216	0
2.456	1	8	16	0.439906	0
2.481	1	6	1	0.526255	0
2.482	1	3	2	1.34721	0
2.483	1	4	3	1.34721	0
2.484	1	9	4	0.373189	0
2.489	1	7	9	0.494844	0
2.49	1	2	10	2.39505	0
2.491	1	10	11	0.354297	0
2.492	1	1	12	5.38885	0
2.495	1	5	15	0.862216	0
2.496	1	8	16	0.439906	0
2.521	1	6	1	0.526255	0
2.522	1	3	2	1.34721	0
2.523	1	4	3	1.34721	0
2.524	1	9	4	0.373189	0
2.529	1	7	9	0.494844	0
2.53	1	2	10	2.39505	0
2.531	1	10	11	0.354297	0
2.532	1	1	12	5.38885	0
2.535	1	5	15	0.862216	0
2.536	1	8	16	0.439906	0
2.561	1	6	1	0.526255	0
2.562	1	3	2	1.34721	0
2.563	1	4	3	1.34721	0
2.564	1	9	4	0.373189	0
2.569	1	7	9	0.494844	0
2.57	1	2	10	2.39505	0
2.571	1	10	11	0.354297	0
2.572	1	1	12	5.38885	0
2.575	1	5	15	0.862216	0
2.576	1	8	16	0.439906	0
2.601	1	6	1	0.526255	0
2.602	1	3	2	1.34721	0
2.603	1	4	3	1.34721	0
2.604	1	9	4	0.373189	0
2.609	1	7	9	0.494844	0
2.61	1	2	10	2.39505	0
2.611	1	10	11	0.354297	0
2.612	1	1	12	5.38885	0
2.615	1	5	15	0.862216	0
2.616	1	8	16	0.439906	0
2.641	1	6	1	0.526255	0
2.642	1	3	2	1.34721	0
2.643	1	4	3	1.34721	0
2.644	1	9	4	0.373189	0
2.649	1	7	9	0.494844	0
2.65	1	2	10	2.39505	0
2.651	1	10	11	0.354297	0
2.652	1	1	12	5.38885	0
2.655	1	5	15	0.862216	0
2.656	1	8	16	0.439906	0
2.681	1	6	1	0.526255	0
2.682	1	3	2	1.34721	0
2.683	1	4	3	1.34721	0
2.684	1	9	4	0.373189	0
2.689	1	7	9	0.494844	0
2.69	1	2	10	2.39505	0
2.691	1	10	11	0.354297	0
2.692	1	1	12	5.38885	0
2.695	1	5	15	0.862216	0
2.696	1	8	16	0.439906	0
2.721	1	6	1	0.526255	0
2.722	1	3	2	1.34721	0
2.723	1	4	3	1.34721	0
2.724	1	9	4	0.373189	0
2.729	1	7	9	0.494844	0
2.73	1	2	10	2.39505	0
2.731	1	10	11	0.354297	0
2.732	1	1	12	5.38885	0
2.735	1	5	15	0.862216	0
2.736	1	8	16	0.439906	0
2.761	1	6	1	0.526255	0
2.762	1	3	2	1.34721	0
2.763	1	4	3	1.34721	0
2.764	1	9	4	0.373189	0
2.769	1	7	9	0.494844	0
2.77	1	2	10	2.39505	0
2.771	1	10	11	0.354297	0
2.772	1	1	12	5.38885	0
2.775	1	5	15	0.862216	0
2.776	1	8	16	0.439906	0
2.801	1	6	1	0.526255	0
2.802	1	3	2	1.34721	0
2.803	1	4	3	1.34721	0
2.804	1	9	4	0.373189	0
2.809	1	7	9	0.494844	0
2.81	1	2	10	2.39505	0
2.811	1	10	11	0.354297	0
2.812	1	1	12	5.38885	0
2.815	1	5	15	0.862216	0
2.816	1	8	16	0.439906	0
2.841	1	6	1	0.526255	0
2.842	1	3	2	1.34721	0
2.843	1	4	3	1.34721	0
2.844	1	9	4	0.373189	0
2.849	1	7	9	0.494844	0
2.85	1	2	10	2.39505	0
2.851	1	10	11	0.354297	0
2.852	1	1	12	5.38885	0
2.855	1	5	15	0.862216	0
2.856	1	8	16	0.439906	0
2.881	1	6	1	0.526255	0
2.882	1	3	2	1.34721	0
2.883	1	4	3	1.34721	0
2.884	1	9	4	0.373189	0
2.889	1	7	9	0.494844	0
2.89	1	2	10	2.39505	0
2.891	1	10	11	0.354297	0
2.892	1	1	12	5.38885	0
2.895	1	5	15	0.862216	0
2.896	1	8	16	0.439906	0
2.921	1	6	1	0.526255	0
2.922	1	3	2	1.34721	0
2.923	1	4	3	1.34721	0
2.924	1	9	4	0.373189	0
2.929	1	7	9	0.494844	0
2.93	1	2	10	2.39505	0
2.931	1	10	11	0.354297	0
2.932	1	1	12	5.38885	0
2.935	1	5	15	0.862216	0
2.936	1	8	16	0.439906	0
2.961	1	6	1	0.526255	0
2.962	1	3	2	1.34721	0
2.963	1	4	3	1.34721	0
2.964	1	9	4	0.373189	0
2.969	1	7	9	0.494844	0
2.97	1	2	10	2.39505	0
2.971	1	10	11	0.354297	0
2.972	1	1	12	5.38885	0
2.975	1	5	15	0.862216	0
2.976	1	8	16	0.439906	0
3.001	1	6	1	0.526255	0
3.002	1	3	2	1.34721	0
3.003	1	4	3	1.34721	0
3.004	1	9	4	0.373189	0
3.009	1	7	9	0.494844	0
3.01	1	2	10	2.39505	0
3.011	1	10	11	0.354297	0
3.012	1	1	12	5.38885	0
3.015	1	5	15	0.862216	0
3.016	1	8	16	0.439906	0
3.041	1	6	1	0.526255	0
3.042	1	3	2	1.34721	0
3.043	1	4	3	1.34721	0
3.044	1	9	4	0.373189	0
3.049	1	7	9	0.494844	0
3.05	1	2	10	2.39505	0
3.051	1	10	11	0.354297	0
3.052	1	1	12	5.38885	0
3.055	1	5	15	0.862216	0
3.056	1	8	16	0.439906	0
3.081	1	6	1	0.526255	0
3.082	1	3	2	1.34721	0
3.083	1	4	3	1.34721	0
3.084	1	9	4	0.373189	0
3.089	1	7	9	0.494844	0
3.09	1	2	10	2.39505	0
3.091	1	10	11	0.354297	0
3.092	1	1	12	5.38885	0
3.095	1	5	15	0.862216	0
3.096	1	8	16	0.439906	0
3.121	1	6	1	0.526255	0
3.122	1	3	2	1.34721	0
3.123	1	4	3	1.34721	0
3.124	1	9	4	0.373189	0
3.129	1	7	9	0.494844	0
3.13	1	2	10	2.39505	0
3.131	1	10	11	0.354297	0
3.132	1	1	12	5.38885	0
3.135	1	5	15	0.862216	0
3.136	1	8	16	0.439906	0
3.161	1	6	1	0.526255	0
3.162	1	3	2	1.34721	0
3.163	1	4	3	1.34721	0
3.164	1	9	4	0.373189	0
3.169	1	7	9	0.494844	0
3.17	1	2	10	2.39505	0
3.171	1	10	11	0.354297	0
3.172	1	1	12	5.38885	0
3.175	1	5	15	0.862216	0
3.176	1	8	16	0.439906	0
3.201	1	6	1	0.526255	0
3.202	1	3	2	1.34721	0
3.203	1	4	3	1.34721	0
3.204	1	9	4	0.373189	0
3.209	1	7	9	0.494844	0
3.21	1	2	10	2.39505	0
3.211	1	10	11	0.354297	0
3.212	1	1	12	5.38885	0
3.215	1	5	15	0.862216	0
3.216	1	8	16	0.439906	0
3.241	1	6	1	0.526255	0
3.242	1	3	2	1.34721	0
3.243	1	4	3	1.34721	0
3.244	1	9	4	0.373189	0
3.249	1	7	9	0.494844	0
3.25	1	2	10	2.39505	0
3.251	1	10	11	0.354297	0
3.252	1	1	12	5.38885	0
3.255	1	5	15	0.862216	0
3.256	1	8	16	0.439906	0
3.281	1	6	1	0.526255	0
3.282	1	3	2	1.34721	0
3.283	1	4	3	1.34721	0
3.284	1	9	4	0.373189	0
3.289	1	7	9	0.494844	0
3.29	1	2	10	2.39505	0
3.291	1	10	11	0.354297	0
3.292	1	1	12	5.38885	0
3.295	1	5	15	0.862216	0
3.296	1	8	16	0.439906	0
3.321	1	6	1	0.526255	0
3.322	1	3	2	1.34721	0
3.323	1	4	3	1.34721	0
3.324	1	9	4	0.373189	0
3.329	1	7	9	0.494844	0
3.33	1	2	10	2.39505	0
3.331	1	10	11	0.354297	0
3.332	1	1	12	5.38885	0
3.335	1	5	15	0.862216	0
3.336	1	8	16	0.439906	0
3.361	1	6	1	0.526255	0
3.362	1	3	2	1.34721	0
3.363	1	4	3	1.34721	0
3.364	1	9	4	0.373189	0
3.369	1	7	9	0.494844	0
3.37	1	2	10	2.39505	0
3.371	1	10	11	0.354297	0
3.372	1	1	12	5.38885	0
3.375	1	5	15	0.862216	0
3.376	1	8	16	0.439906	0
3.401	1	6	1	0.526255	0
3.402	1	3	2	1.34721	0
3.403	1	4	3	1.34721	0
3.404	1	9	4	0.373189	0
3.409	1	7	9	0.494844	0
3.41	1	2	10	2.39505	0
3.411	1	10	11	0.354297	0
3.412	1	1	12	5.38885	0
3.415	1	5	15	0.862216	0
3.416	1	8	16	0.439906	0
3.441	1	6	1	0.526255	0
3.442	1	3	2	1.34721	0
3.443	1	4	3	1.34721	0
3.444	1	9	4	0.373189	0
3.449	1	7	9	0.494844	0
3.45	1	2	10	2.39505	0
3.451	1	10	11	0.354297	0
3.452	1	1	12	5.38885	0
3.455	1	5	15	0.862216	0
3.456	1	8	16	0.439906	0
3.481	1	6	1	0.526255	0
3.482	1	3	2	1.34721	0
3.483	1	4	3	1.34721	0
3.484	1	9	4	0.373189	0
3.489	1	7	9	0.494844	0
3.49	1	2	10	2.39505	0
3.491	1	10	11	0.354297	0
3.492	1	1	12	5.38885	0
3.495	1	5	15	0.862216	0
3.496	1	8	16	0.439906	0
3.521	1	6	1	0.526255	0
3.522	1	3	2	1.34721	0
3.523	1	4	3	1.34721	0
3.524	1	9	4	0.373189	0
3.529	1	7	9	0.494844	0
3.53	1	2	10	2.39505	0
3.531	1	10	11	0.354297	0
3.532	1	1	12	5.38885	0
3.535	1	5	15	0.862216	0
3.536	1	8	16	0.439906	0
3.561	1	6	1	0.526255	0
3.562	1	3	2	1.34721	0
3.563	1	4	3	1.34721	0
3.564	1	9	4	0.373189	0
3.569	1	7	9	0.494844	0
3.57	1	2	10	2.39505	0
3.571	1	10	11	0.354297	0
3.572	1	1	12	5.38885	0
3.575	1	5	15	0.862216	0
3.576	1	8	16	0.439906	0
3.601	1	6	1	0.526255	0
3.602	1	3	2	1.34721	0
3.603	1	4	3	1.34721	0
3.604	1	9	4	0.373189	0
3.609	1	7	9	0.494844	0
3.61	1	2	10	2.39505	0
3.611	1	10	11	0.354297	0
3.612	1	1	12	5.38885	0
3.615	1	5	15	0.862216	0
3.616	1	8	16	0.439906	0
3.641	1	6	1	0.526255	0
3.642	1	3	2	1.34721	0
3.643	1	4	3	1.34721	0
3.644	1	9	4	0.373189	0
3.649	1	7	9	0.494844	0
3.65	1	2	10	2.39505	0
3.651	1	10	11	0.354297	0
3.652	1	1	12	5.38885	0
3.655	1	5	15	0.862216	0
3.656	1	8	16	0.439906	0
3.681	1	6	1	0.526255	0
3.682	1	3	2	1.34721	0
3.683	1	4	3	1.34721	0
3.684	1	9	4	0.373189	0
3.689	1	7	9	0.494844	0
3.69	1	2	10	2.39505	0
3.691	1	10	11	0.354297	0
3.692	1	1	12	5.38885	0
3.695	1	5	15	0.862216	0
3.696	1	8	16	0.439906	0
3.721	1	6	1	0.526255	0
3.722	1	3	2	1.34721	0
3.723	1	4	3	1.34721	0
3.724	1	9	4	0.373189	0
3.729	1	7	9	0.494844	0
3.73	1	2	10	2.39505	0
3.731	1	10	11	0.354297	0
3.732	1	1	12	5.38885	0
3.735	1	5	15	0.862216	0
3.736	1	8	16	0.439906	0
3.761	1	6	1	0.526255	0
3.762	1	3	2	1.34721	0
3.763	1	4	3	1.34721	0
3.764	1	9	4	0.373189	0
3.769	1	7	9	0.494844	0
3.77	1	2	10	2.39505	0
3.771	1	10	11	0.354297	0
3.772	1	1	12	5.38885	0
3.775	1	5	15	0.862216	0
3.776	1	8	16	0.439906	0
3.801	1	6	1	0.526255	0
3.802	1	3	2	1.34721	0
3.803	1	4	3	1.34721	0
3.804	1	9	4	0.373189	0
3.809	1	7	9	0.494844	0
3.81	1	2	10	2.39505	0
3.811	1	10	11	0.354297	0
3.812	1	1	12	5.38885	0
3.815	1	5	15	0.862216	0
3.816	1	8	16	0.439906	0
3.841	1	6	1	0.526255	0
3.842	1	3	2	1.34721	0
3.843	1	4	3	1.34721	0
3.844	1	9	4	0.373189	0
3.849	1	7	9	0.494844	0
3.85	1	2	10	2.39505	0
3.851	1	10	11	0.354297	0
3.852	1	1	12	5.38885	0
3.855	1	5	15	0.862216	0
3.856	1	8	16	0.439906	0
3.881	1	6	1	0.526255	0
3.882	1	3	2	1.34721	0
3.883	1	4	3	1.34721	0
3.884	1	9	4	0.373189	0
3.889	1	7	9	0.494844	0
3.89	1	2	10	2.39505	0
3.891	1	10	11	0.354297	0
3.892	1	1	12	5.38885	0
3.895	1	5	15	0.862216	0
3.896	1	8	16	0.439906	0
3.921	1	6	1	0.526255	0
3.922	1	3	2	1.34721	0
3.923	1	4	3	1.34721	0
3.924	1	9	4	0.373189	0
3.929	1	7	9	0.494844	0
3.93	1	2	10	2.39505	0
3.931	1	10	11	0.354297	0
3.932	1	1	12	5.38885	0
3.935	1	5	15	0.862216	0
3.936	1	8	16	0.439906	0
3.961	1	6	1	0.526255	0
3.962	1	3	2	1.34721	0
3.963	1	4	3	1.34721	0
3.964	1	9	4	0.373189	0
3.969	1	7	9	0.494844	0
3.97	1	2	10	2.39505	0
3.971	1	10	11	0.354297	0
3.972	1	1	12	5.38885	0
3.975	1	5	15	0.862216	0
3.976	1	8	16	0.439906	0
4.001	1	6	1	0.526255	0
4.002	1	3	2	1.34721	0
4.003	1	4	3	1.34721	0
4.004	1	9	4	0.373189	0
4.009	1	7	9	0.494844	0
4.01	1	2	10	2.39505	0
4.011	1	10	11	0.354297	0
4.012	1	1	12	5.38885	0
4.015	1	5	15	0.862216	0
4.016	1	8	16	0.439906	0
4.041	1	6	1	0.526255	0
4.042	1	3	2	1.34721	0
4.043	1	4	3	1.34721	0
4.044	1	9	4	0.373189	0
4.049	1	7	9	0.494844	0
4.05	1	2	10	2.39505	0
4.051	1	10	11	0.354297	0
4.052	1	1	12	5.38885	0
4.055	1	5	15	0.862216	0
4.056	1	8	16	0.439906	0
4.081	1	6	1	0.526255	0
4.082	1	3	2	1.34721	0
4.083	1	4	3	1.34721	0
4.084	1	9	4	0.373189	0
4.089	1	7	9	0.494844	0
4.09	1	2	10	2.39505	0
4.091	1	10	11	0.354297	0
4.092	1	1	12	5.38885	0
4.095	1	5	15	0.862216	0
4.096	1	8	16	0.439906	0
4.121	1	6	1	0.526255	0
4.122	1	3	2	1.34721	0
4.123	1	4	3	1.34721	0
4.124	1	9	4	0.373189	0
4.129	1	7	9	0.494844	0
4.13	1	2	10	2.39505	0
4.131	1	10	11	0.354297	0
4.132	1	1	12	5.38885	0
4.135	1	5	15	0.862216	0
4.136	1	8	16	0.439906	0
4.161	1	6	1	0.526255	0
4.162	1	3	2	1.34721	0
4.163	1	4	3	1.34721	0
4.164	1	9	4	0.373189	0
4.169	1	7	9	0.494844	0
4.17	1	2	10	2.39505	0
4.171	1	10	11	0.354297	0
4.172	1	1	12	5.38885	0
4.175	1	5	15	0.862216	0
4.176	1	8	16	0.439906	0
4.201	1	6	1	0.526255	0
4.202	1	3	2	1.34721	0
4.203	1	4	3	1.34721	0
4.204	1	9	4	0.373189	0
4.209	1	7	9	0.494844	0
4.21	1	2	10	2.39505	0
4.211	1	10	11	0.354297	0
4.212	1	1	12	5.38885	0
4.215	1	5	15	0.862216	0
4.216	1	8	16	0.439906	0
4.241	1	6	1	0.526255	0
4.242	1	3	2	1.34721	0
4.243	1	4	3	1.34721	0
4.244	1	9	4	0.373189	0
4.249	1	7	9	0.494844	0
4.25	1	2	10	2.39505	0
4.251	1	10	11	0.354297	0
4.252	1	1	12	5.38885	0
4.255	1	5	15	0.862216	0
4.256	1	8	16	0.439906	0
4.281	1	6	1	0.526255	0
4.282	1	3	2	1.34721	0
4.283	1	4	3	1.34721	0
4.284	1	9	4	0.373189	0
4.289	1	7	9	0.494844	0
4.29	1	2	10	2.39505	0
4.291	1	10	11	0.354297	0
4.292	1	1	12	5.38885	0
4.295	1	5	15	0.862216	0
4.296	1	8	16	0.439906	0
4.321	1	6	1	0.526255	0
4.322	1	3	2	1.34721	0
4.323	1	4	3	1.34721	0
4.324	1	9	4	0.373189	0
4.329	1	7	9	0.494844	0
4.33	1	2	10	2.39505	0
4.331	1	10	11	0.354297	0
4.332	1	1	12	5.38885	0
4.335	1	5	15	0.862216	0
4.336	1	8	16	0.439906	0
4.361	1	6	1	0.526255	0
4.362	1	3	2	1.34721	0
4.363	1	4	3	1.34721	0
4.364	1	9	4	0.373189	0
4.369	1	7	9	0.494844	0
4.37	1	2	10	2.39505	0
4.371	1	10	11	0.354297	0
4.372	1	1	12	5.38885	0
4.375	1	5	15	0.862216	0
4.376	1	8	16	0.439906	0
4.401	1	6	1	0.526255	0
4.402	1	3	2	1.34721	0
4.403	1	4	3	1.34721	0
4.404	1	9	4	0.373189	0
4.409	1	7	9	0.494844	0
4.41	1	2	10	2.39505	0
4.411	1	10	11	0.354297	0
4.412	1	1	12	5.38885	0
4.415	1	5	15	0.862216	0
4.416	1	8	16	0.439906	0
4.441	1	6	1	0.526255	0
4.442	1	3	2	1.34721	0
4.443	1	4	3	1.34721	0
4.444	1	9	4	0.373189	0
4.449	1	7	9	0.494844	0
4.45	1	2	10	2.39505	0
4.451	1	10	11	0.354297	0
4.452	1	1	12	5.38885	0
4.455	1	5	15	0.862216	0
4.456	1	8	16	0.439906	0
4.481	1	6	1	0.526255	0
4.482	1	3	2	1.34721	0
4.483	1	4	3	1.34721	0
4.484	1	9	4	0.373189	0
4.489	1	7	9	0.494844	0
4.49	1	2	10	2.39505	0
4.491	1	10	11	0.354297	0
4.492	1	1	12	5.38885	0
4.495	1	5	15	0.862216	0
4.496	1	8	16	0.439906	0
4.521	1	6	1	0.526255	0
4.522	1	3	2	1.34721	0
4.523	1	4	3	1.34721	0
4.524	1	9	4	0.373189	0
4.529	1	7	9	0.494844	0
4.53	1	2	10	2.39505	0
4.531	1	10	11	0.354297	0
4.532	1	1	12	5.38885	0
4.535	1	5	15	0.862216	0
4.536	1	8	16	0.439906	0
4.561	1	6	1	0.526255	0
4.562	1	3	2	1.34721	0
4.563	1	4	3	1.34721	0
4.564	1	9	4	0.373189	0
4.569	1	7	9	0.494844	0
4.57	1	2	10	2.39505	0
4.571	1	10	11	0.354297	0
4.572	1	1	12	5.38885	0
4.575	1	5	15	0.862216	0
4.576	1	8	16	0.439906	0
4.601	1	6	1	0.526255	0
4.602	1	3	2	1.34721	0
4.603	1	4	3	1.34721	0
4.604	1	9	4	0.373189	0
4.609	1	7	9	0.494844	0
4.61	1	2	10	2.39505	0
4.611	1	10	11	0.354297	0
4.612	1	1	12	5.38885	0
4.615	1	5	15	0.862216	0
4.616	1	8	16	0.439906	0
4.641	1	6	1	0.526255	0
4.642	1	3	2	1.34721	0
4.643	1	4	3	1.34721	0
4.644	1	9	4	0.373189	0
4.649	1	7	9	0.494844	0
4.65	1	2	10	2.39505	0
4.651	1	10	11	0.354297	0
4.652	1	1	12	5.38885	0
4.655	1	5	15	0.862216	0
4.656	1	8	16	0.439906	0
4.681	1	6	1	0.526255	0
4.682	1	3	2	1.34721	0
4.683	1	4	3	1.34721	0
4.684	1	9	4	0.373189	0
4.689	1	7	9	0.494844	0
4.69	1	2	10	2.39505	0
4.691	1	10	11	0.354297	0
4.692	1	1	12	5.38885	0
4.695	1	5	15	0.862216	0
4.696	1	8	16	0.439906	0
4.721	1	6	1	0.526255	0
4.722	1	3	2	1.34721	0
4.723	1	4	3	1.34721	0
4.724	1	9	4	0.373189	0
4.729	1	7	9	0.494844	0
4.73	1	2	10	2.39505	0
4.731	1	10	11	0.354297	0
4.732	1	1	12	5.38885	0
4.735	1	5	15	0.862216	0
4.736	1	8	16	0.439906	0
4.761	1	6	1	0.526255	0
4.762	1	3	2	1.34721	0
4.763	1	4	3	1.34721	0
4.764	1	9	4	0.373189	0
4.769	1	7	9	0.494844	0
4.77	1	2	10	2.39505	0
4.771	1	10	11	0.354297	0
4.772	1	1	12	5.38885	0
4.775	1	5	15	0.862216	0
4.776	1	8	16	0.439906	0
4.801	1	6	1	0.526255	0
4.802	1	3	2	1.34721	0
4.803	1	4	3	1.34721	0
4.804	1	9	4	0.373189	0
4.809	1	7	9	0.494844	0
4.81	1	2	10	2.39505	0
4.811	1	10	11	0.354297	0
4.812	1	1	12	5.38885	0
4.815	1	5	15	0.862216	0
4.816	1	8	16	0.439906	0
4.841	1	6	1	0.526255	0
4.842	1	3	2	1.34721	0
4.843	1	4	3	1.34721	0
4.844	1	9	4	0.373189	0
4.849	1	7	9	0.494844	0
4.85	1	2	10	2.39505	0
4.851	1	10	11	0.354297	0
4.852	1	1	12	5.38885	0
4.855	1	5	15	0.862216	0
4.856	1	8	16	0.439906	0
4.881	1	6	1	0.526255	0
4.882	1	3	2	1.34721	0
4.883	1	4	3	1.34721	0
4.884	1	9	4	0.373189	0
4.889	1	7	9	0.494844	0
4.89	1	2	10	2.39505	0
4.891	1	10	11	0.354297	0
4.892	1	1	12	5.38885	0
4.895	1	5	15	0.862216	0
4.896	1	8	16	0.439906	0
4.921	1	6	1	0.526255	0
4.922	1	3	2	1.34721	0
4.923	1	4	3	1.34721	0
4.924	1	9	4	0.373189	0
4.929	1	7	9	0.494844	0
4.93	1	2	10	2.39505	0
4.931	1	10	11	0.354297	0
4.932	1	1	12	5.38885	0
4.935	1	5	15	0.862216	0
4.936	1	8	16	0.439906	0
4.961	1	6	1	0.526255	0
4.962	1	3	2	1.34721	0
4.963	1	4	3	1.34721	0
4.964	1	9	4	0.373189	0
4.969	1	7	9	0.494844	0
4.97	1	2	10	2.39505	0
4.971	1	10	11	0.354297	0
4.972	1	1	12	5.38885	0
4.975	1	5	15	0.862216	0
4.976	1	8	16	0.439906	0
5.001	1	6	1	0.526255	0
5.002	1	3	2	1.34721	0
5.003	1	4	3	1.34721	0
5.004	1	9	4	0.373189	0
5.009	1	7	9	0.494844	0
5.01	1	2	10	2.39505	0
5.011	1	10	11	0.354297	0
5.012	1	1	12	5.38885	0
5.015	1	5	15	0.862216	0
5.016	1	8	16	0.439906	0
5.041	1	6	1	0.526255	0
5.042	1	3	2	1.34721	0
5.043	1	4	3	1.34721	0
5.044	1	9	4	0.373189	0
5.049	1	7	9	0.494844	0
5.05	1	2	10	2.39505	0
5.051	1	10	11	0.354297	0
5.052	1	1	12	5.38885	0
5.055	1	5	15	0.862216	0
5.056	1	8	16	0.439906	0
5.081	1	6	1	0.526255	0
5.082	1	3	2	1.34721	0
5.083	1	4	3	1.34721	0
5.084	1	9	4	0.373189	0
5.089	1	7	9	0.494844	0
5.09	1	2	10	2.39505	0
5.091	1	10	11	0.354297	0
5.092	1	1	12	5.38885	0
5.095	1	5	15	0.862216	0
5.096	1	8	16	0.439906	0
5.121	1	6	1	0.526255	0
5.122	1	3	2	1.34721	0
5.123	1	4	3	1.34721	0
5.124	1	9	4	0.373189	0
5.129	1	7	9	0.494844	0
5.13	1	2	10	2.39505	0
5.131	1	10	11	0.354297	0
5.132	1	1	12	5.38885	0
5.135	1	5	15	0.862216	0
5.136	1	8	16	0.439906	0
5.161	1	6	1	0.526255	0
5.162	1	3	2	1.34721	0
5.163	1	4	3	1.34721	0
5.164	1	9	4	0.373189	0
5.169	1	7	9	0.494844	0
5.17	1	2	10	2.39505	0
5.171	1	10	11	0.354297	0
5.172	1	1	12	5.38885	0
5.175	1	5	15	0.862216	0
5.176	1	8	16	0.439906	0
5.201	1	6	1	0.526255	0
5.202	1	3	2	1.34721	0
5.203	1	4	3	1.34721	0
5.204	1	9	4	0.373189	0
5.209	1	7	9	0.494844	0
5.21	1	2	10	2.39505	0
5.211	1	10	11	0.354297	0
5.212	1	1	12	5.38885	0
5.215	1	5	15	0.862216	0
5.216	1	8	16	0.439906	0
5.241	1	6	1	0.526255	0
5.242	1	3	2	1.34721	0
5.243	1	4	3	1.34721	0
5.244	1	9	4	0.373189	0
5.249	1	7	9	0.494844	0
5.25	1	2	10	2.39505	0
5.251	1	10	11	0.354297	0
5.252	1	1	12	5.38885	0
5.255	1	5	15	0.862216	0
5.256	1	8	16	0.439906	0
5.281	1	6	1	0.526255	0
5.282	1	3	2	1.34721	0
5.283	1	4	3	1.34721	0
5.284	1	9	4	0.373189	0
5.289	1	7	9	0.494844	0
5.29	1	2	10	2.39505	0
5.291	1	10	11	0.354297	0
5.292	1	1	12	5.38885	0
5.295	1	5	15	0.862216	0
5.296	1	8	16	0.439906	0
5.321	1	6	1	0.526255	0
5.322	1	3	2	1.34721	0
5.323	1	4	3	1.34721	0
5.324	1	9	4	0.373189	0
5.329	1	7	9	0.494844	0
5.33	1	2	10	2.39505	0
5.331	1	10	11	0.354297	0
5.332	1	1	12	5.38885	0
5.335	1	5	15	0.862216	0
5.336	1	8	16	0.439906	0
5.361	1	6	1	0.526255	0
5.362	1	3	2	1.34721	0
5.363	1	4	3	1.34721	0
5.364	1	9	4	0.373189	0
5.369	1	7	9	0.494844	0
5.37	1	2	10	2.39505	0
5.371	1	10	11	0.354297	0
5.372	1	1	12	5.38885	0
5.375	1	5	15	0.862216	0
5.376	1	8	16	0.439906	0
5.401	1	6	1	0.526255	0
5.402	1	3	2	1.34721	0
5.403	1	4	3	1.34721	0
5.404	1	9	4	0.373189	0
5.409	1	7	9	0.494844	0
5.41	1	2	10	2.39505	0
5.411	1	10	11	0.354297	0
5.412	1	1	12	5.38885	0
5.415	1	5	15	0.862216	0
5.416	1	8	16	0.439906	0
5.441	1	6	1	0.526255	0
5.442	1	3	2	1.34721	0
5.443	1	4	3	1.34721	0
5.444	1	9	4	0.373189	0
5.449	1	7	9	0.494844	0
5.45	1	2	10	2.39505	0
5.451	1	10	11	0.354297	0
5.452	1	1	12	5.38885	0
5.455	1	5	15	0.862216	0
5.456	1	8	16	0.439906	0
5.481	1	6	1	0.526255	0
5.482	1	3	2	1.34721	0
5.483	1	4	3	1.34721	0
5.484	1	9	4	0.373189	0
5.489	1	7	9	0.494844	0
5.49	1	2	10	2.39505	0
5.491	1	10	11	0.354297	0
5.492	1	1	12	5.38885	0
5.495	1	5	15	0.862216	0
5.496	1	8	16	0.439906	0
5.521	1	6	1	0.526255	0
5.522	1	3	2	1.34721	0
5.523	1	4	3	1.34721	0
5.524	1	9	4	0.373189	0
5.529	1	7	9	0.494844	0
5.53	1	2	10	2.39505	0
5.531	1	10	11	0.354297	0
5.532	1	1	12	5.38885	0
5.535	1	5	15	0.862216	0
5.536	1	8	16	0.439906	0
5.561	1	6	1	0.526255	0
5.562	1	3	2	1.34721	0
5.563	1	4	3	1.34721	0
5.564	1	9	4	0.373189	0
5.569	1	7	9	0.494844	0
5.57	1	2	10	2.39505	0
5.571	1	10	11	0.354297	0
5.572	1	1	12	5.38885	0
5.575	1	5	15	0.862216	0
5.576	1	8	16	0.439906	0
5.601	1	6	1	0.526255	0
5.602	1	3	2	1.34721	0
5.603	1	4	3	1.34721	0
5.604	1	9	4	0.373189	0
5.609	1	7	9	0.494844	0
5.61	1	2	10	2.39505	0
5.611	1	10	11	0.354297	0
5.612	1	1	12	5.38885	0
5.615	1	5	15	0.862216	0
5.616	1	8	16	0.439906	0
5.641	1	6	1	0.526255	0
5.642	1	3	2	1.34721	0
5.643	1	4	3	1.34721	0
5.644	1	9	4	0.373189	0
5.649	1	7	9	0.494844	0
5.65	1	2	10	2.39505	0
5.651	1	10	11	0.354297	0
5.652	1	1	12	5.38885	0
5.655	1	5	15	0.862216	0
5.656	1	8	16	0.439906	0
5.681	1	6	1	0.526255	0
5.682	1	3	2	1.34721	0
5.683	1	4	3	1.34721	0
5.684	1	9	4	0.373189	0
5.689	1	7	9	0.494844	0
5.69	1	2	10	2.39505	0
5.691	1	10	11	0.354297	0
5.692	1	1	12	5.38885	0
5.695	1	5	15	0.862216	0
5.696	1	8	16	0.439906	0
5.721	1	6	1	0.526255	0
5.722	1	3	2	1.34721	0
5.723	1	4	3	1.34721	0
5.724	1	9	4	0.373189	0
5.729	1	7	9	0.494844	0
5.73	1	2	10	2.39505	0
5.731	1	10	11	0.354297	0
5.732	1	1	12	5.38885	0
5.735	1	5	15	0.862216	0
5.736	1	8	16	0.439906	0
5.761	1	6	1	0.526255	0
5.762	1	3	2	1.34721	0
5.763	1	4	3	1.34721	0
5.764	1	9	4	0.373189	0
5.769	1	7	9	0.494844	0
5.77	1	2	10	2.39505	0
5.771	1	10	11	0.354297	0
5.772	1	1	12	5.38885	0
5.775	1	5	15	0.862216	0
5.776	1	8	16	0.439906	0
5.801	1	6	1	0.526255	0
5.802	1	3	2	1.34721	0
5.803	1	4	3	1.34721	0
5.804	1	9	4	0.373189	0
5.809	1	7	9	0.494844	0
5.81	1	2	10	2.39505	0
5.811	1	10	11	0.354297	0
5.812	1	1	12	5.38885	0
5.815	1	5	15	0.862216	0
5.816	1	8	16	0.439906	0
5.841	1	6	1	0.526255	0
5.842	1	3	2	1.34721	0
5.843	1	4	3	1.34721	0
5.844	1	9	4	0.373189	0
5.849	1	7	9	0.494844	0
5.85	1	2	10	2.39505	0
5.851	1	10	11	0.354297	0
5.852	1	1	12	5.38885	0
5.855	1	5	15	0.862216	0
5.856	1	8	16	0.439906	0
5.881	1	6	1	0.526255	0
5.882	1	3	2	1.34721	0
5.883	1	4	3	1.34721	0
5.884	1	9	4	0.373189	0
5.889	1	7	9	0.494844	0
5.89	1	2	10	2.39505	0
5.891	1	10	11	0.354297	0
5.892	1	1	12	5.38885	0
5.895	1	5	15	0.862216	0
5.896	1	8	16	0.439906	0
5.921	1	6	1	0.526255	0
5.922	1	3	2	1.34721	0
5.923	1	4	3	1.34721	0
5.924	1	9	4	0.373189	0
5.929	1	7	9	0.494844	0
5.93	1	2	10	2.39505	0
5.931	1	10	11	0.354297	0
5.932	1	1	12	5.38885	0
5.935	1	5	15	0.862216	0
5.936	1	8	16	0.439906	0
5.961	1	6	1	0.526255	0
5.962	1	3	2	1.34721	0
5.963	1	4	3	1.34721	0
5.964	1	9	4	0.373189	0
5.969	1	7	9	0.494844	0
5.97	1	2	10	2.39505	0
5.971	1	10	11	0.354297	0
5.972	1	1	12	5.38885	0
5.975	1	5	15	0.862216	0
5.976	1	8	16	0.439906	0
6.001	1	6	1	0.526255	0
6.002	1	3	2	1.34721	0
6.003	1	4	3	1.34721	0
6.004	1	9	4	0.373189	0
6.009	1	7	9	0.494844	0
6.01	1	2	10	2.39505	0
6.011	1	10	11	0.354297	0
6.012	1	1	12	5.38885	0
6.015	1	5	15	0.862216	0
6.016	1	8	16	0.439906	0
6.041	1	6	1	0.526255	0
6.042	1	3	2	1.34721	0
6.043	1	4	3	1.34721	0
6.044	1	9	4	0.373189	0
6.049	1	7	9	0.494844	0
6.05	1	2	10	2.39505	0
6.051	1	10	11	0.354297	0
6.052	1	1	12	5.38885	0
6.055	1	5	15	0.862216	0
6.056	1	8	16	0.439906	0
6.081	1	6	1	0.526255	0
6.082	1	3	2	1.34721	0
6.083	1	4	3	1.34721	0
6.084	1	9	4	0.373189	0
6.089	1	7	9	0.494844	0
6.09	1	2	10	2.39505	0
6.091	1	10	11	0.354297	0
6.092	1	1	12	5.38885	0
6.095	1	5	15	0.862216	0
6.096	1	8	16	0.439906	0
6.121	1	6	1	0.526255	0
6.122	1	3	2	1.34721	0
6.123	1	4	3	1.34721	0
6.124	1	9	4	0.373189	0
6.129	1	7	9	0.494844	0
6.13	1	2	10	2.39505	0
6.131	1	10	11	0.354297	0
6.132	1	1	12	5.38885	0
6.135	1	5	15	0.862216	0
6.136	1	8	16	0.439906	0
6.161	1	6	1	0.526255	0
6.162	1	3	2	1.34721	0
6.163	1	4	3	1.34721	0
6.164	1	9	4	0.373189	0
6.169	1	7	9	0.494844	0
6.17	1	2	10	2.39505	0
6.171	1	10	11	0.354297	0
6.172	1	1	12	5.38885	0
6.175	1	5	15	0.862216	0
6.176	1	8	16	0.439906	0
6.201	1	6	1	0.526255	0
6.202	1	3	2	1.34721	0
6.203	1	4	3	1.34721	0
6.204	1	9	4	0.373189	0
6.209	1	7	9	0.494844	0
6.21	1	2	10	2.39505	0
6.211	1	10	11	0.354297	0
6.212	1	1	12	5.38885	0
6.215	1	5	15	0.862216	0
6.216	1	8	16	0.439906	0
6.241	1	6	1	0.526255	0
6.242	1	3	2	1.34721	0
6.243	1	4	3	1.34721	0
6.244	1	9	4	0.373189	0
6.249	1	7	9	0.494844	0
6.25	1	2	10	2.39505	0
6.251	1	10	11	0.354297	0
6.252	1	1	12	5.38885	0
6.255	1	5	15	0.862216	0
6.256	1	8	16	0.439906	0
6.281	1	6	1	0.526255	0
6.282	1	3	2	1.34721	0
6.283	1	4	3	1.34721	0
6.284	1	9	4	0.373189	0
6.289	1	7	9	0.494844	0
6.29	1	2	10	2.39505	0
6.291	1	10	11	0.354297	0
6.292	1	1	12	5.38885	0
6.295	1	5	15	0.862216	0
6.296	1	8	16	0.439906	0
