% time	cellId	IMSI	frame	sframe	RNTI	mcsTb1	sizeTb1	mcsTb2	sizeTb2	ccId
4	1	3	401	1	1	28	549	0	0	0
4.001	1	3	401	2	1	28	549	0	0	0
4.002	1	3	401	3	1	28	549	0	0	0
4.003	1	3	401	4	1	28	549	0	0	0
4.004	1	3	401	5	1	28	549	0	0	0
4.005	1	3	401	6	1	28	549	0	0	0
4.006	1	3	401	7	1	28	549	0	0	0
4.007	1	3	401	8	1	28	549	0	0	0
4.008	1	3	401	9	1	28	549	0	0	0
4.009	1	3	401	10	1	28	549	0	0	0
4.01	1	3	402	1	1	28	549	0	0	0
4.011	1	3	402	2	1	28	549	0	0	0
4.012	1	3	402	3	1	28	549	0	0	0
4.013	1	3	402	4	1	28	549	0	0	0
4.014	1	3	402	5	1	28	549	0	0	0
4.015	1	3	402	6	1	28	549	0	0	0
4.016	1	3	402	7	1	28	549	0	0	0
4.017	1	3	402	8	1	28	549	0	0	0
4.018	1	3	402	9	1	28	549	0	0	0
4.019	1	3	402	10	1	28	549	0	0	0
4.02	1	3	403	1	1	28	549	0	0	0
4.021	1	3	403	2	1	28	549	0	0	0
4.022	1	3	403	3	1	28	549	0	0	0
4.023	1	3	403	4	1	28	549	0	0	0
4.024	1	3	403	5	1	28	549	0	0	0
4.025	1	3	403	6	1	28	549	0	0	0
4.026	1	3	403	7	1	28	549	0	0	0
4.027	1	3	403	8	1	28	549	0	0	0
4.028	1	3	403	9	1	28	549	0	0	0
4.029	1	3	403	10	1	28	549	0	0	0
4.03	1	3	404	1	1	28	549	0	0	0
4.031	1	3	404	2	1	28	549	0	0	0
4.032	1	3	404	3	1	28	549	0	0	0
4.033	1	3	404	4	1	28	549	0	0	0
4.034	1	3	404	5	1	28	549	0	0	0
4.035	1	3	404	6	1	28	549	0	0	0
4.036	1	3	404	7	1	28	549	0	0	0
4.037	1	3	404	8	1	28	549	0	0	0
4.038	1	3	404	9	1	28	549	0	0	0
4.039	1	3	404	10	1	28	549	0	0	0
4.04	1	3	405	1	1	28	549	0	0	0
4.041	1	3	405	2	1	28	549	0	0	0
4.042	1	3	405	3	1	28	549	0	0	0
4.043	1	3	405	4	1	28	549	0	0	0
4.044	1	3	405	5	1	28	549	0	0	0
4.045	1	3	405	6	1	28	549	0	0	0
4.046	1	3	405	7	1	28	549	0	0	0
4.047	1	3	405	8	1	28	549	0	0	0
4.048	1	3	405	9	1	28	549	0	0	0
4.049	1	3	405	10	1	28	549	0	0	0
4.05	1	3	406	1	1	28	549	0	0	0
4.051	1	3	406	2	1	28	549	0	0	0
4.052	1	3	406	3	1	28	549	0	0	0
4.053	1	3	406	4	1	28	549	0	0	0
4.054	1	3	406	5	1	28	549	0	0	0
4.055	1	3	406	6	1	28	549	0	0	0
4.056	1	3	406	7	1	28	549	0	0	0
4.057	1	3	406	8	1	28	549	0	0	0
4.058	1	3	406	9	1	28	549	0	0	0
4.059	1	3	406	10	1	28	549	0	0	0
4.06	1	3	407	1	1	28	549	0	0	0
4.061	1	3	407	2	1	28	549	0	0	0
4.062	1	3	407	3	1	28	549	0	0	0
4.063	1	3	407	4	1	28	549	0	0	0
4.064	1	3	407	5	1	28	549	0	0	0
4.065	1	3	407	6	1	28	549	0	0	0
4.066	1	3	407	7	1	28	549	0	0	0
4.067	1	3	407	8	1	28	549	0	0	0
4.068	1	3	407	9	1	28	549	0	0	0
4.069	1	3	407	10	1	28	549	0	0	0
4.07	1	3	408	1	1	28	549	0	0	0
4.071	1	3	408	2	1	28	549	0	0	0
4.072	1	3	408	3	1	28	549	0	0	0
4.073	1	3	408	4	1	28	549	0	0	0
4.074	1	3	408	5	1	28	549	0	0	0
4.075	1	3	408	6	1	28	549	0	0	0
4.076	1	3	408	7	1	28	549	0	0	0
4.077	1	3	408	8	1	28	549	0	0	0
4.078	1	3	408	9	1	28	549	0	0	0
4.079	1	3	408	10	1	28	549	0	0	0
4.08	1	3	409	1	1	28	549	0	0	0
4.081	1	3	409	2	1	28	549	0	0	0
4.082	1	3	409	3	1	28	549	0	0	0
4.083	1	3	409	4	1	28	549	0	0	0
4.084	1	3	409	5	1	28	549	0	0	0
4.085	1	3	409	6	1	28	549	0	0	0
4.086	1	3	409	7	1	28	549	0	0	0
4.087	1	3	409	8	1	28	549	0	0	0
4.088	1	3	409	9	1	28	549	0	0	0
4.089	1	3	409	10	1	28	549	0	0	0
4.09	1	3	410	1	1	28	549	0	0	0
4.091	1	3	410	2	1	28	549	0	0	0
4.092	1	3	410	3	1	28	549	0	0	0
4.093	1	3	410	4	1	28	549	0	0	0
4.094	1	3	410	5	1	28	549	0	0	0
4.095	1	3	410	6	1	28	549	0	0	0
4.096	1	3	410	7	1	28	549	0	0	0
4.097	1	3	410	8	1	28	549	0	0	0
4.098	1	3	410	9	1	28	549	0	0	0
4.099	1	3	410	10	1	28	549	0	0	0
4.1	1	3	411	1	1	28	549	0	0	0
4.101	1	3	411	2	1	28	549	0	0	0
4.102	1	3	411	3	1	28	549	0	0	0
4.103	1	3	411	4	1	28	549	0	0	0
4.104	1	3	411	5	1	28	549	0	0	0
4.105	1	3	411	6	1	28	549	0	0	0
4.106	1	3	411	7	1	28	549	0	0	0
4.107	1	3	411	8	1	28	549	0	0	0
4.108	1	3	411	9	1	28	549	0	0	0
4.109	1	3	411	10	1	28	549	0	0	0
4.11	1	3	412	1	1	28	549	0	0	0
4.111	1	3	412	2	1	28	549	0	0	0
4.112	1	3	412	3	1	28	549	0	0	0
4.113	1	3	412	4	1	28	549	0	0	0
4.114	1	3	412	5	1	28	549	0	0	0
4.115	1	3	412	6	1	28	549	0	0	0
4.116	1	3	412	7	1	28	549	0	0	0
4.117	1	3	412	8	1	28	549	0	0	0
4.118	1	3	412	9	1	28	549	0	0	0
4.119	1	3	412	10	1	28	549	0	0	0
4.12	1	3	413	1	1	28	549	0	0	0
4.121	1	3	413	2	1	28	549	0	0	0
4.122	1	3	413	3	1	28	549	0	0	0
4.123	1	3	413	4	1	28	549	0	0	0
4.124	1	3	413	5	1	28	549	0	0	0
4.125	1	3	413	6	1	28	549	0	0	0
4.126	1	3	413	7	1	28	549	0	0	0
4.127	1	3	413	8	1	28	549	0	0	0
4.128	1	3	413	9	1	28	549	0	0	0
4.129	1	3	413	10	1	28	549	0	0	0
4.13	1	3	414	1	1	28	549	0	0	0
4.131	1	3	414	2	1	28	549	0	0	0
4.132	1	3	414	3	1	28	549	0	0	0
4.133	1	3	414	4	1	28	549	0	0	0
4.134	1	3	414	5	1	28	549	0	0	0
4.135	1	3	414	6	1	28	549	0	0	0
4.136	1	3	414	7	1	28	549	0	0	0
4.137	1	3	414	8	1	28	549	0	0	0
4.138	1	3	414	9	1	28	549	0	0	0
4.139	1	3	414	10	1	28	549	0	0	0
4.14	1	3	415	1	1	28	549	0	0	0
4.141	1	3	415	2	1	28	549	0	0	0
4.142	1	3	415	3	1	28	549	0	0	0
4.143	1	3	415	4	1	28	549	0	0	0
4.144	1	3	415	5	1	28	549	0	0	0
4.145	1	3	415	6	1	28	549	0	0	0
4.146	1	3	415	7	1	28	549	0	0	0
4.147	1	3	415	8	1	28	549	0	0	0
4.148	1	3	415	9	1	28	549	0	0	0
4.149	1	3	415	10	1	28	549	0	0	0
4.15	1	3	416	1	1	28	549	0	0	0
4.151	1	3	416	2	1	28	549	0	0	0
4.152	1	3	416	3	1	28	549	0	0	0
4.153	1	3	416	4	1	28	549	0	0	0
4.154	1	3	416	5	1	28	549	0	0	0
4.155	1	3	416	6	1	28	549	0	0	0
4.156	1	3	416	7	1	28	549	0	0	0
4.157	1	3	416	8	1	28	549	0	0	0
4.158	1	3	416	9	1	28	549	0	0	0
4.159	1	3	416	10	1	28	549	0	0	0
4.16	1	3	417	1	1	28	549	0	0	0
4.161	1	3	417	2	1	28	549	0	0	0
4.162	1	3	417	3	1	28	549	0	0	0
4.163	1	3	417	4	1	28	549	0	0	0
4.164	1	3	417	5	1	28	549	0	0	0
4.165	1	3	417	6	1	28	549	0	0	0
4.166	1	3	417	7	1	28	549	0	0	0
4.167	1	3	417	8	1	28	549	0	0	0
4.168	1	3	417	9	1	28	549	0	0	0
4.169	1	3	417	10	1	28	549	0	0	0
4.17	1	3	418	1	1	28	549	0	0	0
4.171	1	3	418	2	1	28	549	0	0	0
4.172	1	3	418	3	1	28	549	0	0	0
4.173	1	3	418	4	1	28	549	0	0	0
4.174	1	3	418	5	1	28	549	0	0	0
4.175	1	3	418	6	1	28	549	0	0	0
4.176	1	3	418	7	1	28	549	0	0	0
4.177	1	3	418	8	1	28	549	0	0	0
4.178	1	3	418	9	1	28	549	0	0	0
4.179	1	3	418	10	1	28	549	0	0	0
4.18	1	3	419	1	1	28	549	0	0	0
4.181	1	3	419	2	1	28	549	0	0	0
4.182	1	3	419	3	1	28	549	0	0	0
4.183	1	3	419	4	1	28	549	0	0	0
4.184	1	3	419	5	1	28	549	0	0	0
4.185	1	3	419	6	1	28	549	0	0	0
4.186	1	3	419	7	1	28	549	0	0	0
4.187	1	3	419	8	1	28	549	0	0	0
4.188	1	3	419	9	1	28	549	0	0	0
4.189	1	3	419	10	1	28	549	0	0	0
4.19	1	3	420	1	1	28	549	0	0	0
4.191	1	3	420	2	1	28	549	0	0	0
4.192	1	3	420	3	1	28	549	0	0	0
4.193	1	3	420	4	1	28	549	0	0	0
4.194	1	3	420	5	1	28	549	0	0	0
4.195	1	3	420	6	1	28	549	0	0	0
4.196	1	3	420	7	1	28	549	0	0	0
4.197	1	3	420	8	1	28	549	0	0	0
4.198	1	3	420	9	1	28	549	0	0	0
4.199	1	3	420	10	1	28	549	0	0	0
4.2	1	3	421	1	1	28	549	0	0	0
4.201	1	3	421	2	1	28	549	0	0	0
4.202	1	3	421	3	1	28	549	0	0	0
4.203	1	3	421	4	1	28	549	0	0	0
4.204	1	3	421	5	1	28	549	0	0	0
4.205	1	3	421	6	1	28	549	0	0	0
4.206	1	3	421	7	1	28	549	0	0	0
4.207	1	3	421	8	1	28	549	0	0	0
4.208	1	3	421	9	1	28	549	0	0	0
4.209	1	3	421	10	1	28	549	0	0	0
4.21	1	3	422	1	1	28	549	0	0	0
4.211	1	3	422	2	1	28	549	0	0	0
4.212	1	3	422	3	1	28	549	0	0	0
4.213	1	3	422	4	1	28	549	0	0	0
4.214	1	3	422	5	1	28	549	0	0	0
4.215	1	3	422	6	1	28	549	0	0	0
4.216	1	3	422	7	1	28	549	0	0	0
4.217	1	3	422	8	1	28	549	0	0	0
4.218	1	3	422	9	1	28	549	0	0	0
4.219	1	3	422	10	1	28	549	0	0	0
4.22	1	3	423	1	1	28	549	0	0	0
4.221	1	3	423	2	1	28	549	0	0	0
4.222	1	3	423	3	1	28	549	0	0	0
4.223	1	3	423	4	1	28	549	0	0	0
4.224	1	3	423	5	1	28	549	0	0	0
4.225	1	3	423	6	1	28	549	0	0	0
4.226	1	3	423	7	1	28	549	0	0	0
4.227	1	3	423	8	1	28	549	0	0	0
4.228	1	3	423	9	1	28	549	0	0	0
4.229	1	3	423	10	1	28	549	0	0	0
4.23	1	3	424	1	1	28	549	0	0	0
4.231	1	3	424	2	1	28	549	0	0	0
4.232	1	3	424	3	1	28	549	0	0	0
4.233	1	3	424	4	1	28	549	0	0	0
4.234	1	3	424	5	1	28	549	0	0	0
4.235	1	3	424	6	1	28	549	0	0	0
4.236	1	3	424	7	1	28	549	0	0	0
4.237	1	3	424	8	1	28	549	0	0	0
4.238	1	3	424	9	1	28	549	0	0	0
4.239	1	3	424	10	1	28	549	0	0	0
4.24	1	3	425	1	1	28	549	0	0	0
4.241	1	3	425	2	1	28	549	0	0	0
4.242	1	3	425	3	1	28	549	0	0	0
4.243	1	3	425	4	1	28	549	0	0	0
4.244	1	3	425	5	1	28	549	0	0	0
4.245	1	3	425	6	1	28	549	0	0	0
4.246	1	3	425	7	1	28	549	0	0	0
4.247	1	3	425	8	1	28	549	0	0	0
4.248	1	3	425	9	1	28	549	0	0	0
4.249	1	3	425	10	1	28	549	0	0	0
4.25	1	3	426	1	1	28	549	0	0	0
4.251	1	3	426	2	1	28	549	0	0	0
4.252	1	3	426	3	1	28	549	0	0	0
4.253	1	3	426	4	1	28	549	0	0	0
4.254	1	3	426	5	1	28	549	0	0	0
4.255	1	3	426	6	1	28	549	0	0	0
4.256	1	3	426	7	1	28	549	0	0	0
4.257	1	3	426	8	1	28	549	0	0	0
4.258	1	3	426	9	1	28	549	0	0	0
4.259	1	3	426	10	1	28	549	0	0	0
4.26	1	3	427	1	1	28	549	0	0	0
4.261	1	3	427	2	1	28	549	0	0	0
4.262	1	3	427	3	1	28	549	0	0	0
4.263	1	3	427	4	1	28	549	0	0	0
4.264	1	3	427	5	1	28	549	0	0	0
4.265	1	3	427	6	1	28	549	0	0	0
4.266	1	3	427	7	1	28	549	0	0	0
4.267	1	3	427	8	1	28	549	0	0	0
4.268	1	3	427	9	1	28	549	0	0	0
4.269	1	3	427	10	1	28	549	0	0	0
4.27	1	3	428	1	1	28	549	0	0	0
4.271	1	3	428	2	1	28	549	0	0	0
4.272	1	3	428	3	1	28	549	0	0	0
4.273	1	3	428	4	1	28	549	0	0	0
4.274	1	3	428	5	1	28	549	0	0	0
4.275	1	3	428	6	1	28	549	0	0	0
4.276	1	3	428	7	1	28	549	0	0	0
4.277	1	3	428	8	1	28	549	0	0	0
4.278	1	3	428	9	1	28	549	0	0	0
4.279	1	3	428	10	1	28	549	0	0	0
4.28	1	3	429	1	1	28	549	0	0	0
4.281	1	3	429	2	1	28	549	0	0	0
4.282	1	3	429	3	1	28	549	0	0	0
4.283	1	3	429	4	1	28	549	0	0	0
4.284	1	3	429	5	1	28	549	0	0	0
4.285	1	3	429	6	1	28	549	0	0	0
4.286	1	3	429	7	1	28	549	0	0	0
4.287	1	3	429	8	1	28	549	0	0	0
4.288	1	3	429	9	1	28	549	0	0	0
4.289	1	3	429	10	1	28	549	0	0	0
4.29	1	3	430	1	1	28	549	0	0	0
4.291	1	3	430	2	1	28	549	0	0	0
4.292	1	3	430	3	1	28	549	0	0	0
4.293	1	3	430	4	1	28	549	0	0	0
4.294	1	3	430	5	1	28	549	0	0	0
4.295	1	3	430	6	1	28	549	0	0	0
4.296	1	3	430	7	1	28	549	0	0	0
4.297	1	3	430	8	1	28	549	0	0	0
4.298	1	3	430	9	1	28	549	0	0	0
4.299	1	3	430	10	1	28	549	0	0	0
4.3	1	3	431	1	1	28	549	0	0	0
4.301	1	3	431	2	1	28	549	0	0	0
4.302	1	3	431	3	1	28	549	0	0	0
4.303	1	3	431	4	1	28	549	0	0	0
4.304	1	3	431	5	1	28	549	0	0	0
4.305	1	3	431	6	1	28	549	0	0	0
4.306	1	3	431	7	1	28	549	0	0	0
4.307	1	3	431	8	1	28	549	0	0	0
4.308	1	3	431	9	1	28	549	0	0	0
4.309	1	3	431	10	1	28	549	0	0	0
4.31	1	3	432	1	1	28	549	0	0	0
4.311	1	3	432	2	1	28	549	0	0	0
4.312	1	3	432	3	1	28	549	0	0	0
4.313	1	3	432	4	1	28	549	0	0	0
4.314	1	3	432	5	1	28	549	0	0	0
4.315	1	3	432	6	1	28	549	0	0	0
4.316	1	3	432	7	1	28	549	0	0	0
4.317	1	3	432	8	1	28	549	0	0	0
4.318	1	3	432	9	1	28	549	0	0	0
4.319	1	3	432	10	1	28	549	0	0	0
4.32	1	3	433	1	1	28	549	0	0	0
4.321	1	3	433	2	1	28	549	0	0	0
4.322	1	3	433	3	1	28	549	0	0	0
4.323	1	3	433	4	1	28	549	0	0	0
4.324	1	3	433	5	1	28	549	0	0	0
4.325	1	3	433	6	1	28	549	0	0	0
4.326	1	3	433	7	1	28	549	0	0	0
4.327	1	3	433	8	1	28	549	0	0	0
4.328	1	3	433	9	1	28	549	0	0	0
4.329	1	3	433	10	1	28	549	0	0	0
4.33	1	3	434	1	1	28	549	0	0	0
4.331	1	3	434	2	1	28	549	0	0	0
4.332	1	3	434	3	1	28	549	0	0	0
4.333	1	3	434	4	1	28	549	0	0	0
4.334	1	3	434	5	1	28	549	0	0	0
4.335	1	3	434	6	1	28	549	0	0	0
4.336	1	3	434	7	1	28	549	0	0	0
4.337	1	3	434	8	1	28	549	0	0	0
4.338	1	3	434	9	1	28	549	0	0	0
4.339	1	3	434	10	1	28	549	0	0	0
4.34	1	3	435	1	1	28	549	0	0	0
4.341	1	3	435	2	1	28	549	0	0	0
4.342	1	3	435	3	1	28	549	0	0	0
4.343	1	3	435	4	1	28	549	0	0	0
4.344	1	3	435	5	1	28	549	0	0	0
4.345	1	3	435	6	1	28	549	0	0	0
4.346	1	3	435	7	1	28	549	0	0	0
4.347	1	3	435	8	1	28	549	0	0	0
4.348	1	3	435	9	1	28	549	0	0	0
4.349	1	3	435	10	1	28	549	0	0	0
4.35	1	3	436	1	1	28	549	0	0	0
4.351	1	3	436	2	1	28	549	0	0	0
4.352	1	3	436	3	1	28	549	0	0	0
4.353	1	3	436	4	1	28	549	0	0	0
4.354	1	3	436	5	1	28	549	0	0	0
4.355	1	3	436	6	1	28	549	0	0	0
4.356	1	3	436	7	1	28	549	0	0	0
4.357	1	3	436	8	1	28	549	0	0	0
4.358	1	3	436	9	1	28	549	0	0	0
4.359	1	3	436	10	1	28	549	0	0	0
4.36	1	3	437	1	1	28	549	0	0	0
4.361	1	3	437	2	1	28	549	0	0	0
4.362	1	3	437	3	1	28	549	0	0	0
4.363	1	3	437	4	1	28	549	0	0	0
4.364	1	3	437	5	1	28	549	0	0	0
4.365	1	3	437	6	1	28	549	0	0	0
4.366	1	3	437	7	1	28	549	0	0	0
4.367	1	3	437	8	1	28	549	0	0	0
4.368	1	3	437	9	1	28	549	0	0	0
4.369	1	3	437	10	1	28	549	0	0	0
4.37	1	3	438	1	1	28	549	0	0	0
4.371	1	3	438	2	1	28	549	0	0	0
4.372	1	3	438	3	1	28	549	0	0	0
4.373	1	3	438	4	1	28	549	0	0	0
4.374	1	3	438	5	1	28	549	0	0	0
4.375	1	3	438	6	1	28	549	0	0	0
4.376	1	3	438	7	1	28	549	0	0	0
4.377	1	3	438	8	1	28	549	0	0	0
4.378	1	3	438	9	1	28	549	0	0	0
4.379	1	3	438	10	1	28	549	0	0	0
4.38	1	3	439	1	1	28	549	0	0	0
4.381	1	3	439	2	1	28	549	0	0	0
4.382	1	3	439	3	1	28	549	0	0	0
4.383	1	3	439	4	1	28	549	0	0	0
4.384	1	3	439	5	1	28	549	0	0	0
4.385	1	3	439	6	1	28	549	0	0	0
4.386	1	3	439	7	1	28	549	0	0	0
4.387	1	3	439	8	1	28	549	0	0	0
4.388	1	3	439	9	1	28	549	0	0	0
4.389	1	3	439	10	1	28	549	0	0	0
4.39	1	3	440	1	1	28	549	0	0	0
4.391	1	3	440	2	1	28	549	0	0	0
4.392	1	3	440	3	1	28	549	0	0	0
4.393	1	3	440	4	1	28	549	0	0	0
4.394	1	3	440	5	1	28	549	0	0	0
4.395	1	3	440	6	1	28	549	0	0	0
4.396	1	3	440	7	1	28	549	0	0	0
4.397	1	3	440	8	1	28	549	0	0	0
4.398	1	3	440	9	1	28	549	0	0	0
4.399	1	3	440	10	1	28	549	0	0	0
4.4	1	3	441	1	1	28	549	0	0	0
4.401	1	3	441	2	1	28	549	0	0	0
4.402	1	3	441	3	1	28	549	0	0	0
4.403	1	3	441	4	1	28	549	0	0	0
4.404	1	3	441	5	1	28	549	0	0	0
4.405	1	3	441	6	1	28	549	0	0	0
4.406	1	3	441	7	1	28	549	0	0	0
4.407	1	3	441	8	1	28	549	0	0	0
4.408	1	3	441	9	1	28	549	0	0	0
4.409	1	3	441	10	1	28	549	0	0	0
4.41	1	3	442	1	1	28	549	0	0	0
4.411	1	3	442	2	1	28	549	0	0	0
4.412	1	3	442	3	1	28	549	0	0	0
4.413	1	3	442	4	1	28	549	0	0	0
4.414	1	3	442	5	1	28	549	0	0	0
4.415	1	3	442	6	1	28	549	0	0	0
4.416	1	3	442	7	1	28	549	0	0	0
4.417	1	3	442	8	1	28	549	0	0	0
4.418	1	3	442	9	1	28	549	0	0	0
4.419	1	3	442	10	1	28	549	0	0	0
4.42	1	3	443	1	1	28	549	0	0	0
4.421	1	3	443	2	1	28	549	0	0	0
4.422	1	3	443	3	1	28	549	0	0	0
4.423	1	3	443	4	1	28	549	0	0	0
4.424	1	3	443	5	1	28	549	0	0	0
4.425	1	3	443	6	1	28	549	0	0	0
4.426	1	3	443	7	1	28	549	0	0	0
4.427	1	3	443	8	1	28	549	0	0	0
4.428	1	3	443	9	1	28	549	0	0	0
4.429	1	3	443	10	1	28	549	0	0	0
4.43	1	3	444	1	1	28	549	0	0	0
4.431	1	3	444	2	1	28	549	0	0	0
4.432	1	3	444	3	1	28	549	0	0	0
4.433	1	3	444	4	1	28	549	0	0	0
4.434	1	3	444	5	1	28	549	0	0	0
4.435	1	3	444	6	1	28	549	0	0	0
4.436	1	3	444	7	1	28	549	0	0	0
4.437	1	3	444	8	1	28	549	0	0	0
4.438	1	3	444	9	1	28	549	0	0	0
4.439	1	3	444	10	1	28	549	0	0	0
4.44	1	3	445	1	1	28	549	0	0	0
4.441	1	3	445	2	1	28	549	0	0	0
4.442	1	3	445	3	1	28	549	0	0	0
4.443	1	3	445	4	1	28	549	0	0	0
4.444	1	3	445	5	1	28	549	0	0	0
4.445	1	3	445	6	1	28	549	0	0	0
4.446	1	3	445	7	1	28	549	0	0	0
4.447	1	3	445	8	1	28	549	0	0	0
4.448	1	3	445	9	1	28	549	0	0	0
4.449	1	3	445	10	1	28	549	0	0	0
4.45	1	3	446	1	1	28	549	0	0	0
4.451	1	3	446	2	1	28	549	0	0	0
4.452	1	3	446	3	1	28	549	0	0	0
4.453	1	3	446	4	1	28	549	0	0	0
4.454	1	3	446	5	1	28	549	0	0	0
4.455	1	3	446	6	1	28	549	0	0	0
4.456	1	3	446	7	1	28	549	0	0	0
4.457	1	3	446	8	1	28	549	0	0	0
4.458	1	3	446	9	1	28	549	0	0	0
4.459	1	3	446	10	1	28	549	0	0	0
4.46	1	3	447	1	1	28	549	0	0	0
4.461	1	3	447	2	1	28	549	0	0	0
4.462	1	3	447	3	1	28	549	0	0	0
4.463	1	3	447	4	1	28	549	0	0	0
4.464	1	3	447	5	1	28	549	0	0	0
4.465	1	3	447	6	1	28	549	0	0	0
4.466	1	3	447	7	1	28	549	0	0	0
4.467	1	3	447	8	1	28	549	0	0	0
4.468	1	3	447	9	1	28	549	0	0	0
4.469	1	3	447	10	1	28	549	0	0	0
4.47	1	3	448	1	1	28	549	0	0	0
4.471	1	3	448	2	1	28	549	0	0	0
4.472	1	3	448	3	1	28	549	0	0	0
4.473	1	3	448	4	1	28	549	0	0	0
4.474	1	3	448	5	1	28	549	0	0	0
4.475	1	3	448	6	1	28	549	0	0	0
4.476	1	3	448	7	1	28	549	0	0	0
4.477	1	3	448	8	1	28	549	0	0	0
4.478	1	3	448	9	1	28	549	0	0	0
4.479	1	3	448	10	1	28	549	0	0	0
4.48	1	3	449	1	1	28	549	0	0	0
4.481	1	3	449	2	1	28	549	0	0	0
4.482	1	3	449	3	1	28	549	0	0	0
4.483	1	3	449	4	1	28	549	0	0	0
4.484	1	3	449	5	1	28	549	0	0	0
4.485	1	3	449	6	1	28	549	0	0	0
4.486	1	3	449	7	1	28	549	0	0	0
4.487	1	3	449	8	1	28	549	0	0	0
4.488	1	3	449	9	1	28	549	0	0	0
4.489	1	3	449	10	1	28	549	0	0	0
4.49	1	3	450	1	1	28	549	0	0	0
4.491	1	3	450	2	1	28	549	0	0	0
4.492	1	3	450	3	1	28	549	0	0	0
4.493	1	3	450	4	1	28	549	0	0	0
4.494	1	3	450	5	1	28	549	0	0	0
4.495	1	3	450	6	1	28	549	0	0	0
4.496	1	3	450	7	1	28	549	0	0	0
4.497	1	3	450	8	1	28	549	0	0	0
4.498	1	3	450	9	1	28	549	0	0	0
4.499	1	3	450	10	1	28	549	0	0	0
4.5	1	3	451	1	1	28	549	0	0	0
4.501	1	3	451	2	1	28	549	0	0	0
4.502	1	3	451	3	1	28	549	0	0	0
4.503	1	3	451	4	1	28	549	0	0	0
4.504	1	3	451	5	1	28	549	0	0	0
4.505	1	3	451	6	1	28	549	0	0	0
4.506	1	3	451	7	1	28	549	0	0	0
4.507	1	3	451	8	1	28	549	0	0	0
4.508	1	3	451	9	1	28	549	0	0	0
4.509	1	3	451	10	1	28	549	0	0	0
4.51	1	3	452	1	1	28	549	0	0	0
4.511	1	3	452	2	1	28	549	0	0	0
4.512	1	3	452	3	1	28	549	0	0	0
4.513	1	3	452	4	1	28	549	0	0	0
4.514	1	3	452	5	1	28	549	0	0	0
4.515	1	3	452	6	1	28	549	0	0	0
4.516	1	3	452	7	1	28	549	0	0	0
4.517	1	3	452	8	1	28	549	0	0	0
4.518	1	3	452	9	1	28	549	0	0	0
4.519	1	3	452	10	1	28	549	0	0	0
4.52	1	3	453	1	1	28	549	0	0	0
4.521	1	3	453	2	1	28	549	0	0	0
4.522	1	3	453	3	1	28	549	0	0	0
4.523	1	3	453	4	1	28	549	0	0	0
4.524	1	3	453	5	1	28	549	0	0	0
4.525	1	3	453	6	1	28	549	0	0	0
4.526	1	3	453	7	1	28	549	0	0	0
4.527	1	3	453	8	1	28	549	0	0	0
4.528	1	3	453	9	1	28	549	0	0	0
4.529	1	3	453	10	1	28	549	0	0	0
4.53	1	3	454	1	1	28	549	0	0	0
4.531	1	3	454	2	1	28	549	0	0	0
4.532	1	3	454	3	1	28	549	0	0	0
4.533	1	3	454	4	1	28	549	0	0	0
4.534	1	3	454	5	1	28	549	0	0	0
4.535	1	3	454	6	1	28	549	0	0	0
4.536	1	3	454	7	1	28	549	0	0	0
4.537	1	3	454	8	1	28	549	0	0	0
4.538	1	3	454	9	1	28	549	0	0	0
4.539	1	3	454	10	1	28	549	0	0	0
4.54	1	3	455	1	1	28	549	0	0	0
4.541	1	3	455	2	1	28	549	0	0	0
4.542	1	3	455	3	1	28	549	0	0	0
4.543	1	3	455	4	1	28	549	0	0	0
4.544	1	3	455	5	1	28	549	0	0	0
4.545	1	3	455	6	1	28	549	0	0	0
4.546	1	3	455	7	1	28	549	0	0	0
4.547	1	3	455	8	1	28	549	0	0	0
4.548	1	3	455	9	1	28	549	0	0	0
4.549	1	3	455	10	1	28	549	0	0	0
4.55	1	3	456	1	1	28	549	0	0	0
4.551	1	3	456	2	1	28	549	0	0	0
4.552	1	3	456	3	1	28	549	0	0	0
4.553	1	3	456	4	1	28	549	0	0	0
4.554	1	3	456	5	1	28	549	0	0	0
4.555	1	3	456	6	1	28	549	0	0	0
4.556	1	3	456	7	1	28	549	0	0	0
4.557	1	3	456	8	1	28	549	0	0	0
4.558	1	3	456	9	1	28	549	0	0	0
4.559	1	3	456	10	1	28	549	0	0	0
4.56	1	3	457	1	1	28	549	0	0	0
4.561	1	3	457	2	1	28	549	0	0	0
4.562	1	3	457	3	1	28	549	0	0	0
4.563	1	3	457	4	1	28	549	0	0	0
4.564	1	3	457	5	1	28	549	0	0	0
4.565	1	3	457	6	1	28	549	0	0	0
4.566	1	3	457	7	1	28	549	0	0	0
4.567	1	3	457	8	1	28	549	0	0	0
4.568	1	3	457	9	1	28	549	0	0	0
4.569	1	3	457	10	1	28	549	0	0	0
4.57	1	3	458	1	1	28	549	0	0	0
4.571	1	3	458	2	1	28	549	0	0	0
4.572	1	3	458	3	1	28	549	0	0	0
4.573	1	3	458	4	1	28	549	0	0	0
4.574	1	3	458	5	1	28	549	0	0	0
4.575	1	3	458	6	1	28	549	0	0	0
4.576	1	3	458	7	1	28	549	0	0	0
4.577	1	3	458	8	1	28	549	0	0	0
4.578	1	3	458	9	1	28	549	0	0	0
4.579	1	3	458	10	1	28	549	0	0	0
4.58	1	3	459	1	1	28	549	0	0	0
4.581	1	3	459	2	1	28	549	0	0	0
4.582	1	3	459	3	1	28	549	0	0	0
4.583	1	3	459	4	1	28	549	0	0	0
4.584	1	3	459	5	1	28	549	0	0	0
4.585	1	3	459	6	1	28	549	0	0	0
4.586	1	3	459	7	1	28	549	0	0	0
4.587	1	3	459	8	1	28	549	0	0	0
4.588	1	3	459	9	1	28	549	0	0	0
4.589	1	3	459	10	1	28	549	0	0	0
4.59	1	3	460	1	1	28	549	0	0	0
4.591	1	3	460	2	1	28	549	0	0	0
4.592	1	3	460	3	1	28	549	0	0	0
4.593	1	3	460	4	1	28	549	0	0	0
4.594	1	3	460	5	1	28	549	0	0	0
4.595	1	3	460	6	1	28	549	0	0	0
4.596	1	3	460	7	1	28	549	0	0	0
4.597	1	3	460	8	1	28	549	0	0	0
4.598	1	3	460	9	1	28	549	0	0	0
4.599	1	3	460	10	1	28	549	0	0	0
4.6	1	3	461	1	1	28	549	0	0	0
4.601	1	3	461	2	1	28	549	0	0	0
4.602	1	3	461	3	1	28	549	0	0	0
4.603	1	3	461	4	1	28	549	0	0	0
4.604	1	3	461	5	1	28	549	0	0	0
4.605	1	3	461	6	1	28	549	0	0	0
4.606	1	3	461	7	1	28	549	0	0	0
4.607	1	3	461	8	1	28	549	0	0	0
4.608	1	3	461	9	1	28	549	0	0	0
4.609	1	3	461	10	1	28	549	0	0	0
4.61	1	3	462	1	1	28	549	0	0	0
4.611	1	3	462	2	1	28	549	0	0	0
4.612	1	3	462	3	1	28	549	0	0	0
4.613	1	3	462	4	1	28	549	0	0	0
4.614	1	3	462	5	1	28	549	0	0	0
4.615	1	3	462	6	1	28	549	0	0	0
4.616	1	3	462	7	1	28	549	0	0	0
4.617	1	3	462	8	1	28	549	0	0	0
4.618	1	3	462	9	1	28	549	0	0	0
4.619	1	3	462	10	1	28	549	0	0	0
4.62	1	3	463	1	1	28	549	0	0	0
4.621	1	3	463	2	1	28	549	0	0	0
4.622	1	3	463	3	1	28	549	0	0	0
4.623	1	3	463	4	1	28	549	0	0	0
4.624	1	3	463	5	1	28	549	0	0	0
4.625	1	3	463	6	1	28	549	0	0	0
4.626	1	3	463	7	1	28	549	0	0	0
4.627	1	3	463	8	1	28	549	0	0	0
4.628	1	3	463	9	1	28	549	0	0	0
4.629	1	3	463	10	1	28	549	0	0	0
4.63	1	3	464	1	1	28	549	0	0	0
4.631	1	3	464	2	1	28	549	0	0	0
4.632	1	3	464	3	1	28	549	0	0	0
4.633	1	3	464	4	1	28	549	0	0	0
4.634	1	3	464	5	1	28	549	0	0	0
4.635	1	3	464	6	1	28	549	0	0	0
4.636	1	3	464	7	1	28	549	0	0	0
4.637	1	3	464	8	1	28	549	0	0	0
4.638	1	3	464	9	1	28	549	0	0	0
4.639	1	3	464	10	1	28	549	0	0	0
4.64	1	3	465	1	1	28	549	0	0	0
4.641	1	3	465	2	1	28	549	0	0	0
4.642	1	3	465	3	1	28	549	0	0	0
4.643	1	3	465	4	1	28	549	0	0	0
4.644	1	3	465	5	1	28	549	0	0	0
4.645	1	3	465	6	1	28	549	0	0	0
4.646	1	3	465	7	1	28	549	0	0	0
4.647	1	3	465	8	1	28	549	0	0	0
4.648	1	3	465	9	1	28	549	0	0	0
4.649	1	3	465	10	1	28	549	0	0	0
4.65	1	3	466	1	1	28	549	0	0	0
4.651	1	3	466	2	1	28	549	0	0	0
4.652	1	3	466	3	1	28	549	0	0	0
4.653	1	3	466	4	1	28	549	0	0	0
4.654	1	3	466	5	1	28	549	0	0	0
4.655	1	3	466	6	1	28	549	0	0	0
4.656	1	3	466	7	1	28	549	0	0	0
4.657	1	3	466	8	1	28	549	0	0	0
4.658	1	3	466	9	1	28	549	0	0	0
4.659	1	3	466	10	1	28	549	0	0	0
4.66	1	3	467	1	1	28	549	0	0	0
4.661	1	3	467	2	1	28	549	0	0	0
4.662	1	3	467	3	1	28	549	0	0	0
4.663	1	3	467	4	1	28	549	0	0	0
4.664	1	3	467	5	1	28	549	0	0	0
4.665	1	3	467	6	1	28	549	0	0	0
4.666	1	3	467	7	1	28	549	0	0	0
4.667	1	3	467	8	1	28	549	0	0	0
4.668	1	3	467	9	1	28	549	0	0	0
4.669	1	3	467	10	1	28	549	0	0	0
4.67	1	3	468	1	1	28	549	0	0	0
4.671	1	3	468	2	1	28	549	0	0	0
4.672	1	3	468	3	1	28	549	0	0	0
4.673	1	3	468	4	1	28	549	0	0	0
4.674	1	3	468	5	1	28	549	0	0	0
4.675	1	3	468	6	1	28	549	0	0	0
4.676	1	3	468	7	1	28	549	0	0	0
4.677	1	3	468	8	1	28	549	0	0	0
4.678	1	3	468	9	1	28	549	0	0	0
4.679	1	3	468	10	1	28	549	0	0	0
4.68	1	3	469	1	1	28	549	0	0	0
4.681	1	3	469	2	1	28	549	0	0	0
4.682	1	3	469	3	1	28	549	0	0	0
4.683	1	3	469	4	1	28	549	0	0	0
4.684	1	3	469	5	1	28	549	0	0	0
4.685	1	3	469	6	1	28	549	0	0	0
4.686	1	3	469	7	1	28	549	0	0	0
4.687	1	3	469	8	1	28	549	0	0	0
4.688	1	3	469	9	1	28	549	0	0	0
4.689	1	3	469	10	1	28	549	0	0	0
4.69	1	3	470	1	1	28	549	0	0	0
4.691	1	3	470	2	1	28	549	0	0	0
4.692	1	3	470	3	1	28	549	0	0	0
4.693	1	3	470	4	1	28	549	0	0	0
4.694	1	3	470	5	1	28	549	0	0	0
4.695	1	3	470	6	1	28	549	0	0	0
4.696	1	3	470	7	1	28	549	0	0	0
4.697	1	3	470	8	1	28	549	0	0	0
4.698	1	3	470	9	1	28	549	0	0	0
4.699	1	3	470	10	1	28	549	0	0	0
4.7	1	3	471	1	1	28	549	0	0	0
4.701	1	3	471	2	1	28	549	0	0	0
4.702	1	3	471	3	1	28	549	0	0	0
4.703	1	3	471	4	1	28	549	0	0	0
4.704	1	3	471	5	1	28	549	0	0	0
4.705	1	3	471	6	1	28	549	0	0	0
4.706	1	3	471	7	1	28	549	0	0	0
4.707	1	3	471	8	1	28	549	0	0	0
4.708	1	3	471	9	1	28	549	0	0	0
4.709	1	3	471	10	1	28	549	0	0	0
4.71	1	3	472	1	1	28	549	0	0	0
4.711	1	3	472	2	1	28	549	0	0	0
4.712	1	3	472	3	1	28	549	0	0	0
4.713	1	3	472	4	1	28	549	0	0	0
4.714	1	3	472	5	1	28	549	0	0	0
4.715	1	3	472	6	1	28	549	0	0	0
4.716	1	3	472	7	1	28	549	0	0	0
4.717	1	3	472	8	1	28	549	0	0	0
4.718	1	3	472	9	1	28	549	0	0	0
4.719	1	3	472	10	1	28	549	0	0	0
4.72	1	3	473	1	1	28	549	0	0	0
4.721	1	3	473	2	1	28	549	0	0	0
4.722	1	3	473	3	1	28	549	0	0	0
4.723	1	3	473	4	1	28	549	0	0	0
4.724	1	3	473	5	1	28	549	0	0	0
4.725	1	3	473	6	1	28	549	0	0	0
4.726	1	3	473	7	1	28	549	0	0	0
4.727	1	3	473	8	1	28	549	0	0	0
4.728	1	3	473	9	1	28	549	0	0	0
4.729	1	3	473	10	1	28	549	0	0	0
4.73	1	3	474	1	1	28	549	0	0	0
4.731	1	3	474	2	1	28	549	0	0	0
4.732	1	3	474	3	1	28	549	0	0	0
4.733	1	3	474	4	1	28	549	0	0	0
4.734	1	3	474	5	1	28	549	0	0	0
4.735	1	3	474	6	1	28	549	0	0	0
4.736	1	3	474	7	1	28	549	0	0	0
4.737	1	3	474	8	1	28	549	0	0	0
4.738	1	3	474	9	1	28	549	0	0	0
4.739	1	3	474	10	1	28	549	0	0	0
4.74	1	3	475	1	1	28	549	0	0	0
4.741	1	3	475	2	1	28	549	0	0	0
4.742	1	3	475	3	1	28	549	0	0	0
4.743	1	3	475	4	1	28	549	0	0	0
4.744	1	3	475	5	1	28	549	0	0	0
4.745	1	3	475	6	1	28	549	0	0	0
4.746	1	3	475	7	1	28	549	0	0	0
4.747	1	3	475	8	1	28	549	0	0	0
4.748	1	3	475	9	1	28	549	0	0	0
4.749	1	3	475	10	1	28	549	0	0	0
4.75	1	3	476	1	1	28	549	0	0	0
4.751	1	3	476	2	1	28	549	0	0	0
4.752	1	3	476	3	1	28	549	0	0	0
4.753	1	3	476	4	1	28	549	0	0	0
4.754	1	3	476	5	1	28	549	0	0	0
4.755	1	3	476	6	1	28	549	0	0	0
4.756	1	3	476	7	1	28	549	0	0	0
4.757	1	3	476	8	1	28	549	0	0	0
4.758	1	3	476	9	1	28	549	0	0	0
4.759	1	3	476	10	1	28	549	0	0	0
4.76	1	3	477	1	1	28	549	0	0	0
4.761	1	3	477	2	1	28	549	0	0	0
4.762	1	3	477	3	1	28	549	0	0	0
4.763	1	3	477	4	1	28	549	0	0	0
4.764	1	3	477	5	1	28	549	0	0	0
4.765	1	3	477	6	1	28	549	0	0	0
4.766	1	3	477	7	1	28	549	0	0	0
4.767	1	3	477	8	1	28	549	0	0	0
4.768	1	3	477	9	1	28	549	0	0	0
4.769	1	3	477	10	1	28	549	0	0	0
4.77	1	3	478	1	1	28	549	0	0	0
4.771	1	3	478	2	1	28	549	0	0	0
4.772	1	3	478	3	1	28	549	0	0	0
4.773	1	3	478	4	1	28	549	0	0	0
4.774	1	3	478	5	1	28	549	0	0	0
4.775	1	3	478	6	1	28	549	0	0	0
4.776	1	3	478	7	1	28	549	0	0	0
4.777	1	3	478	8	1	28	549	0	0	0
4.778	1	3	478	9	1	28	549	0	0	0
4.779	1	3	478	10	1	28	549	0	0	0
4.78	1	3	479	1	1	28	549	0	0	0
4.781	1	3	479	2	1	28	549	0	0	0
4.782	1	3	479	3	1	28	549	0	0	0
4.783	1	3	479	4	1	28	549	0	0	0
4.784	1	3	479	5	1	28	549	0	0	0
4.785	1	3	479	6	1	28	549	0	0	0
4.786	1	3	479	7	1	28	549	0	0	0
4.787	1	3	479	8	1	28	549	0	0	0
4.788	1	3	479	9	1	28	549	0	0	0
4.789	1	3	479	10	1	28	549	0	0	0
4.79	1	3	480	1	1	28	549	0	0	0
4.791	1	3	480	2	1	28	549	0	0	0
4.792	1	3	480	3	1	28	549	0	0	0
4.793	1	3	480	4	1	28	549	0	0	0
4.794	1	3	480	5	1	28	549	0	0	0
4.795	1	3	480	6	1	28	549	0	0	0
4.796	1	3	480	7	1	28	549	0	0	0
4.797	1	3	480	8	1	28	549	0	0	0
4.798	1	3	480	9	1	28	549	0	0	0
4.799	1	3	480	10	1	28	549	0	0	0
4.8	1	3	481	1	1	28	549	0	0	0
4.801	1	3	481	2	1	28	549	0	0	0
4.802	1	3	481	3	1	28	549	0	0	0
4.803	1	3	481	4	1	28	549	0	0	0
4.804	1	3	481	5	1	28	549	0	0	0
4.805	1	3	481	6	1	28	549	0	0	0
4.806	1	3	481	7	1	28	549	0	0	0
4.807	1	3	481	8	1	28	549	0	0	0
4.808	1	3	481	9	1	28	549	0	0	0
4.809	1	3	481	10	1	28	549	0	0	0
4.81	1	3	482	1	1	28	549	0	0	0
4.811	1	3	482	2	1	28	549	0	0	0
4.812	1	3	482	3	1	28	549	0	0	0
4.813	1	3	482	4	1	28	549	0	0	0
4.814	1	3	482	5	1	28	549	0	0	0
4.815	1	3	482	6	1	28	549	0	0	0
4.816	1	3	482	7	1	28	549	0	0	0
4.817	1	3	482	8	1	28	549	0	0	0
4.818	1	3	482	9	1	28	549	0	0	0
4.819	1	3	482	10	1	28	549	0	0	0
4.82	1	3	483	1	1	28	549	0	0	0
4.821	1	3	483	2	1	28	549	0	0	0
4.822	1	3	483	3	1	28	549	0	0	0
4.823	1	3	483	4	1	28	549	0	0	0
4.824	1	3	483	5	1	28	549	0	0	0
4.825	1	3	483	6	1	28	549	0	0	0
4.826	1	3	483	7	1	28	549	0	0	0
4.827	1	3	483	8	1	28	549	0	0	0
4.828	1	3	483	9	1	28	549	0	0	0
4.829	1	3	483	10	1	28	549	0	0	0
4.83	1	3	484	1	1	28	549	0	0	0
4.831	1	3	484	2	1	28	549	0	0	0
4.832	1	3	484	3	1	28	549	0	0	0
4.833	1	3	484	4	1	28	549	0	0	0
4.834	1	3	484	5	1	28	549	0	0	0
4.835	1	3	484	6	1	28	549	0	0	0
4.836	1	3	484	7	1	28	549	0	0	0
4.837	1	3	484	8	1	28	549	0	0	0
4.838	1	3	484	9	1	28	549	0	0	0
4.839	1	3	484	10	1	28	549	0	0	0
4.84	1	3	485	1	1	28	549	0	0	0
4.841	1	3	485	2	1	28	549	0	0	0
4.842	1	3	485	3	1	28	549	0	0	0
4.843	1	3	485	4	1	28	549	0	0	0
4.844	1	3	485	5	1	28	549	0	0	0
4.845	1	3	485	6	1	28	549	0	0	0
4.846	1	3	485	7	1	28	549	0	0	0
4.847	1	3	485	8	1	28	549	0	0	0
4.848	1	3	485	9	1	28	549	0	0	0
4.849	1	3	485	10	1	28	549	0	0	0
4.85	1	3	486	1	1	28	549	0	0	0
4.851	1	3	486	2	1	28	549	0	0	0
4.852	1	3	486	3	1	28	549	0	0	0
4.853	1	3	486	4	1	28	549	0	0	0
4.854	1	3	486	5	1	28	549	0	0	0
4.855	1	3	486	6	1	28	549	0	0	0
4.856	1	3	486	7	1	28	549	0	0	0
4.857	1	3	486	8	1	28	549	0	0	0
4.858	1	3	486	9	1	28	549	0	0	0
4.859	1	3	486	10	1	28	549	0	0	0
4.86	1	3	487	1	1	28	549	0	0	0
4.861	1	3	487	2	1	28	549	0	0	0
4.862	1	3	487	3	1	28	549	0	0	0
4.863	1	3	487	4	1	28	549	0	0	0
4.864	1	3	487	5	1	28	549	0	0	0
4.865	1	3	487	6	1	28	549	0	0	0
4.866	1	3	487	7	1	28	549	0	0	0
4.867	1	3	487	8	1	28	549	0	0	0
4.868	1	3	487	9	1	28	549	0	0	0
4.869	1	3	487	10	1	28	549	0	0	0
4.87	1	3	488	1	1	28	549	0	0	0
4.871	1	3	488	2	1	28	549	0	0	0
4.872	1	3	488	3	1	28	549	0	0	0
4.873	1	3	488	4	1	28	549	0	0	0
4.874	1	3	488	5	1	28	549	0	0	0
4.875	1	3	488	6	1	28	549	0	0	0
4.876	1	3	488	7	1	28	549	0	0	0
4.877	1	3	488	8	1	28	549	0	0	0
4.878	1	3	488	9	1	28	549	0	0	0
4.879	1	3	488	10	1	28	549	0	0	0
4.88	1	3	489	1	1	28	549	0	0	0
4.881	1	3	489	2	1	28	549	0	0	0
4.882	1	3	489	3	1	28	549	0	0	0
4.883	1	3	489	4	1	28	549	0	0	0
4.884	1	3	489	5	1	28	549	0	0	0
4.885	1	3	489	6	1	28	549	0	0	0
4.886	1	3	489	7	1	28	549	0	0	0
4.887	1	3	489	8	1	28	549	0	0	0
4.888	1	3	489	9	1	28	549	0	0	0
4.889	1	3	489	10	1	28	549	0	0	0
4.89	1	3	490	1	1	28	549	0	0	0
4.891	1	3	490	2	1	28	549	0	0	0
4.892	1	3	490	3	1	28	549	0	0	0
4.893	1	3	490	4	1	28	549	0	0	0
4.894	1	3	490	5	1	28	549	0	0	0
4.895	1	3	490	6	1	28	549	0	0	0
4.896	1	3	490	7	1	28	549	0	0	0
4.897	1	3	490	8	1	28	549	0	0	0
4.898	1	3	490	9	1	28	549	0	0	0
4.899	1	3	490	10	1	28	549	0	0	0
4.9	1	3	491	1	1	28	549	0	0	0
4.901	1	3	491	2	1	28	549	0	0	0
4.902	1	3	491	3	1	28	549	0	0	0
4.903	1	3	491	4	1	28	549	0	0	0
4.904	1	3	491	5	1	28	549	0	0	0
4.905	1	3	491	6	1	28	549	0	0	0
4.906	1	3	491	7	1	28	549	0	0	0
4.907	1	3	491	8	1	28	549	0	0	0
4.908	1	3	491	9	1	28	549	0	0	0
4.909	1	3	491	10	1	28	549	0	0	0
4.91	1	3	492	1	1	28	549	0	0	0
4.911	1	3	492	2	1	28	549	0	0	0
4.912	1	3	492	3	1	28	549	0	0	0
4.913	1	3	492	4	1	28	549	0	0	0
4.914	1	3	492	5	1	28	549	0	0	0
4.915	1	3	492	6	1	28	549	0	0	0
4.916	1	3	492	7	1	28	549	0	0	0
4.917	1	3	492	8	1	28	549	0	0	0
4.918	1	3	492	9	1	28	549	0	0	0
4.919	1	3	492	10	1	28	549	0	0	0
4.92	1	3	493	1	1	28	549	0	0	0
4.921	1	3	493	2	1	28	549	0	0	0
4.922	1	3	493	3	1	28	549	0	0	0
4.923	1	3	493	4	1	28	549	0	0	0
4.924	1	3	493	5	1	28	549	0	0	0
4.925	1	3	493	6	1	28	549	0	0	0
4.926	1	3	493	7	1	28	549	0	0	0
4.927	1	3	493	8	1	28	549	0	0	0
4.928	1	3	493	9	1	28	549	0	0	0
4.929	1	3	493	10	1	28	549	0	0	0
4.93	1	3	494	1	1	28	549	0	0	0
4.931	1	3	494	2	1	28	549	0	0	0
4.932	1	3	494	3	1	28	549	0	0	0
4.933	1	3	494	4	1	28	549	0	0	0
4.934	1	3	494	5	1	28	549	0	0	0
4.935	1	3	494	6	1	28	549	0	0	0
4.936	1	3	494	7	1	28	549	0	0	0
4.937	1	3	494	8	1	28	549	0	0	0
4.938	1	3	494	9	1	28	549	0	0	0
4.939	1	3	494	10	1	28	549	0	0	0
4.94	1	3	495	1	1	28	549	0	0	0
4.941	1	3	495	2	1	28	549	0	0	0
4.942	1	3	495	3	1	28	549	0	0	0
4.943	1	3	495	4	1	28	549	0	0	0
4.944	1	3	495	5	1	28	549	0	0	0
4.945	1	3	495	6	1	28	549	0	0	0
4.946	1	3	495	7	1	28	549	0	0	0
4.947	1	3	495	8	1	28	549	0	0	0
4.948	1	3	495	9	1	28	549	0	0	0
4.949	1	3	495	10	1	28	549	0	0	0
4.95	1	3	496	1	1	28	549	0	0	0
4.951	1	3	496	2	1	28	549	0	0	0
4.952	1	3	496	3	1	28	549	0	0	0
4.953	1	3	496	4	1	28	549	0	0	0
4.954	1	3	496	5	1	28	549	0	0	0
4.955	1	3	496	6	1	28	549	0	0	0
4.956	1	3	496	7	1	28	549	0	0	0
4.957	1	3	496	8	1	28	549	0	0	0
4.958	1	3	496	9	1	28	549	0	0	0
4.959	1	3	496	10	1	28	549	0	0	0
4.96	1	3	497	1	1	28	549	0	0	0
4.961	1	3	497	2	1	28	549	0	0	0
4.962	1	3	497	3	1	28	549	0	0	0
4.963	1	3	497	4	1	28	549	0	0	0
4.964	1	3	497	5	1	28	549	0	0	0
4.965	1	3	497	6	1	28	549	0	0	0
4.966	1	3	497	7	1	28	549	0	0	0
4.967	1	3	497	8	1	28	549	0	0	0
4.968	1	3	497	9	1	28	549	0	0	0
4.969	1	3	497	10	1	28	549	0	0	0
4.97	1	3	498	1	1	28	549	0	0	0
4.971	1	3	498	2	1	28	549	0	0	0
4.972	1	3	498	3	1	28	549	0	0	0
4.973	1	3	498	4	1	28	549	0	0	0
4.974	1	3	498	5	1	28	549	0	0	0
4.975	1	3	498	6	1	28	549	0	0	0
4.976	1	3	498	7	1	28	549	0	0	0
4.977	1	3	498	8	1	28	549	0	0	0
4.978	1	3	498	9	1	28	549	0	0	0
4.979	1	3	498	10	1	28	549	0	0	0
4.98	1	3	499	1	1	28	549	0	0	0
4.981	1	3	499	2	1	28	549	0	0	0
4.982	1	3	499	3	1	28	549	0	0	0
4.983	1	3	499	4	1	28	549	0	0	0
4.984	1	3	499	5	1	28	549	0	0	0
4.985	1	3	499	6	1	28	549	0	0	0
4.986	1	3	499	7	1	28	549	0	0	0
4.987	1	3	499	8	1	28	549	0	0	0
4.988	1	3	499	9	1	28	549	0	0	0
4.989	1	3	499	10	1	28	549	0	0	0
4.99	1	3	500	1	1	28	549	0	0	0
4.991	1	3	500	2	1	28	549	0	0	0
4.992	1	3	500	3	1	28	549	0	0	0
4.993	1	3	500	4	1	28	549	0	0	0
4.994	1	3	500	5	1	28	549	0	0	0
4.995	1	3	500	6	1	28	549	0	0	0
4.996	1	3	500	7	1	28	549	0	0	0
4.997	1	3	500	8	1	28	549	0	0	0
4.998	1	3	500	9	1	28	549	0	0	0
4.999	1	3	500	10	1	28	549	0	0	0
5	1	3	501	1	1	28	549	0	0	0
5.001	1	3	501	2	1	28	549	0	0	0
5.002	1	3	501	3	1	28	549	0	0	0
5.003	1	3	501	4	1	28	549	0	0	0
5.004	1	3	501	5	1	28	549	0	0	0
5.005	1	3	501	6	1	28	549	0	0	0
5.006	1	3	501	7	1	28	549	0	0	0
5.007	1	3	501	8	1	28	549	0	0	0
5.008	1	3	501	9	1	28	549	0	0	0
5.009	1	3	501	10	1	28	549	0	0	0
5.01	1	3	502	1	1	28	549	0	0	0
5.011	1	3	502	2	1	28	549	0	0	0
5.012	1	3	502	3	1	28	549	0	0	0
5.013	1	3	502	4	1	28	549	0	0	0
5.014	1	3	502	5	1	28	549	0	0	0
5.015	1	3	502	6	1	28	549	0	0	0
5.016	1	3	502	7	1	28	549	0	0	0
5.017	1	3	502	8	1	28	549	0	0	0
5.018	1	3	502	9	1	28	549	0	0	0
5.019	1	3	502	10	1	28	549	0	0	0
5.02	1	3	503	1	1	28	549	0	0	0
5.021	1	3	503	2	1	28	549	0	0	0
5.022	1	3	503	3	1	28	549	0	0	0
5.023	1	3	503	4	1	28	549	0	0	0
5.024	1	3	503	5	1	28	549	0	0	0
5.025	1	3	503	6	1	28	549	0	0	0
5.026	1	3	503	7	1	28	549	0	0	0
5.027	1	3	503	8	1	28	549	0	0	0
5.028	1	3	503	9	1	28	549	0	0	0
5.029	1	3	503	10	1	28	549	0	0	0
5.03	1	3	504	1	1	28	549	0	0	0
5.031	1	3	504	2	1	28	549	0	0	0
5.032	1	3	504	3	1	28	549	0	0	0
5.033	1	3	504	4	1	28	549	0	0	0
5.034	1	3	504	5	1	28	549	0	0	0
5.035	1	3	504	6	1	28	549	0	0	0
5.036	1	3	504	7	1	28	549	0	0	0
5.037	1	3	504	8	1	28	549	0	0	0
5.038	1	3	504	9	1	28	549	0	0	0
5.039	1	3	504	10	1	28	549	0	0	0
5.04	1	3	505	1	1	28	549	0	0	0
5.041	1	3	505	2	1	28	549	0	0	0
5.042	1	3	505	3	1	28	549	0	0	0
5.043	1	3	505	4	1	28	549	0	0	0
5.044	1	3	505	5	1	28	549	0	0	0
5.045	1	3	505	6	1	28	549	0	0	0
5.046	1	3	505	7	1	28	549	0	0	0
5.047	1	3	505	8	1	28	549	0	0	0
5.048	1	3	505	9	1	28	549	0	0	0
5.049	1	3	505	10	1	28	549	0	0	0
5.05	1	3	506	1	1	28	549	0	0	0
5.051	1	3	506	2	1	28	549	0	0	0
5.052	1	3	506	3	1	28	549	0	0	0
5.053	1	3	506	4	1	28	549	0	0	0
5.054	1	3	506	5	1	28	549	0	0	0
5.055	1	3	506	6	1	28	549	0	0	0
5.056	1	3	506	7	1	28	549	0	0	0
5.057	1	3	506	8	1	28	549	0	0	0
5.058	1	3	506	9	1	28	549	0	0	0
5.059	1	3	506	10	1	28	549	0	0	0
5.06	1	3	507	1	1	28	549	0	0	0
5.061	1	3	507	2	1	28	549	0	0	0
5.062	1	3	507	3	1	28	549	0	0	0
5.063	1	3	507	4	1	28	549	0	0	0
5.064	1	3	507	5	1	28	549	0	0	0
5.065	1	3	507	6	1	28	549	0	0	0
5.066	1	3	507	7	1	28	549	0	0	0
5.067	1	3	507	8	1	28	549	0	0	0
5.068	1	3	507	9	1	28	549	0	0	0
5.069	1	3	507	10	1	28	549	0	0	0
5.07	1	3	508	1	1	28	549	0	0	0
5.071	1	3	508	2	1	28	549	0	0	0
5.072	1	3	508	3	1	28	549	0	0	0
5.073	1	3	508	4	1	28	549	0	0	0
5.074	1	3	508	5	1	28	549	0	0	0
5.075	1	3	508	6	1	28	549	0	0	0
5.076	1	3	508	7	1	28	549	0	0	0
5.077	1	3	508	8	1	28	549	0	0	0
5.078	1	3	508	9	1	28	549	0	0	0
5.079	1	3	508	10	1	28	549	0	0	0
5.08	1	3	509	1	1	28	549	0	0	0
5.081	1	3	509	2	1	28	549	0	0	0
5.082	1	3	509	3	1	28	549	0	0	0
5.083	1	3	509	4	1	28	549	0	0	0
5.084	1	3	509	5	1	28	549	0	0	0
5.085	1	3	509	6	1	28	549	0	0	0
5.086	1	3	509	7	1	28	549	0	0	0
5.087	1	3	509	8	1	28	549	0	0	0
5.088	1	3	509	9	1	28	549	0	0	0
5.089	1	3	509	10	1	28	549	0	0	0
5.09	1	3	510	1	1	28	549	0	0	0
5.091	1	3	510	2	1	28	549	0	0	0
5.092	1	3	510	3	1	28	549	0	0	0
5.093	1	3	510	4	1	28	549	0	0	0
5.094	1	3	510	5	1	28	549	0	0	0
5.095	1	3	510	6	1	28	549	0	0	0
5.096	1	3	510	7	1	28	549	0	0	0
5.097	1	3	510	8	1	28	549	0	0	0
5.098	1	3	510	9	1	28	549	0	0	0
5.099	1	3	510	10	1	28	549	0	0	0
5.1	1	3	511	1	1	28	549	0	0	0
5.101	1	3	511	2	1	28	549	0	0	0
5.102	1	3	511	3	1	28	549	0	0	0
5.103	1	3	511	4	1	28	549	0	0	0
5.104	1	3	511	5	1	28	549	0	0	0
5.105	1	3	511	6	1	28	549	0	0	0
5.106	1	3	511	7	1	28	549	0	0	0
5.107	1	3	511	8	1	28	549	0	0	0
5.108	1	3	511	9	1	28	549	0	0	0
5.109	1	3	511	10	1	28	549	0	0	0
5.11	1	3	512	1	1	28	549	0	0	0
5.111	1	3	512	2	1	28	549	0	0	0
5.112	1	3	512	3	1	28	549	0	0	0
5.113	1	3	512	4	1	28	549	0	0	0
5.114	1	3	512	5	1	28	549	0	0	0
5.115	1	3	512	6	1	28	549	0	0	0
5.116	1	3	512	7	1	28	549	0	0	0
5.117	1	3	512	8	1	28	549	0	0	0
5.118	1	3	512	9	1	28	549	0	0	0
5.119	1	3	512	10	1	28	549	0	0	0
5.12	1	3	513	1	1	28	549	0	0	0
5.121	1	3	513	2	1	28	549	0	0	0
5.122	1	3	513	3	1	28	549	0	0	0
5.123	1	3	513	4	1	28	549	0	0	0
5.124	1	3	513	5	1	28	549	0	0	0
5.125	1	3	513	6	1	28	549	0	0	0
5.126	1	3	513	7	1	28	549	0	0	0
5.127	1	3	513	8	1	28	549	0	0	0
5.128	1	3	513	9	1	28	549	0	0	0
5.129	1	3	513	10	1	28	549	0	0	0
5.13	1	3	514	1	1	28	549	0	0	0
5.131	1	3	514	2	1	28	549	0	0	0
5.132	1	3	514	3	1	28	549	0	0	0
5.133	1	3	514	4	1	28	549	0	0	0
5.134	1	3	514	5	1	28	549	0	0	0
5.135	1	3	514	6	1	28	549	0	0	0
5.136	1	3	514	7	1	28	549	0	0	0
5.137	1	3	514	8	1	28	549	0	0	0
5.138	1	3	514	9	1	28	549	0	0	0
5.139	1	3	514	10	1	28	549	0	0	0
5.14	1	3	515	1	1	28	549	0	0	0
5.141	1	3	515	2	1	28	549	0	0	0
5.142	1	3	515	3	1	28	549	0	0	0
5.143	1	3	515	4	1	28	549	0	0	0
5.144	1	3	515	5	1	28	549	0	0	0
5.145	1	3	515	6	1	28	549	0	0	0
5.146	1	3	515	7	1	28	549	0	0	0
5.147	1	3	515	8	1	28	549	0	0	0
5.148	1	3	515	9	1	28	549	0	0	0
5.149	1	3	515	10	1	28	549	0	0	0
5.15	1	3	516	1	1	28	549	0	0	0
5.151	1	3	516	2	1	28	549	0	0	0
5.152	1	3	516	3	1	28	549	0	0	0
5.153	1	3	516	4	1	28	549	0	0	0
5.154	1	3	516	5	1	28	549	0	0	0
5.155	1	3	516	6	1	28	549	0	0	0
5.156	1	3	516	7	1	28	549	0	0	0
5.157	1	3	516	8	1	28	549	0	0	0
5.158	1	3	516	9	1	28	549	0	0	0
5.159	1	3	516	10	1	28	549	0	0	0
5.16	1	3	517	1	1	28	549	0	0	0
5.161	1	3	517	2	1	28	549	0	0	0
5.162	1	3	517	3	1	28	549	0	0	0
5.163	1	3	517	4	1	28	549	0	0	0
5.164	1	3	517	5	1	28	549	0	0	0
5.165	1	3	517	6	1	28	549	0	0	0
5.166	1	3	517	7	1	28	549	0	0	0
5.167	1	3	517	8	1	28	549	0	0	0
5.168	1	3	517	9	1	28	549	0	0	0
5.169	1	3	517	10	1	28	549	0	0	0
5.17	1	3	518	1	1	28	549	0	0	0
5.171	1	3	518	2	1	28	549	0	0	0
5.172	1	3	518	3	1	28	549	0	0	0
5.173	1	3	518	4	1	28	549	0	0	0
5.174	1	3	518	5	1	28	549	0	0	0
5.175	1	3	518	6	1	28	549	0	0	0
5.176	1	3	518	7	1	28	549	0	0	0
5.177	1	3	518	8	1	28	549	0	0	0
5.178	1	3	518	9	1	28	549	0	0	0
5.179	1	3	518	10	1	28	549	0	0	0
5.18	1	3	519	1	1	28	549	0	0	0
5.181	1	3	519	2	1	28	549	0	0	0
5.182	1	3	519	3	1	28	549	0	0	0
5.183	1	3	519	4	1	28	549	0	0	0
5.184	1	3	519	5	1	28	549	0	0	0
5.185	1	3	519	6	1	28	549	0	0	0
5.186	1	3	519	7	1	28	549	0	0	0
5.187	1	3	519	8	1	28	549	0	0	0
5.188	1	3	519	9	1	28	549	0	0	0
5.189	1	3	519	10	1	28	549	0	0	0
5.19	1	3	520	1	1	28	549	0	0	0
5.191	1	3	520	2	1	28	549	0	0	0
5.192	1	3	520	3	1	28	549	0	0	0
5.193	1	3	520	4	1	28	549	0	0	0
5.194	1	3	520	5	1	28	549	0	0	0
5.195	1	3	520	6	1	28	549	0	0	0
5.196	1	3	520	7	1	28	549	0	0	0
5.197	1	3	520	8	1	28	549	0	0	0
5.198	1	3	520	9	1	28	549	0	0	0
5.199	1	3	520	10	1	28	549	0	0	0
5.2	1	3	521	1	1	28	549	0	0	0
5.201	1	3	521	2	1	28	549	0	0	0
5.202	1	3	521	3	1	28	549	0	0	0
5.203	1	3	521	4	1	28	549	0	0	0
5.204	1	3	521	5	1	28	549	0	0	0
5.205	1	3	521	6	1	28	549	0	0	0
5.206	1	3	521	7	1	28	549	0	0	0
5.207	1	3	521	8	1	28	549	0	0	0
5.208	1	3	521	9	1	28	549	0	0	0
5.209	1	3	521	10	1	28	549	0	0	0
5.21	1	3	522	1	1	28	549	0	0	0
5.211	1	3	522	2	1	28	549	0	0	0
5.212	1	3	522	3	1	28	549	0	0	0
5.213	1	3	522	4	1	28	549	0	0	0
5.214	1	3	522	5	1	28	549	0	0	0
5.215	1	3	522	6	1	28	549	0	0	0
5.216	1	3	522	7	1	28	549	0	0	0
5.217	1	3	522	8	1	28	549	0	0	0
5.218	1	3	522	9	1	28	549	0	0	0
5.219	1	3	522	10	1	28	549	0	0	0
5.22	1	3	523	1	1	28	549	0	0	0
5.221	1	3	523	2	1	28	549	0	0	0
5.222	1	3	523	3	1	28	549	0	0	0
5.223	1	3	523	4	1	28	549	0	0	0
5.224	1	3	523	5	1	28	549	0	0	0
5.225	1	3	523	6	1	28	549	0	0	0
5.226	1	3	523	7	1	28	549	0	0	0
5.227	1	3	523	8	1	28	549	0	0	0
5.228	1	3	523	9	1	28	549	0	0	0
5.229	1	3	523	10	1	28	549	0	0	0
5.23	1	3	524	1	1	28	549	0	0	0
5.231	1	3	524	2	1	28	549	0	0	0
5.232	1	3	524	3	1	28	549	0	0	0
5.233	1	3	524	4	1	28	549	0	0	0
5.234	1	3	524	5	1	28	549	0	0	0
5.235	1	3	524	6	1	28	549	0	0	0
5.236	1	3	524	7	1	28	549	0	0	0
5.237	1	3	524	8	1	28	549	0	0	0
5.238	1	3	524	9	1	28	549	0	0	0
5.239	1	3	524	10	1	28	549	0	0	0
5.24	1	3	525	1	1	28	549	0	0	0
5.241	1	3	525	2	1	28	549	0	0	0
5.242	1	3	525	3	1	28	549	0	0	0
5.243	1	3	525	4	1	28	549	0	0	0
5.244	1	3	525	5	1	28	549	0	0	0
5.245	1	3	525	6	1	28	549	0	0	0
5.246	1	3	525	7	1	28	549	0	0	0
5.247	1	3	525	8	1	28	549	0	0	0
5.248	1	3	525	9	1	28	549	0	0	0
5.249	1	3	525	10	1	28	549	0	0	0
5.25	1	3	526	1	1	28	549	0	0	0
5.251	1	3	526	2	1	28	549	0	0	0
5.252	1	3	526	3	1	28	549	0	0	0
5.253	1	3	526	4	1	28	549	0	0	0
5.254	1	3	526	5	1	28	549	0	0	0
5.255	1	3	526	6	1	28	549	0	0	0
5.256	1	3	526	7	1	28	549	0	0	0
5.257	1	3	526	8	1	28	549	0	0	0
5.258	1	3	526	9	1	28	549	0	0	0
5.259	1	3	526	10	1	28	549	0	0	0
5.26	1	3	527	1	1	28	549	0	0	0
5.261	1	3	527	2	1	28	549	0	0	0
5.262	1	3	527	3	1	28	549	0	0	0
5.263	1	3	527	4	1	28	549	0	0	0
5.264	1	3	527	5	1	28	549	0	0	0
5.265	1	3	527	6	1	28	549	0	0	0
5.266	1	3	527	7	1	28	549	0	0	0
5.267	1	3	527	8	1	28	549	0	0	0
5.268	1	3	527	9	1	28	549	0	0	0
5.269	1	3	527	10	1	28	549	0	0	0
5.27	1	3	528	1	1	28	549	0	0	0
5.271	1	3	528	2	1	28	549	0	0	0
5.272	1	3	528	3	1	28	549	0	0	0
5.273	1	3	528	4	1	28	549	0	0	0
5.274	1	3	528	5	1	28	549	0	0	0
5.275	1	3	528	6	1	28	549	0	0	0
5.276	1	3	528	7	1	28	549	0	0	0
5.277	1	3	528	8	1	28	549	0	0	0
5.278	1	3	528	9	1	28	549	0	0	0
5.279	1	3	528	10	1	28	549	0	0	0
5.28	1	3	529	1	1	28	549	0	0	0
5.281	1	3	529	2	1	28	549	0	0	0
5.282	1	3	529	3	1	28	549	0	0	0
5.283	1	3	529	4	1	28	549	0	0	0
5.284	1	3	529	5	1	28	549	0	0	0
5.285	1	3	529	6	1	28	549	0	0	0
5.286	1	3	529	7	1	28	549	0	0	0
5.287	1	3	529	8	1	28	549	0	0	0
5.288	1	3	529	9	1	28	549	0	0	0
5.289	1	3	529	10	1	28	549	0	0	0
5.29	1	3	530	1	1	28	549	0	0	0
5.291	1	3	530	2	1	28	549	0	0	0
5.292	1	3	530	3	1	28	549	0	0	0
5.293	1	3	530	4	1	28	549	0	0	0
5.294	1	3	530	5	1	28	549	0	0	0
5.295	1	3	530	6	1	28	549	0	0	0
5.296	1	3	530	7	1	28	549	0	0	0
5.297	1	3	530	8	1	28	549	0	0	0
5.298	1	3	530	9	1	28	549	0	0	0
5.299	1	3	530	10	1	28	549	0	0	0
5.3	1	3	531	1	1	28	549	0	0	0
5.301	1	3	531	2	1	28	549	0	0	0
5.302	1	3	531	3	1	28	549	0	0	0
5.303	1	3	531	4	1	28	549	0	0	0
5.304	1	3	531	5	1	28	549	0	0	0
5.305	1	3	531	6	1	28	549	0	0	0
5.306	1	3	531	7	1	28	549	0	0	0
5.307	1	3	531	8	1	28	549	0	0	0
5.308	1	3	531	9	1	28	549	0	0	0
5.309	1	3	531	10	1	28	549	0	0	0
5.31	1	3	532	1	1	28	549	0	0	0
5.311	1	3	532	2	1	28	549	0	0	0
5.312	1	3	532	3	1	28	549	0	0	0
5.313	1	3	532	4	1	28	549	0	0	0
5.314	1	3	532	5	1	28	549	0	0	0
5.315	1	3	532	6	1	28	549	0	0	0
5.316	1	3	532	7	1	28	549	0	0	0
5.317	1	3	532	8	1	28	549	0	0	0
5.318	1	3	532	9	1	28	549	0	0	0
5.319	1	3	532	10	1	28	549	0	0	0
5.32	1	3	533	1	1	28	549	0	0	0
5.321	1	3	533	2	1	28	549	0	0	0
5.322	1	3	533	3	1	28	549	0	0	0
5.323	1	3	533	4	1	28	549	0	0	0
5.324	1	3	533	5	1	28	549	0	0	0
5.325	1	3	533	6	1	28	549	0	0	0
5.326	1	3	533	7	1	28	549	0	0	0
5.327	1	3	533	8	1	28	549	0	0	0
5.328	1	3	533	9	1	28	549	0	0	0
5.329	1	3	533	10	1	28	549	0	0	0
5.33	1	3	534	1	1	28	549	0	0	0
5.331	1	3	534	2	1	28	549	0	0	0
5.332	1	3	534	3	1	28	549	0	0	0
5.333	1	3	534	4	1	28	549	0	0	0
5.334	1	3	534	5	1	28	549	0	0	0
5.335	1	3	534	6	1	28	549	0	0	0
5.336	1	3	534	7	1	28	549	0	0	0
5.337	1	3	534	8	1	28	549	0	0	0
5.338	1	3	534	9	1	28	549	0	0	0
5.339	1	3	534	10	1	28	549	0	0	0
5.34	1	3	535	1	1	28	549	0	0	0
5.341	1	3	535	2	1	28	549	0	0	0
5.342	1	3	535	3	1	28	549	0	0	0
5.343	1	3	535	4	1	28	549	0	0	0
5.344	1	3	535	5	1	28	549	0	0	0
5.345	1	3	535	6	1	28	549	0	0	0
5.346	1	3	535	7	1	28	549	0	0	0
5.347	1	3	535	8	1	28	549	0	0	0
5.348	1	3	535	9	1	28	549	0	0	0
5.349	1	3	535	10	1	28	549	0	0	0
5.35	1	3	536	1	1	28	549	0	0	0
5.351	1	3	536	2	1	28	549	0	0	0
5.352	1	3	536	3	1	28	549	0	0	0
5.353	1	3	536	4	1	28	549	0	0	0
5.354	1	3	536	5	1	28	549	0	0	0
5.355	1	3	536	6	1	28	549	0	0	0
5.356	1	3	536	7	1	28	549	0	0	0
5.357	1	3	536	8	1	28	549	0	0	0
5.358	1	3	536	9	1	28	549	0	0	0
5.359	1	3	536	10	1	28	549	0	0	0
5.36	1	3	537	1	1	28	549	0	0	0
5.361	1	3	537	2	1	28	549	0	0	0
5.362	1	3	537	3	1	28	549	0	0	0
5.363	1	3	537	4	1	28	549	0	0	0
5.364	1	3	537	5	1	28	549	0	0	0
5.365	1	3	537	6	1	28	549	0	0	0
5.366	1	3	537	7	1	28	549	0	0	0
5.367	1	3	537	8	1	28	549	0	0	0
5.368	1	3	537	9	1	28	549	0	0	0
5.369	1	3	537	10	1	28	549	0	0	0
5.37	1	3	538	1	1	28	549	0	0	0
5.371	1	3	538	2	1	28	549	0	0	0
5.372	1	3	538	3	1	28	549	0	0	0
5.373	1	3	538	4	1	28	549	0	0	0
5.374	1	3	538	5	1	28	549	0	0	0
5.375	1	3	538	6	1	28	549	0	0	0
5.376	1	3	538	7	1	28	549	0	0	0
5.377	1	3	538	8	1	28	549	0	0	0
5.378	1	3	538	9	1	28	549	0	0	0
5.379	1	3	538	10	1	28	549	0	0	0
5.38	1	3	539	1	1	28	549	0	0	0
5.381	1	3	539	2	1	28	549	0	0	0
5.382	1	3	539	3	1	28	549	0	0	0
5.383	1	3	539	4	1	28	549	0	0	0
5.384	1	3	539	5	1	28	549	0	0	0
5.385	1	3	539	6	1	28	549	0	0	0
5.386	1	3	539	7	1	28	549	0	0	0
5.387	1	3	539	8	1	28	549	0	0	0
5.388	1	3	539	9	1	28	549	0	0	0
5.389	1	3	539	10	1	28	549	0	0	0
5.39	1	3	540	1	1	28	549	0	0	0
5.391	1	3	540	2	1	28	549	0	0	0
5.392	1	3	540	3	1	28	549	0	0	0
5.393	1	3	540	4	1	28	549	0	0	0
5.394	1	3	540	5	1	28	549	0	0	0
5.395	1	3	540	6	1	28	549	0	0	0
5.396	1	3	540	7	1	28	549	0	0	0
5.397	1	3	540	8	1	28	549	0	0	0
5.398	1	3	540	9	1	28	549	0	0	0
5.399	1	3	540	10	1	28	549	0	0	0
5.4	1	3	541	1	1	28	549	0	0	0
5.401	1	3	541	2	1	28	549	0	0	0
5.402	1	3	541	3	1	28	549	0	0	0
5.403	1	3	541	4	1	28	549	0	0	0
5.404	1	3	541	5	1	28	549	0	0	0
5.405	1	3	541	6	1	28	549	0	0	0
5.406	1	3	541	7	1	28	549	0	0	0
5.407	1	3	541	8	1	28	549	0	0	0
5.408	1	3	541	9	1	28	549	0	0	0
5.409	1	3	541	10	1	28	549	0	0	0
5.41	1	3	542	1	1	28	549	0	0	0
5.411	1	3	542	2	1	28	549	0	0	0
5.412	1	3	542	3	1	28	549	0	0	0
5.413	1	3	542	4	1	28	549	0	0	0
5.414	1	3	542	5	1	28	549	0	0	0
5.415	1	3	542	6	1	28	549	0	0	0
5.416	1	3	542	7	1	28	549	0	0	0
5.417	1	3	542	8	1	28	549	0	0	0
5.418	1	3	542	9	1	28	549	0	0	0
5.419	1	3	542	10	1	28	549	0	0	0
5.42	1	3	543	1	1	28	549	0	0	0
5.421	1	3	543	2	1	28	549	0	0	0
5.422	1	3	543	3	1	28	549	0	0	0
5.423	1	3	543	4	1	28	549	0	0	0
5.424	1	3	543	5	1	28	549	0	0	0
5.425	1	3	543	6	1	28	549	0	0	0
5.426	1	3	543	7	1	28	549	0	0	0
5.427	1	3	543	8	1	28	549	0	0	0
5.428	1	3	543	9	1	28	549	0	0	0
5.429	1	3	543	10	1	28	549	0	0	0
5.43	1	3	544	1	1	28	549	0	0	0
5.431	1	3	544	2	1	28	549	0	0	0
5.432	1	3	544	3	1	28	549	0	0	0
5.433	1	3	544	4	1	28	549	0	0	0
5.434	1	3	544	5	1	28	549	0	0	0
5.435	1	3	544	6	1	28	549	0	0	0
5.436	1	3	544	7	1	28	549	0	0	0
5.437	1	3	544	8	1	28	549	0	0	0
5.438	1	3	544	9	1	28	549	0	0	0
5.439	1	3	544	10	1	28	549	0	0	0
5.44	1	3	545	1	1	28	549	0	0	0
5.441	1	3	545	2	1	28	549	0	0	0
5.442	1	3	545	3	1	28	549	0	0	0
5.443	1	3	545	4	1	28	549	0	0	0
5.444	1	3	545	5	1	28	549	0	0	0
5.445	1	3	545	6	1	28	549	0	0	0
5.446	1	3	545	7	1	28	549	0	0	0
5.447	1	3	545	8	1	28	549	0	0	0
5.448	1	3	545	9	1	28	549	0	0	0
5.449	1	3	545	10	1	28	549	0	0	0
5.45	1	3	546	1	1	28	549	0	0	0
5.451	1	3	546	2	1	28	549	0	0	0
5.452	1	3	546	3	1	28	549	0	0	0
5.453	1	3	546	4	1	28	549	0	0	0
5.454	1	3	546	5	1	28	549	0	0	0
5.455	1	3	546	6	1	28	549	0	0	0
5.456	1	3	546	7	1	28	549	0	0	0
5.457	1	3	546	8	1	28	549	0	0	0
5.458	1	3	546	9	1	28	549	0	0	0
5.459	1	3	546	10	1	28	549	0	0	0
5.46	1	3	547	1	1	28	549	0	0	0
5.461	1	3	547	2	1	28	549	0	0	0
5.462	1	3	547	3	1	28	549	0	0	0
5.463	1	3	547	4	1	28	549	0	0	0
5.464	1	3	547	5	1	28	549	0	0	0
5.465	1	3	547	6	1	28	549	0	0	0
5.466	1	3	547	7	1	28	549	0	0	0
5.467	1	3	547	8	1	28	549	0	0	0
5.468	1	3	547	9	1	28	549	0	0	0
5.469	1	3	547	10	1	28	549	0	0	0
5.47	1	3	548	1	1	28	549	0	0	0
5.471	1	3	548	2	1	28	549	0	0	0
5.472	1	3	548	3	1	28	549	0	0	0
5.473	1	3	548	4	1	28	549	0	0	0
5.474	1	3	548	5	1	28	549	0	0	0
5.475	1	3	548	6	1	28	549	0	0	0
5.476	1	3	548	7	1	28	549	0	0	0
5.477	1	3	548	8	1	28	549	0	0	0
5.478	1	3	548	9	1	28	549	0	0	0
5.479	1	3	548	10	1	28	549	0	0	0
5.48	1	3	549	1	1	28	549	0	0	0
5.481	1	3	549	2	1	28	549	0	0	0
5.482	1	3	549	3	1	28	549	0	0	0
5.483	1	3	549	4	1	28	549	0	0	0
5.484	1	3	549	5	1	28	549	0	0	0
5.485	1	3	549	6	1	28	549	0	0	0
5.486	1	3	549	7	1	28	549	0	0	0
5.487	1	3	549	8	1	28	549	0	0	0
5.488	1	3	549	9	1	28	549	0	0	0
5.489	1	3	549	10	1	28	549	0	0	0
5.49	1	3	550	1	1	28	549	0	0	0
5.491	1	3	550	2	1	28	549	0	0	0
5.492	1	3	550	3	1	28	549	0	0	0
5.493	1	3	550	4	1	28	549	0	0	0
5.494	1	3	550	5	1	28	549	0	0	0
5.495	1	3	550	6	1	28	549	0	0	0
5.496	1	3	550	7	1	28	549	0	0	0
5.497	1	3	550	8	1	28	549	0	0	0
5.498	1	3	550	9	1	28	549	0	0	0
5.499	1	3	550	10	1	28	549	0	0	0
5.5	1	3	551	1	1	28	549	0	0	0
5.501	1	3	551	2	1	28	549	0	0	0
5.502	1	3	551	3	1	28	549	0	0	0
5.503	1	3	551	4	1	28	549	0	0	0
5.504	1	3	551	5	1	28	549	0	0	0
5.505	1	3	551	6	1	28	549	0	0	0
5.506	1	3	551	7	1	28	549	0	0	0
5.507	1	3	551	8	1	28	549	0	0	0
5.508	1	3	551	9	1	28	549	0	0	0
5.509	1	3	551	10	1	28	549	0	0	0
5.51	1	3	552	1	1	28	549	0	0	0
5.511	1	3	552	2	1	28	549	0	0	0
5.512	1	3	552	3	1	28	549	0	0	0
5.513	1	3	552	4	1	28	549	0	0	0
5.514	1	3	552	5	1	28	549	0	0	0
5.515	1	3	552	6	1	28	549	0	0	0
5.516	1	3	552	7	1	28	549	0	0	0
5.517	1	3	552	8	1	28	549	0	0	0
5.518	1	3	552	9	1	28	549	0	0	0
5.519	1	3	552	10	1	28	549	0	0	0
5.52	1	3	553	1	1	28	549	0	0	0
5.521	1	3	553	2	1	28	549	0	0	0
5.522	1	3	553	3	1	28	549	0	0	0
5.523	1	3	553	4	1	28	549	0	0	0
5.524	1	3	553	5	1	28	549	0	0	0
5.525	1	3	553	6	1	28	549	0	0	0
5.526	1	3	553	7	1	28	549	0	0	0
5.527	1	3	553	8	1	28	549	0	0	0
5.528	1	3	553	9	1	28	549	0	0	0
5.529	1	3	553	10	1	28	549	0	0	0
5.53	1	3	554	1	1	28	549	0	0	0
5.531	1	3	554	2	1	28	549	0	0	0
5.532	1	3	554	3	1	28	549	0	0	0
5.533	1	3	554	4	1	28	549	0	0	0
5.534	1	3	554	5	1	28	549	0	0	0
5.535	1	3	554	6	1	28	549	0	0	0
5.536	1	3	554	7	1	28	549	0	0	0
5.537	1	3	554	8	1	28	549	0	0	0
5.538	1	3	554	9	1	28	549	0	0	0
5.539	1	3	554	10	1	28	549	0	0	0
5.54	1	3	555	1	1	28	549	0	0	0
5.541	1	3	555	2	1	28	549	0	0	0
5.542	1	3	555	3	1	28	549	0	0	0
5.543	1	3	555	4	1	28	549	0	0	0
5.544	1	3	555	5	1	28	549	0	0	0
5.545	1	3	555	6	1	28	549	0	0	0
5.546	1	3	555	7	1	28	549	0	0	0
5.547	1	3	555	8	1	28	549	0	0	0
5.548	1	3	555	9	1	28	549	0	0	0
5.549	1	3	555	10	1	28	549	0	0	0
5.55	1	3	556	1	1	28	549	0	0	0
5.551	1	3	556	2	1	28	549	0	0	0
5.552	1	3	556	3	1	28	549	0	0	0
5.553	1	3	556	4	1	28	549	0	0	0
5.554	1	3	556	5	1	28	549	0	0	0
5.555	1	3	556	6	1	28	549	0	0	0
5.556	1	3	556	7	1	28	549	0	0	0
5.557	1	3	556	8	1	28	549	0	0	0
5.558	1	3	556	9	1	28	549	0	0	0
5.559	1	3	556	10	1	28	549	0	0	0
5.56	1	3	557	1	1	28	549	0	0	0
5.561	1	3	557	2	1	28	549	0	0	0
5.562	1	3	557	3	1	28	549	0	0	0
5.563	1	3	557	4	1	28	549	0	0	0
5.564	1	3	557	5	1	28	549	0	0	0
5.565	1	3	557	6	1	28	549	0	0	0
5.566	1	3	557	7	1	28	549	0	0	0
5.567	1	3	557	8	1	28	549	0	0	0
5.568	1	3	557	9	1	28	549	0	0	0
5.569	1	3	557	10	1	28	549	0	0	0
5.57	1	3	558	1	1	28	549	0	0	0
5.571	1	3	558	2	1	28	549	0	0	0
5.572	1	3	558	3	1	28	549	0	0	0
5.573	1	3	558	4	1	28	549	0	0	0
5.574	1	3	558	5	1	28	549	0	0	0
5.575	1	3	558	6	1	28	549	0	0	0
5.576	1	3	558	7	1	28	549	0	0	0
5.577	1	3	558	8	1	28	549	0	0	0
5.578	1	3	558	9	1	28	549	0	0	0
5.579	1	3	558	10	1	28	549	0	0	0
5.58	1	3	559	1	1	28	549	0	0	0
5.581	1	3	559	2	1	28	549	0	0	0
5.582	1	3	559	3	1	28	549	0	0	0
5.583	1	3	559	4	1	28	549	0	0	0
5.584	1	3	559	5	1	28	549	0	0	0
5.585	1	3	559	6	1	28	549	0	0	0
5.586	1	3	559	7	1	28	549	0	0	0
5.587	1	3	559	8	1	28	549	0	0	0
5.588	1	3	559	9	1	28	549	0	0	0
5.589	1	3	559	10	1	28	549	0	0	0
5.59	1	3	560	1	1	28	549	0	0	0
5.591	1	3	560	2	1	28	549	0	0	0
5.592	1	3	560	3	1	28	549	0	0	0
5.593	1	3	560	4	1	28	549	0	0	0
5.594	1	3	560	5	1	28	549	0	0	0
5.595	1	3	560	6	1	28	549	0	0	0
5.596	1	3	560	7	1	28	549	0	0	0
5.597	1	3	560	8	1	28	549	0	0	0
5.598	1	3	560	9	1	28	549	0	0	0
5.599	1	3	560	10	1	28	549	0	0	0
5.6	1	3	561	1	1	28	549	0	0	0
5.601	1	3	561	2	1	28	549	0	0	0
5.602	1	3	561	3	1	28	549	0	0	0
5.603	1	3	561	4	1	28	549	0	0	0
5.604	1	3	561	5	1	28	549	0	0	0
5.605	1	3	561	6	1	28	549	0	0	0
5.606	1	3	561	7	1	28	549	0	0	0
5.607	1	3	561	8	1	28	549	0	0	0
5.608	1	3	561	9	1	28	549	0	0	0
5.609	1	3	561	10	1	28	549	0	0	0
5.61	1	3	562	1	1	28	549	0	0	0
5.611	1	3	562	2	1	28	549	0	0	0
5.612	1	3	562	3	1	28	549	0	0	0
5.613	1	3	562	4	1	28	549	0	0	0
5.614	1	3	562	5	1	28	549	0	0	0
5.615	1	3	562	6	1	28	549	0	0	0
5.616	1	3	562	7	1	28	549	0	0	0
5.617	1	3	562	8	1	28	549	0	0	0
5.618	1	3	562	9	1	28	549	0	0	0
5.619	1	3	562	10	1	28	549	0	0	0
5.62	1	3	563	1	1	28	549	0	0	0
5.621	1	3	563	2	1	28	549	0	0	0
5.622	1	3	563	3	1	28	549	0	0	0
5.623	1	3	563	4	1	28	549	0	0	0
5.624	1	3	563	5	1	28	549	0	0	0
5.625	1	3	563	6	1	28	549	0	0	0
5.626	1	3	563	7	1	28	549	0	0	0
5.627	1	3	563	8	1	28	549	0	0	0
5.628	1	3	563	9	1	28	549	0	0	0
5.629	1	3	563	10	1	28	549	0	0	0
5.63	1	3	564	1	1	28	549	0	0	0
5.631	1	3	564	2	1	28	549	0	0	0
5.632	1	3	564	3	1	28	549	0	0	0
5.633	1	3	564	4	1	28	549	0	0	0
5.634	1	3	564	5	1	28	549	0	0	0
5.635	1	3	564	6	1	28	549	0	0	0
5.636	1	3	564	7	1	28	549	0	0	0
5.637	1	3	564	8	1	28	549	0	0	0
5.638	1	3	564	9	1	28	549	0	0	0
5.639	1	3	564	10	1	28	549	0	0	0
5.64	1	3	565	1	1	28	549	0	0	0
5.641	1	3	565	2	1	28	549	0	0	0
5.642	1	3	565	3	1	28	549	0	0	0
5.643	1	3	565	4	1	28	549	0	0	0
5.644	1	3	565	5	1	28	549	0	0	0
5.645	1	3	565	6	1	28	549	0	0	0
5.646	1	3	565	7	1	28	549	0	0	0
5.647	1	3	565	8	1	28	549	0	0	0
5.648	1	3	565	9	1	28	549	0	0	0
5.649	1	3	565	10	1	28	549	0	0	0
5.65	1	3	566	1	1	28	549	0	0	0
5.651	1	3	566	2	1	28	549	0	0	0
5.652	1	3	566	3	1	28	549	0	0	0
5.653	1	3	566	4	1	28	549	0	0	0
5.654	1	3	566	5	1	28	549	0	0	0
5.655	1	3	566	6	1	28	549	0	0	0
5.656	1	3	566	7	1	28	549	0	0	0
5.657	1	3	566	8	1	28	549	0	0	0
5.658	1	3	566	9	1	28	549	0	0	0
5.659	1	3	566	10	1	28	549	0	0	0
5.66	1	3	567	1	1	28	549	0	0	0
5.661	1	3	567	2	1	28	549	0	0	0
5.662	1	3	567	3	1	28	549	0	0	0
5.663	1	3	567	4	1	28	549	0	0	0
5.664	1	3	567	5	1	28	549	0	0	0
5.665	1	3	567	6	1	28	549	0	0	0
5.666	1	3	567	7	1	28	549	0	0	0
5.667	1	3	567	8	1	28	549	0	0	0
5.668	1	3	567	9	1	28	549	0	0	0
5.669	1	3	567	10	1	28	549	0	0	0
5.67	1	3	568	1	1	28	549	0	0	0
5.671	1	3	568	2	1	28	549	0	0	0
5.672	1	3	568	3	1	28	549	0	0	0
5.673	1	3	568	4	1	28	549	0	0	0
5.674	1	3	568	5	1	28	549	0	0	0
5.675	1	3	568	6	1	28	549	0	0	0
5.676	1	3	568	7	1	28	549	0	0	0
5.677	1	3	568	8	1	28	549	0	0	0
5.678	1	3	568	9	1	28	549	0	0	0
5.679	1	3	568	10	1	28	549	0	0	0
5.68	1	3	569	1	1	28	549	0	0	0
5.681	1	3	569	2	1	28	549	0	0	0
5.682	1	3	569	3	1	28	549	0	0	0
5.683	1	3	569	4	1	28	549	0	0	0
5.684	1	3	569	5	1	28	549	0	0	0
5.685	1	3	569	6	1	28	549	0	0	0
5.686	1	3	569	7	1	28	549	0	0	0
5.687	1	3	569	8	1	28	549	0	0	0
5.688	1	3	569	9	1	28	549	0	0	0
5.689	1	3	569	10	1	28	549	0	0	0
5.69	1	3	570	1	1	28	549	0	0	0
5.691	1	3	570	2	1	28	549	0	0	0
5.692	1	3	570	3	1	28	549	0	0	0
5.693	1	3	570	4	1	28	549	0	0	0
5.694	1	3	570	5	1	28	549	0	0	0
5.695	1	3	570	6	1	28	549	0	0	0
5.696	1	3	570	7	1	28	549	0	0	0
5.697	1	3	570	8	1	28	549	0	0	0
5.698	1	3	570	9	1	28	549	0	0	0
5.699	1	3	570	10	1	28	549	0	0	0
5.7	1	3	571	1	1	28	549	0	0	0
5.701	1	3	571	2	1	28	549	0	0	0
5.702	1	3	571	3	1	28	549	0	0	0
5.703	1	3	571	4	1	28	549	0	0	0
5.704	1	3	571	5	1	28	549	0	0	0
5.705	1	3	571	6	1	28	549	0	0	0
5.706	1	3	571	7	1	28	549	0	0	0
5.707	1	3	571	8	1	28	549	0	0	0
5.708	1	3	571	9	1	28	549	0	0	0
5.709	1	3	571	10	1	28	549	0	0	0
5.71	1	3	572	1	1	28	549	0	0	0
5.711	1	3	572	2	1	28	549	0	0	0
5.712	1	3	572	3	1	28	549	0	0	0
5.713	1	3	572	4	1	28	549	0	0	0
5.714	1	3	572	5	1	28	549	0	0	0
5.715	1	3	572	6	1	28	549	0	0	0
5.716	1	3	572	7	1	28	549	0	0	0
5.717	1	3	572	8	1	28	549	0	0	0
5.718	1	3	572	9	1	28	549	0	0	0
5.719	1	3	572	10	1	28	549	0	0	0
5.72	1	3	573	1	1	28	549	0	0	0
5.721	1	3	573	2	1	28	549	0	0	0
5.722	1	3	573	3	1	28	549	0	0	0
5.723	1	3	573	4	1	28	549	0	0	0
5.724	1	3	573	5	1	28	549	0	0	0
5.725	1	3	573	6	1	28	549	0	0	0
5.726	1	3	573	7	1	28	549	0	0	0
5.727	1	3	573	8	1	28	549	0	0	0
5.728	1	3	573	9	1	28	549	0	0	0
5.729	1	3	573	10	1	28	549	0	0	0
5.73	1	3	574	1	1	28	549	0	0	0
5.731	1	3	574	2	1	28	549	0	0	0
5.732	1	3	574	3	1	28	549	0	0	0
5.733	1	3	574	4	1	28	549	0	0	0
5.734	1	3	574	5	1	28	549	0	0	0
5.735	1	3	574	6	1	28	549	0	0	0
5.736	1	3	574	7	1	28	549	0	0	0
5.737	1	3	574	8	1	28	549	0	0	0
5.738	1	3	574	9	1	28	549	0	0	0
5.739	1	3	574	10	1	28	549	0	0	0
5.74	1	3	575	1	1	28	549	0	0	0
5.741	1	3	575	2	1	28	549	0	0	0
5.742	1	3	575	3	1	28	549	0	0	0
5.743	1	3	575	4	1	28	549	0	0	0
5.744	1	3	575	5	1	28	549	0	0	0
5.745	1	3	575	6	1	28	549	0	0	0
5.746	1	3	575	7	1	28	549	0	0	0
5.747	1	3	575	8	1	28	549	0	0	0
5.748	1	3	575	9	1	28	549	0	0	0
5.749	1	3	575	10	1	28	549	0	0	0
5.75	1	3	576	1	1	28	549	0	0	0
5.751	1	3	576	2	1	28	549	0	0	0
5.752	1	3	576	3	1	28	549	0	0	0
5.753	1	3	576	4	1	28	549	0	0	0
5.754	1	3	576	5	1	28	549	0	0	0
5.755	1	3	576	6	1	28	549	0	0	0
5.756	1	3	576	7	1	28	549	0	0	0
5.757	1	3	576	8	1	28	549	0	0	0
5.758	1	3	576	9	1	28	549	0	0	0
5.759	1	3	576	10	1	28	549	0	0	0
5.76	1	3	577	1	1	28	549	0	0	0
5.761	1	3	577	2	1	28	549	0	0	0
5.762	1	3	577	3	1	28	549	0	0	0
5.763	1	3	577	4	1	28	549	0	0	0
5.764	1	3	577	5	1	28	549	0	0	0
5.765	1	3	577	6	1	28	549	0	0	0
5.766	1	3	577	7	1	28	549	0	0	0
5.767	1	3	577	8	1	28	549	0	0	0
5.768	1	3	577	9	1	28	549	0	0	0
5.769	1	3	577	10	1	28	549	0	0	0
5.77	1	3	578	1	1	28	549	0	0	0
5.771	1	3	578	2	1	28	549	0	0	0
5.772	1	3	578	3	1	28	549	0	0	0
5.773	1	3	578	4	1	28	549	0	0	0
5.774	1	3	578	5	1	28	549	0	0	0
5.775	1	3	578	6	1	28	549	0	0	0
5.776	1	3	578	7	1	28	549	0	0	0
5.777	1	3	578	8	1	28	549	0	0	0
5.778	1	3	578	9	1	28	549	0	0	0
5.779	1	3	578	10	1	28	549	0	0	0
5.78	1	3	579	1	1	28	549	0	0	0
5.781	1	3	579	2	1	28	549	0	0	0
5.782	1	3	579	3	1	28	549	0	0	0
5.783	1	3	579	4	1	28	549	0	0	0
5.784	1	3	579	5	1	28	549	0	0	0
5.785	1	3	579	6	1	28	549	0	0	0
5.786	1	3	579	7	1	28	549	0	0	0
5.787	1	3	579	8	1	28	549	0	0	0
5.788	1	3	579	9	1	28	549	0	0	0
5.789	1	3	579	10	1	28	549	0	0	0
5.79	1	3	580	1	1	28	549	0	0	0
5.791	1	3	580	2	1	28	549	0	0	0
5.792	1	3	580	3	1	28	549	0	0	0
5.793	1	3	580	4	1	28	549	0	0	0
5.794	1	3	580	5	1	28	549	0	0	0
5.795	1	3	580	6	1	28	549	0	0	0
5.796	1	3	580	7	1	28	549	0	0	0
5.797	1	3	580	8	1	28	549	0	0	0
5.798	1	3	580	9	1	28	549	0	0	0
5.799	1	3	580	10	1	28	549	0	0	0
5.8	1	3	581	1	1	28	549	0	0	0
5.801	1	3	581	2	1	28	549	0	0	0
5.802	1	3	581	3	1	28	549	0	0	0
5.803	1	3	581	4	1	28	549	0	0	0
5.804	1	3	581	5	1	28	549	0	0	0
5.805	1	3	581	6	1	28	549	0	0	0
5.806	1	3	581	7	1	28	549	0	0	0
5.807	1	3	581	8	1	28	549	0	0	0
5.808	1	3	581	9	1	28	549	0	0	0
5.809	1	3	581	10	1	28	549	0	0	0
5.81	1	3	582	1	1	28	549	0	0	0
5.811	1	3	582	2	1	28	549	0	0	0
5.812	1	3	582	3	1	28	549	0	0	0
5.813	1	3	582	4	1	28	549	0	0	0
5.814	1	3	582	5	1	28	549	0	0	0
5.815	1	3	582	6	1	28	549	0	0	0
5.816	1	3	582	7	1	28	549	0	0	0
5.817	1	3	582	8	1	28	549	0	0	0
5.818	1	3	582	9	1	28	549	0	0	0
5.819	1	3	582	10	1	28	549	0	0	0
5.82	1	3	583	1	1	28	549	0	0	0
5.821	1	3	583	2	1	28	549	0	0	0
5.822	1	3	583	3	1	28	549	0	0	0
5.823	1	3	583	4	1	28	549	0	0	0
5.824	1	3	583	5	1	28	549	0	0	0
5.825	1	3	583	6	1	28	549	0	0	0
5.826	1	3	583	7	1	28	549	0	0	0
5.827	1	3	583	8	1	28	549	0	0	0
5.828	1	3	583	9	1	28	549	0	0	0
5.829	1	3	583	10	1	28	549	0	0	0
5.83	1	3	584	1	1	28	549	0	0	0
5.831	1	3	584	2	1	28	549	0	0	0
5.832	1	3	584	3	1	28	549	0	0	0
5.833	1	3	584	4	1	28	549	0	0	0
5.834	1	3	584	5	1	28	549	0	0	0
5.835	1	3	584	6	1	28	549	0	0	0
5.836	1	3	584	7	1	28	549	0	0	0
5.837	1	3	584	8	1	28	549	0	0	0
5.838	1	3	584	9	1	28	549	0	0	0
5.839	1	3	584	10	1	28	549	0	0	0
5.84	1	3	585	1	1	28	549	0	0	0
5.841	1	3	585	2	1	28	549	0	0	0
5.842	1	3	585	3	1	28	549	0	0	0
5.843	1	3	585	4	1	28	549	0	0	0
5.844	1	3	585	5	1	28	549	0	0	0
5.845	1	3	585	6	1	28	549	0	0	0
5.846	1	3	585	7	1	28	549	0	0	0
5.847	1	3	585	8	1	28	549	0	0	0
5.848	1	3	585	9	1	28	549	0	0	0
5.849	1	3	585	10	1	28	549	0	0	0
5.85	1	3	586	1	1	28	549	0	0	0
5.851	1	3	586	2	1	28	549	0	0	0
5.852	1	3	586	3	1	28	549	0	0	0
5.853	1	3	586	4	1	28	549	0	0	0
5.854	1	3	586	5	1	28	549	0	0	0
5.855	1	3	586	6	1	28	549	0	0	0
5.856	1	3	586	7	1	28	549	0	0	0
5.857	1	3	586	8	1	28	549	0	0	0
5.858	1	3	586	9	1	28	549	0	0	0
5.859	1	3	586	10	1	28	549	0	0	0
5.86	1	3	587	1	1	28	549	0	0	0
5.861	1	3	587	2	1	28	549	0	0	0
5.862	1	3	587	3	1	28	549	0	0	0
5.863	1	3	587	4	1	28	549	0	0	0
5.864	1	3	587	5	1	28	549	0	0	0
5.865	1	3	587	6	1	28	549	0	0	0
5.866	1	3	587	7	1	28	549	0	0	0
5.867	1	3	587	8	1	28	549	0	0	0
5.868	1	3	587	9	1	28	549	0	0	0
5.869	1	3	587	10	1	28	549	0	0	0
5.87	1	3	588	1	1	28	549	0	0	0
5.871	1	3	588	2	1	28	549	0	0	0
5.872	1	3	588	3	1	28	549	0	0	0
5.873	1	3	588	4	1	28	549	0	0	0
5.874	1	3	588	5	1	28	549	0	0	0
5.875	1	3	588	6	1	28	549	0	0	0
5.876	1	3	588	7	1	28	549	0	0	0
5.877	1	3	588	8	1	28	549	0	0	0
5.878	1	3	588	9	1	28	549	0	0	0
5.879	1	3	588	10	1	28	549	0	0	0
5.88	1	3	589	1	1	28	549	0	0	0
5.881	1	3	589	2	1	28	549	0	0	0
5.882	1	3	589	3	1	28	549	0	0	0
5.883	1	3	589	4	1	28	549	0	0	0
5.884	1	3	589	5	1	28	549	0	0	0
5.885	1	3	589	6	1	28	549	0	0	0
5.886	1	3	589	7	1	28	549	0	0	0
5.887	1	3	589	8	1	28	549	0	0	0
5.888	1	3	589	9	1	28	549	0	0	0
5.889	1	3	589	10	1	28	549	0	0	0
5.89	1	3	590	1	1	28	549	0	0	0
5.891	1	3	590	2	1	28	549	0	0	0
5.892	1	3	590	3	1	28	549	0	0	0
5.893	1	3	590	4	1	28	549	0	0	0
5.894	1	3	590	5	1	28	549	0	0	0
5.895	1	3	590	6	1	28	549	0	0	0
5.896	1	3	590	7	1	28	549	0	0	0
5.897	1	3	590	8	1	28	549	0	0	0
5.898	1	3	590	9	1	28	549	0	0	0
5.899	1	3	590	10	1	28	549	0	0	0
5.9	1	3	591	1	1	28	549	0	0	0
5.901	1	3	591	2	1	28	549	0	0	0
5.902	1	3	591	3	1	28	549	0	0	0
5.903	1	3	591	4	1	28	549	0	0	0
5.904	1	3	591	5	1	28	549	0	0	0
5.905	1	3	591	6	1	28	549	0	0	0
5.906	1	3	591	7	1	28	549	0	0	0
5.907	1	3	591	8	1	28	549	0	0	0
5.908	1	3	591	9	1	28	549	0	0	0
5.909	1	3	591	10	1	28	549	0	0	0
5.91	1	3	592	1	1	28	549	0	0	0
5.911	1	3	592	2	1	28	549	0	0	0
5.912	1	3	592	3	1	28	549	0	0	0
5.913	1	3	592	4	1	28	549	0	0	0
5.914	1	3	592	5	1	28	549	0	0	0
5.915	1	3	592	6	1	28	549	0	0	0
5.916	1	3	592	7	1	28	549	0	0	0
5.917	1	3	592	8	1	28	549	0	0	0
5.918	1	3	592	9	1	28	549	0	0	0
5.919	1	3	592	10	1	28	549	0	0	0
5.92	1	3	593	1	1	28	549	0	0	0
5.921	1	3	593	2	1	28	549	0	0	0
5.922	1	3	593	3	1	28	549	0	0	0
5.923	1	3	593	4	1	28	549	0	0	0
5.924	1	3	593	5	1	28	549	0	0	0
5.925	1	3	593	6	1	28	549	0	0	0
5.926	1	3	593	7	1	28	549	0	0	0
5.927	1	3	593	8	1	28	549	0	0	0
5.928	1	3	593	9	1	28	549	0	0	0
5.929	1	3	593	10	1	28	549	0	0	0
5.93	1	3	594	1	1	28	549	0	0	0
5.931	1	3	594	2	1	28	549	0	0	0
5.932	1	3	594	3	1	28	549	0	0	0
5.933	1	3	594	4	1	28	549	0	0	0
5.934	1	3	594	5	1	28	549	0	0	0
5.935	1	3	594	6	1	28	549	0	0	0
5.936	1	3	594	7	1	28	549	0	0	0
5.937	1	3	594	8	1	28	549	0	0	0
5.938	1	3	594	9	1	28	549	0	0	0
5.939	1	3	594	10	1	28	549	0	0	0
5.94	1	3	595	1	1	28	549	0	0	0
5.941	1	3	595	2	1	28	549	0	0	0
5.942	1	3	595	3	1	28	549	0	0	0
5.943	1	3	595	4	1	28	549	0	0	0
5.944	1	3	595	5	1	28	549	0	0	0
5.945	1	3	595	6	1	28	549	0	0	0
5.946	1	3	595	7	1	28	549	0	0	0
5.947	1	3	595	8	1	28	549	0	0	0
5.948	1	3	595	9	1	28	549	0	0	0
5.949	1	3	595	10	1	28	549	0	0	0
5.95	1	3	596	1	1	28	549	0	0	0
5.951	1	3	596	2	1	28	549	0	0	0
5.952	1	3	596	3	1	28	549	0	0	0
5.953	1	3	596	4	1	28	549	0	0	0
5.954	1	3	596	5	1	28	549	0	0	0
5.955	1	3	596	6	1	28	549	0	0	0
5.956	1	3	596	7	1	28	549	0	0	0
5.957	1	3	596	8	1	28	549	0	0	0
5.958	1	3	596	9	1	28	549	0	0	0
5.959	1	3	596	10	1	28	549	0	0	0
5.96	1	3	597	1	1	28	549	0	0	0
5.961	1	3	597	2	1	28	549	0	0	0
5.962	1	3	597	3	1	28	549	0	0	0
5.963	1	3	597	4	1	28	549	0	0	0
5.964	1	3	597	5	1	28	549	0	0	0
5.965	1	3	597	6	1	28	549	0	0	0
5.966	1	3	597	7	1	28	549	0	0	0
5.967	1	3	597	8	1	28	549	0	0	0
5.968	1	3	597	9	1	28	549	0	0	0
5.969	1	3	597	10	1	28	549	0	0	0
5.97	1	3	598	1	1	28	549	0	0	0
5.971	1	3	598	2	1	28	549	0	0	0
5.972	1	3	598	3	1	28	549	0	0	0
5.973	1	3	598	4	1	28	549	0	0	0
5.974	1	3	598	5	1	28	549	0	0	0
5.975	1	3	598	6	1	28	549	0	0	0
5.976	1	3	598	7	1	28	549	0	0	0
5.977	1	3	598	8	1	28	549	0	0	0
5.978	1	3	598	9	1	28	549	0	0	0
5.979	1	3	598	10	1	28	549	0	0	0
5.98	1	3	599	1	1	28	549	0	0	0
5.981	1	3	599	2	1	28	549	0	0	0
5.982	1	3	599	3	1	28	549	0	0	0
5.983	1	3	599	4	1	28	549	0	0	0
5.984	1	3	599	5	1	28	549	0	0	0
5.985	1	3	599	6	1	28	549	0	0	0
5.986	1	3	599	7	1	28	549	0	0	0
5.987	1	3	599	8	1	28	549	0	0	0
5.988	1	3	599	9	1	28	549	0	0	0
5.989	1	3	599	10	1	28	549	0	0	0
5.99	1	3	600	1	1	28	549	0	0	0
5.991	1	3	600	2	1	28	549	0	0	0
5.992	1	3	600	3	1	28	549	0	0	0
5.993	1	3	600	4	1	28	549	0	0	0
5.994	1	3	600	5	1	28	549	0	0	0
5.995	1	3	600	6	1	28	549	0	0	0
5.996	1	3	600	7	1	28	549	0	0	0
5.997	1	3	600	8	1	28	549	0	0	0
5.998	1	3	600	9	1	28	549	0	0	0
5.999	1	3	600	10	1	28	549	0	0	0
6	1	3	601	1	1	28	549	0	0	0
6.001	1	3	601	2	1	28	549	0	0	0
6.002	1	3	601	3	1	28	549	0	0	0
6.003	1	3	601	4	1	28	549	0	0	0
6.004	1	3	601	5	1	28	549	0	0	0
6.005	1	3	601	6	1	28	549	0	0	0
6.006	1	3	601	7	1	28	549	0	0	0
6.007	1	3	601	8	1	28	549	0	0	0
6.008	1	3	601	9	1	28	549	0	0	0
6.009	1	3	601	10	1	28	549	0	0	0
6.01	1	3	602	1	1	28	549	0	0	0
6.011	1	3	602	2	1	28	549	0	0	0
6.012	1	3	602	3	1	28	549	0	0	0
6.013	1	3	602	4	1	28	549	0	0	0
6.014	1	3	602	5	1	28	549	0	0	0
6.015	1	3	602	6	1	28	549	0	0	0
6.016	1	3	602	7	1	28	549	0	0	0
6.017	1	3	602	8	1	28	549	0	0	0
6.018	1	3	602	9	1	28	549	0	0	0
6.019	1	3	602	10	1	28	549	0	0	0
6.02	1	3	603	1	1	28	549	0	0	0
6.021	1	3	603	2	1	28	549	0	0	0
6.022	1	3	603	3	1	28	549	0	0	0
6.023	1	3	603	4	1	28	549	0	0	0
6.024	1	3	603	5	1	28	549	0	0	0
6.025	1	3	603	6	1	28	549	0	0	0
6.026	1	3	603	7	1	28	549	0	0	0
6.027	1	3	603	8	1	28	549	0	0	0
6.028	1	3	603	9	1	28	549	0	0	0
6.029	1	3	603	10	1	28	549	0	0	0
6.03	1	3	604	1	1	28	549	0	0	0
6.031	1	3	604	2	1	28	549	0	0	0
6.032	1	3	604	3	1	28	549	0	0	0
6.033	1	3	604	4	1	28	549	0	0	0
6.034	1	3	604	5	1	28	549	0	0	0
6.035	1	3	604	6	1	28	549	0	0	0
6.036	1	3	604	7	1	28	549	0	0	0
6.037	1	3	604	8	1	28	549	0	0	0
6.038	1	3	604	9	1	28	549	0	0	0
6.039	1	3	604	10	1	28	549	0	0	0
6.04	1	3	605	1	1	28	549	0	0	0
6.041	1	3	605	2	1	28	549	0	0	0
6.042	1	3	605	3	1	28	549	0	0	0
6.043	1	3	605	4	1	28	549	0	0	0
6.044	1	3	605	5	1	28	549	0	0	0
6.045	1	3	605	6	1	28	549	0	0	0
6.046	1	3	605	7	1	28	549	0	0	0
6.047	1	3	605	8	1	28	549	0	0	0
6.048	1	3	605	9	1	28	549	0	0	0
6.049	1	3	605	10	1	28	549	0	0	0
6.05	1	3	606	1	1	28	549	0	0	0
6.051	1	3	606	2	1	28	549	0	0	0
6.052	1	3	606	3	1	28	549	0	0	0
6.053	1	3	606	4	1	28	549	0	0	0
6.054	1	3	606	5	1	28	549	0	0	0
6.055	1	3	606	6	1	28	549	0	0	0
6.056	1	3	606	7	1	28	549	0	0	0
6.057	1	3	606	8	1	28	549	0	0	0
6.058	1	3	606	9	1	28	549	0	0	0
6.059	1	3	606	10	1	28	549	0	0	0
6.06	1	3	607	1	1	28	549	0	0	0
6.061	1	3	607	2	1	28	549	0	0	0
6.062	1	3	607	3	1	28	549	0	0	0
6.063	1	3	607	4	1	28	549	0	0	0
6.064	1	3	607	5	1	28	549	0	0	0
6.065	1	3	607	6	1	28	549	0	0	0
6.066	1	3	607	7	1	28	549	0	0	0
6.067	1	3	607	8	1	28	549	0	0	0
6.068	1	3	607	9	1	28	549	0	0	0
6.069	1	3	607	10	1	28	549	0	0	0
6.07	1	3	608	1	1	28	549	0	0	0
6.071	1	3	608	2	1	28	549	0	0	0
6.072	1	3	608	3	1	28	549	0	0	0
6.073	1	3	608	4	1	28	549	0	0	0
6.074	1	3	608	5	1	28	549	0	0	0
6.075	1	3	608	6	1	28	549	0	0	0
6.076	1	3	608	7	1	28	549	0	0	0
6.077	1	3	608	8	1	28	549	0	0	0
6.078	1	3	608	9	1	28	549	0	0	0
6.079	1	3	608	10	1	28	549	0	0	0
6.08	1	3	609	1	1	28	549	0	0	0
6.081	1	3	609	2	1	28	549	0	0	0
6.082	1	3	609	3	1	28	549	0	0	0
6.083	1	3	609	4	1	28	549	0	0	0
6.084	1	3	609	5	1	28	549	0	0	0
6.085	1	3	609	6	1	28	549	0	0	0
6.086	1	3	609	7	1	28	549	0	0	0
6.087	1	3	609	8	1	28	549	0	0	0
6.088	1	3	609	9	1	28	549	0	0	0
6.089	1	3	609	10	1	28	549	0	0	0
6.09	1	3	610	1	1	28	549	0	0	0
6.091	1	3	610	2	1	28	549	0	0	0
6.092	1	3	610	3	1	28	549	0	0	0
6.093	1	3	610	4	1	28	549	0	0	0
6.094	1	3	610	5	1	28	549	0	0	0
6.095	1	3	610	6	1	28	549	0	0	0
6.096	1	3	610	7	1	28	549	0	0	0
6.097	1	3	610	8	1	28	549	0	0	0
6.098	1	3	610	9	1	28	549	0	0	0
6.099	1	3	610	10	1	28	549	0	0	0
6.1	1	3	611	1	1	28	549	0	0	0
6.101	1	3	611	2	1	28	549	0	0	0
6.102	1	3	611	3	1	28	549	0	0	0
6.103	1	3	611	4	1	28	549	0	0	0
6.104	1	3	611	5	1	28	549	0	0	0
6.105	1	3	611	6	1	28	549	0	0	0
6.106	1	3	611	7	1	28	549	0	0	0
6.107	1	3	611	8	1	28	549	0	0	0
6.108	1	3	611	9	1	28	549	0	0	0
6.109	1	3	611	10	1	28	549	0	0	0
6.11	1	3	612	1	1	28	549	0	0	0
6.111	1	3	612	2	1	28	549	0	0	0
6.112	1	3	612	3	1	28	549	0	0	0
6.113	1	3	612	4	1	28	549	0	0	0
6.114	1	3	612	5	1	28	549	0	0	0
6.115	1	3	612	6	1	28	549	0	0	0
6.116	1	3	612	7	1	28	549	0	0	0
6.117	1	3	612	8	1	28	549	0	0	0
6.118	1	3	612	9	1	28	549	0	0	0
6.119	1	3	612	10	1	28	549	0	0	0
6.12	1	3	613	1	1	28	549	0	0	0
6.121	1	3	613	2	1	28	549	0	0	0
6.122	1	3	613	3	1	28	549	0	0	0
6.123	1	3	613	4	1	28	549	0	0	0
6.124	1	3	613	5	1	28	549	0	0	0
6.125	1	3	613	6	1	28	549	0	0	0
6.126	1	3	613	7	1	28	549	0	0	0
6.127	1	3	613	8	1	28	549	0	0	0
6.128	1	3	613	9	1	28	549	0	0	0
6.129	1	3	613	10	1	28	549	0	0	0
6.13	1	3	614	1	1	28	549	0	0	0
6.131	1	3	614	2	1	28	549	0	0	0
6.132	1	3	614	3	1	28	549	0	0	0
6.133	1	3	614	4	1	28	549	0	0	0
6.134	1	3	614	5	1	28	549	0	0	0
6.135	1	3	614	6	1	28	549	0	0	0
6.136	1	3	614	7	1	28	549	0	0	0
6.137	1	3	614	8	1	28	549	0	0	0
6.138	1	3	614	9	1	28	549	0	0	0
6.139	1	3	614	10	1	28	549	0	0	0
6.14	1	3	615	1	1	28	549	0	0	0
6.141	1	3	615	2	1	28	549	0	0	0
6.142	1	3	615	3	1	28	549	0	0	0
6.143	1	3	615	4	1	28	549	0	0	0
6.144	1	3	615	5	1	28	549	0	0	0
6.145	1	3	615	6	1	28	549	0	0	0
6.146	1	3	615	7	1	28	549	0	0	0
6.147	1	3	615	8	1	28	549	0	0	0
6.148	1	3	615	9	1	28	549	0	0	0
6.149	1	3	615	10	1	28	549	0	0	0
6.15	1	3	616	1	1	28	549	0	0	0
6.151	1	3	616	2	1	28	549	0	0	0
6.152	1	3	616	3	1	28	549	0	0	0
6.153	1	3	616	4	1	28	549	0	0	0
6.154	1	3	616	5	1	28	549	0	0	0
6.155	1	3	616	6	1	28	549	0	0	0
6.156	1	3	616	7	1	28	549	0	0	0
6.157	1	3	616	8	1	28	549	0	0	0
6.158	1	3	616	9	1	28	549	0	0	0
6.159	1	3	616	10	1	28	549	0	0	0
6.16	1	3	617	1	1	28	549	0	0	0
6.161	1	3	617	2	1	28	549	0	0	0
6.162	1	3	617	3	1	28	549	0	0	0
6.163	1	3	617	4	1	28	549	0	0	0
6.164	1	3	617	5	1	28	549	0	0	0
6.165	1	3	617	6	1	28	549	0	0	0
6.166	1	3	617	7	1	28	549	0	0	0
6.167	1	3	617	8	1	28	549	0	0	0
6.168	1	3	617	9	1	28	549	0	0	0
6.169	1	3	617	10	1	28	549	0	0	0
6.17	1	3	618	1	1	28	549	0	0	0
6.171	1	3	618	2	1	28	549	0	0	0
6.172	1	3	618	3	1	28	549	0	0	0
6.173	1	3	618	4	1	28	549	0	0	0
6.174	1	3	618	5	1	28	549	0	0	0
6.175	1	3	618	6	1	28	549	0	0	0
6.176	1	3	618	7	1	28	549	0	0	0
6.177	1	3	618	8	1	28	549	0	0	0
6.178	1	3	618	9	1	28	549	0	0	0
6.179	1	3	618	10	1	28	549	0	0	0
6.18	1	3	619	1	1	28	549	0	0	0
6.181	1	3	619	2	1	28	549	0	0	0
6.182	1	3	619	3	1	28	549	0	0	0
6.183	1	3	619	4	1	28	549	0	0	0
6.184	1	3	619	5	1	28	549	0	0	0
6.185	1	3	619	6	1	28	549	0	0	0
6.186	1	3	619	7	1	28	549	0	0	0
6.187	1	3	619	8	1	28	549	0	0	0
6.188	1	3	619	9	1	28	549	0	0	0
6.189	1	3	619	10	1	28	549	0	0	0
6.19	1	3	620	1	1	28	549	0	0	0
6.191	1	3	620	2	1	28	549	0	0	0
6.192	1	3	620	3	1	28	549	0	0	0
6.193	1	3	620	4	1	28	549	0	0	0
6.194	1	3	620	5	1	28	549	0	0	0
6.195	1	3	620	6	1	28	549	0	0	0
6.196	1	3	620	7	1	28	549	0	0	0
6.197	1	3	620	8	1	28	549	0	0	0
6.198	1	3	620	9	1	28	549	0	0	0
6.199	1	3	620	10	1	28	549	0	0	0
6.2	1	3	621	1	1	28	549	0	0	0
6.201	1	3	621	2	1	28	549	0	0	0
6.202	1	3	621	3	1	28	549	0	0	0
6.203	1	3	621	4	1	28	549	0	0	0
6.204	1	3	621	5	1	28	549	0	0	0
6.205	1	3	621	6	1	28	549	0	0	0
6.206	1	3	621	7	1	28	549	0	0	0
6.207	1	3	621	8	1	28	549	0	0	0
6.208	1	3	621	9	1	28	549	0	0	0
6.209	1	3	621	10	1	28	549	0	0	0
6.21	1	3	622	1	1	28	549	0	0	0
6.211	1	3	622	2	1	28	549	0	0	0
6.212	1	3	622	3	1	28	549	0	0	0
6.213	1	3	622	4	1	28	549	0	0	0
6.214	1	3	622	5	1	28	549	0	0	0
6.215	1	3	622	6	1	28	549	0	0	0
6.216	1	3	622	7	1	28	549	0	0	0
6.217	1	3	622	8	1	28	549	0	0	0
6.218	1	3	622	9	1	28	549	0	0	0
6.219	1	3	622	10	1	28	549	0	0	0
6.22	1	3	623	1	1	28	549	0	0	0
6.221	1	3	623	2	1	28	549	0	0	0
6.222	1	3	623	3	1	28	549	0	0	0
6.223	1	3	623	4	1	28	549	0	0	0
6.224	1	3	623	5	1	28	549	0	0	0
6.225	1	3	623	6	1	28	549	0	0	0
6.226	1	3	623	7	1	28	549	0	0	0
6.227	1	3	623	8	1	28	549	0	0	0
6.228	1	3	623	9	1	28	549	0	0	0
6.229	1	3	623	10	1	28	549	0	0	0
6.23	1	3	624	1	1	28	549	0	0	0
6.231	1	3	624	2	1	28	549	0	0	0
6.232	1	3	624	3	1	28	549	0	0	0
6.233	1	3	624	4	1	28	549	0	0	0
6.234	1	3	624	5	1	28	549	0	0	0
6.235	1	3	624	6	1	28	549	0	0	0
6.236	1	3	624	7	1	28	549	0	0	0
6.237	1	3	624	8	1	28	549	0	0	0
6.238	1	3	624	9	1	28	549	0	0	0
6.239	1	3	624	10	1	28	549	0	0	0
6.24	1	3	625	1	1	28	549	0	0	0
6.241	1	3	625	2	1	28	549	0	0	0
6.242	1	3	625	3	1	28	549	0	0	0
6.243	1	3	625	4	1	28	549	0	0	0
6.244	1	3	625	5	1	28	549	0	0	0
6.245	1	3	625	6	1	28	549	0	0	0
6.246	1	3	625	7	1	28	549	0	0	0
6.247	1	3	625	8	1	28	549	0	0	0
6.248	1	3	625	9	1	28	549	0	0	0
6.249	1	3	625	10	1	28	549	0	0	0
6.25	1	3	626	1	1	28	549	0	0	0
6.251	1	3	626	2	1	28	549	0	0	0
6.252	1	3	626	3	1	28	549	0	0	0
6.253	1	3	626	4	1	28	549	0	0	0
6.254	1	3	626	5	1	28	549	0	0	0
6.255	1	3	626	6	1	28	549	0	0	0
6.256	1	3	626	7	1	28	549	0	0	0
6.257	1	3	626	8	1	28	549	0	0	0
6.258	1	3	626	9	1	28	549	0	0	0
6.259	1	3	626	10	1	28	549	0	0	0
6.26	1	3	627	1	1	28	549	0	0	0
6.261	1	3	627	2	1	28	549	0	0	0
6.262	1	3	627	3	1	28	549	0	0	0
6.263	1	3	627	4	1	28	549	0	0	0
6.264	1	3	627	5	1	28	549	0	0	0
6.265	1	3	627	6	1	28	549	0	0	0
6.266	1	3	627	7	1	28	549	0	0	0
6.267	1	3	627	8	1	28	549	0	0	0
6.268	1	3	627	9	1	28	549	0	0	0
6.269	1	3	627	10	1	28	549	0	0	0
6.27	1	3	628	1	1	28	549	0	0	0
6.271	1	3	628	2	1	28	549	0	0	0
6.272	1	3	628	3	1	28	549	0	0	0
6.273	1	3	628	4	1	28	549	0	0	0
6.274	1	3	628	5	1	28	549	0	0	0
6.275	1	3	628	6	1	28	549	0	0	0
6.276	1	3	628	7	1	28	549	0	0	0
6.277	1	3	628	8	1	28	549	0	0	0
6.278	1	3	628	9	1	28	549	0	0	0
6.279	1	3	628	10	1	28	549	0	0	0
6.28	1	3	629	1	1	28	549	0	0	0
6.281	1	3	629	2	1	28	549	0	0	0
6.282	1	3	629	3	1	28	549	0	0	0
6.283	1	3	629	4	1	28	549	0	0	0
6.284	1	3	629	5	1	28	549	0	0	0
6.285	1	3	629	6	1	28	549	0	0	0
6.286	1	3	629	7	1	28	549	0	0	0
6.287	1	3	629	8	1	28	549	0	0	0
6.288	1	3	629	9	1	28	549	0	0	0
6.289	1	3	629	10	1	28	549	0	0	0
6.29	1	3	630	1	1	28	549	0	0	0
6.291	1	3	630	2	1	28	549	0	0	0
6.292	1	3	630	3	1	28	549	0	0	0
6.293	1	3	630	4	1	28	549	0	0	0
6.294	1	3	630	5	1	28	549	0	0	0
6.295	1	3	630	6	1	28	549	0	0	0
6.296	1	3	630	7	1	28	549	0	0	0
6.297	1	3	630	8	1	28	549	0	0	0
6.298	1	3	630	9	1	28	549	0	0	0
6.299	1	3	630	10	1	28	549	0	0	0
6.3	1	3	631	1	1	28	549	0	0	0
6.301	1	3	631	2	1	28	549	0	0	0
6.302	1	3	631	3	1	28	549	0	0	0
6.303	1	3	631	4	1	28	549	0	0	0
6.304	1	3	631	5	1	28	549	0	0	0
6.305	1	3	631	6	1	28	549	0	0	0
6.306	1	3	631	7	1	28	549	0	0	0
6.307	1	3	631	8	1	28	549	0	0	0
6.308	1	3	631	9	1	28	549	0	0	0
6.309	1	3	631	10	1	28	549	0	0	0
6.31	1	3	632	1	1	28	549	0	0	0
6.311	1	3	632	2	1	28	549	0	0	0
6.312	1	3	632	3	1	28	549	0	0	0
6.313	1	3	632	4	1	28	549	0	0	0
6.314	1	3	632	5	1	28	549	0	0	0
6.315	1	3	632	6	1	28	549	0	0	0
6.316	1	3	632	7	1	28	549	0	0	0
6.317	1	3	632	8	1	28	549	0	0	0
6.318	1	3	632	9	1	28	549	0	0	0
6.319	1	3	632	10	1	28	549	0	0	0
6.32	1	3	633	1	1	28	549	0	0	0
6.321	1	3	633	2	1	28	549	0	0	0
6.322	1	3	633	3	1	28	549	0	0	0
6.323	1	3	633	4	1	28	549	0	0	0
6.324	1	3	633	5	1	28	549	0	0	0
6.325	1	3	633	6	1	28	549	0	0	0
6.326	1	3	633	7	1	28	549	0	0	0
6.327	1	3	633	8	1	28	549	0	0	0
6.328	1	3	633	9	1	28	549	0	0	0
6.329	1	3	633	10	1	28	549	0	0	0
6.33	1	3	634	1	1	28	549	0	0	0
6.331	1	3	634	2	1	28	549	0	0	0
6.332	1	3	634	3	1	28	549	0	0	0
6.333	1	3	634	4	1	28	549	0	0	0
6.334	1	3	634	5	1	28	549	0	0	0
6.335	1	3	634	6	1	28	549	0	0	0
6.336	1	3	634	7	1	28	549	0	0	0
6.337	1	3	634	8	1	28	549	0	0	0
6.338	1	3	634	9	1	28	549	0	0	0
6.339	1	3	634	10	1	28	549	0	0	0
6.34	1	3	635	1	1	28	549	0	0	0
6.341	1	3	635	2	1	28	549	0	0	0
6.342	1	3	635	3	1	28	549	0	0	0
6.343	1	3	635	4	1	28	549	0	0	0
6.344	1	3	635	5	1	28	549	0	0	0
6.345	1	3	635	6	1	28	549	0	0	0
6.346	1	3	635	7	1	28	549	0	0	0
6.347	1	3	635	8	1	28	549	0	0	0
6.348	1	3	635	9	1	28	549	0	0	0
6.349	1	3	635	10	1	28	549	0	0	0
6.35	1	3	636	1	1	28	549	0	0	0
6.351	1	3	636	2	1	28	549	0	0	0
6.352	1	3	636	3	1	28	549	0	0	0
6.353	1	3	636	4	1	28	549	0	0	0
6.354	1	3	636	5	1	28	549	0	0	0
6.355	1	3	636	6	1	28	549	0	0	0
6.356	1	3	636	7	1	28	549	0	0	0
6.357	1	3	636	8	1	28	549	0	0	0
6.358	1	3	636	9	1	28	549	0	0	0
6.359	1	3	636	10	1	28	549	0	0	0
6.36	1	3	637	1	1	28	549	0	0	0
6.361	1	3	637	2	1	28	549	0	0	0
6.362	1	3	637	3	1	28	549	0	0	0
6.363	1	3	637	4	1	28	549	0	0	0
6.364	1	3	637	5	1	28	549	0	0	0
6.365	1	3	637	6	1	28	549	0	0	0
6.366	1	3	637	7	1	28	549	0	0	0
6.367	1	3	637	8	1	28	549	0	0	0
6.368	1	3	637	9	1	28	549	0	0	0
6.369	1	3	637	10	1	28	549	0	0	0
6.37	1	3	638	1	1	28	549	0	0	0
6.371	1	3	638	2	1	28	549	0	0	0
6.372	1	3	638	3	1	28	549	0	0	0
6.373	1	3	638	4	1	28	549	0	0	0
6.374	1	3	638	5	1	28	549	0	0	0
6.375	1	3	638	6	1	28	549	0	0	0
6.376	1	3	638	7	1	28	549	0	0	0
6.377	1	3	638	8	1	28	549	0	0	0
6.378	1	3	638	9	1	28	549	0	0	0
6.379	1	3	638	10	1	28	549	0	0	0
6.38	1	3	639	1	1	28	549	0	0	0
6.381	1	3	639	2	1	28	549	0	0	0
6.382	1	3	639	3	1	28	549	0	0	0
6.383	1	3	639	4	1	28	549	0	0	0
6.384	1	3	639	5	1	28	549	0	0	0
6.385	1	3	639	6	1	28	549	0	0	0
6.386	1	3	639	7	1	28	549	0	0	0
6.387	1	3	639	8	1	28	549	0	0	0
6.388	1	3	639	9	1	28	549	0	0	0
6.389	1	3	639	10	1	28	549	0	0	0
6.39	1	3	640	1	1	28	549	0	0	0
6.391	1	3	640	2	1	28	549	0	0	0
6.392	1	3	640	3	1	28	549	0	0	0
6.393	1	3	640	4	1	28	549	0	0	0
6.394	1	3	640	5	1	28	549	0	0	0
6.395	1	3	640	6	1	28	549	0	0	0
6.396	1	3	640	7	1	28	549	0	0	0
6.397	1	3	640	8	1	28	549	0	0	0
6.398	1	3	640	9	1	28	549	0	0	0
6.399	1	3	640	10	1	28	549	0	0	0
6.4	1	3	641	1	1	28	549	0	0	0
6.401	1	3	641	2	1	28	549	0	0	0
6.402	1	3	641	3	1	28	549	0	0	0
6.403	1	3	641	4	1	28	549	0	0	0
6.404	1	3	641	5	1	28	549	0	0	0
6.405	1	3	641	6	1	28	549	0	0	0
6.406	1	3	641	7	1	28	549	0	0	0
6.407	1	3	641	8	1	28	549	0	0	0
6.408	1	3	641	9	1	28	549	0	0	0
6.409	1	3	641	10	1	28	549	0	0	0
6.41	1	3	642	1	1	28	549	0	0	0
6.411	1	3	642	2	1	28	549	0	0	0
6.412	1	3	642	3	1	28	549	0	0	0
6.413	1	3	642	4	1	28	549	0	0	0
6.414	1	3	642	5	1	28	549	0	0	0
6.415	1	3	642	6	1	28	549	0	0	0
6.416	1	3	642	7	1	28	549	0	0	0
6.417	1	3	642	8	1	28	549	0	0	0
6.418	1	3	642	9	1	28	549	0	0	0
6.419	1	3	642	10	1	28	549	0	0	0
6.42	1	3	643	1	1	28	549	0	0	0
6.421	1	3	643	2	1	28	549	0	0	0
6.422	1	3	643	3	1	28	549	0	0	0
6.423	1	3	643	4	1	28	549	0	0	0
6.424	1	3	643	5	1	28	549	0	0	0
6.425	1	3	643	6	1	28	549	0	0	0
6.426	1	3	643	7	1	28	549	0	0	0
6.427	1	3	643	8	1	28	549	0	0	0
6.428	1	3	643	9	1	28	549	0	0	0
6.429	1	3	643	10	1	28	549	0	0	0
6.43	1	3	644	1	1	28	549	0	0	0
6.431	1	3	644	2	1	28	549	0	0	0
6.432	1	3	644	3	1	28	549	0	0	0
6.433	1	3	644	4	1	28	549	0	0	0
6.434	1	3	644	5	1	28	549	0	0	0
6.435	1	3	644	6	1	28	549	0	0	0
6.436	1	3	644	7	1	28	549	0	0	0
6.437	1	3	644	8	1	28	549	0	0	0
6.438	1	3	644	9	1	28	549	0	0	0
6.439	1	3	644	10	1	28	549	0	0	0
6.44	1	3	645	1	1	28	549	0	0	0
6.441	1	3	645	2	1	28	549	0	0	0
6.442	1	3	645	3	1	28	549	0	0	0
6.443	1	3	645	4	1	28	549	0	0	0
6.444	1	3	645	5	1	28	549	0	0	0
6.445	1	3	645	6	1	28	549	0	0	0
6.446	1	3	645	7	1	28	549	0	0	0
6.447	1	3	645	8	1	28	549	0	0	0
6.448	1	3	645	9	1	28	549	0	0	0
6.449	1	3	645	10	1	28	549	0	0	0
6.45	1	3	646	1	1	28	549	0	0	0
6.451	1	3	646	2	1	28	549	0	0	0
6.452	1	3	646	3	1	28	549	0	0	0
6.453	1	3	646	4	1	28	549	0	0	0
6.454	1	3	646	5	1	28	549	0	0	0
6.455	1	3	646	6	1	28	549	0	0	0
6.456	1	3	646	7	1	28	549	0	0	0
6.457	1	3	646	8	1	28	549	0	0	0
6.458	1	3	646	9	1	28	549	0	0	0
6.459	1	3	646	10	1	28	549	0	0	0
6.46	1	3	647	1	1	28	549	0	0	0
6.461	1	3	647	2	1	28	549	0	0	0
6.462	1	3	647	3	1	28	549	0	0	0
6.463	1	3	647	4	1	28	549	0	0	0
6.464	1	3	647	5	1	28	549	0	0	0
6.465	1	3	647	6	1	28	549	0	0	0
6.466	1	3	647	7	1	28	549	0	0	0
6.467	1	3	647	8	1	28	549	0	0	0
6.468	1	3	647	9	1	28	549	0	0	0
6.469	1	3	647	10	1	28	549	0	0	0
6.47	1	3	648	1	1	28	549	0	0	0
6.471	1	3	648	2	1	28	549	0	0	0
6.472	1	3	648	3	1	28	549	0	0	0
6.473	1	3	648	4	1	28	549	0	0	0
6.474	1	3	648	5	1	28	549	0	0	0
6.475	1	3	648	6	1	28	549	0	0	0
6.476	1	3	648	7	1	28	549	0	0	0
6.477	1	3	648	8	1	28	549	0	0	0
6.478	1	3	648	9	1	28	549	0	0	0
6.479	1	3	648	10	1	28	549	0	0	0
6.48	1	3	649	1	1	28	549	0	0	0
6.481	1	3	649	2	1	28	549	0	0	0
6.482	1	3	649	3	1	28	549	0	0	0
6.483	1	3	649	4	1	28	549	0	0	0
6.484	1	3	649	5	1	28	549	0	0	0
6.485	1	3	649	6	1	28	549	0	0	0
6.486	1	3	649	7	1	28	549	0	0	0
6.487	1	3	649	8	1	28	549	0	0	0
6.488	1	3	649	9	1	28	549	0	0	0
6.489	1	3	649	10	1	28	549	0	0	0
6.49	1	3	650	1	1	28	549	0	0	0
6.491	1	3	650	2	1	28	549	0	0	0
6.492	1	3	650	3	1	28	549	0	0	0
6.493	1	3	650	4	1	28	549	0	0	0
6.494	1	3	650	5	1	28	549	0	0	0
6.495	1	3	650	6	1	28	549	0	0	0
6.496	1	3	650	7	1	28	549	0	0	0
6.497	1	3	650	8	1	28	549	0	0	0
6.498	1	3	650	9	1	28	549	0	0	0
6.499	1	3	650	10	1	28	549	0	0	0
6.5	1	3	651	1	1	28	549	0	0	0
6.501	1	3	651	2	1	28	549	0	0	0
6.502	1	3	651	3	1	28	549	0	0	0
6.503	1	3	651	4	1	28	549	0	0	0
6.504	1	3	651	5	1	28	549	0	0	0
6.505	1	3	651	6	1	28	549	0	0	0
6.506	1	3	651	7	1	28	549	0	0	0
6.507	1	3	651	8	1	28	549	0	0	0
6.508	1	3	651	9	1	28	549	0	0	0
6.509	1	3	651	10	1	28	549	0	0	0
6.51	1	3	652	1	1	28	549	0	0	0
6.511	1	3	652	2	1	28	549	0	0	0
6.512	1	3	652	3	1	28	549	0	0	0
6.513	1	3	652	4	1	28	549	0	0	0
6.514	1	3	652	5	1	28	549	0	0	0
6.515	1	3	652	6	1	28	549	0	0	0
6.516	1	3	652	7	1	28	549	0	0	0
6.517	1	3	652	8	1	28	549	0	0	0
6.518	1	3	652	9	1	28	549	0	0	0
6.519	1	3	652	10	1	28	549	0	0	0
6.52	1	3	653	1	1	28	549	0	0	0
6.521	1	3	653	2	1	28	549	0	0	0
6.522	1	3	653	3	1	28	549	0	0	0
6.523	1	3	653	4	1	28	549	0	0	0
6.524	1	3	653	5	1	28	549	0	0	0
6.525	1	3	653	6	1	28	549	0	0	0
6.526	1	3	653	7	1	28	549	0	0	0
6.527	1	3	653	8	1	28	549	0	0	0
6.528	1	3	653	9	1	28	549	0	0	0
6.529	1	3	653	10	1	28	549	0	0	0
6.53	1	3	654	1	1	28	549	0	0	0
6.531	1	3	654	2	1	28	549	0	0	0
6.532	1	3	654	3	1	28	549	0	0	0
6.533	1	3	654	4	1	28	549	0	0	0
6.534	1	3	654	5	1	28	549	0	0	0
6.535	1	3	654	6	1	28	549	0	0	0
6.536	1	3	654	7	1	28	549	0	0	0
6.537	1	3	654	8	1	28	549	0	0	0
6.538	1	3	654	9	1	28	549	0	0	0
6.539	1	3	654	10	1	28	549	0	0	0
6.54	1	3	655	1	1	28	549	0	0	0
6.541	1	3	655	2	1	28	549	0	0	0
6.542	1	3	655	3	1	28	549	0	0	0
6.543	1	3	655	4	1	28	549	0	0	0
6.544	1	3	655	5	1	28	549	0	0	0
6.545	1	3	655	6	1	28	549	0	0	0
6.546	1	3	655	7	1	28	549	0	0	0
6.547	1	3	655	8	1	28	549	0	0	0
6.548	1	3	655	9	1	28	549	0	0	0
6.549	1	3	655	10	1	28	549	0	0	0
6.55	1	3	656	1	1	28	549	0	0	0
6.551	1	3	656	2	1	28	549	0	0	0
6.552	1	3	656	3	1	28	549	0	0	0
6.553	1	3	656	4	1	28	549	0	0	0
6.554	1	3	656	5	1	28	549	0	0	0
6.555	1	3	656	6	1	28	549	0	0	0
6.556	1	3	656	7	1	28	549	0	0	0
6.557	1	3	656	8	1	28	549	0	0	0
6.558	1	3	656	9	1	28	549	0	0	0
6.559	1	3	656	10	1	28	549	0	0	0
6.56	1	3	657	1	1	28	549	0	0	0
6.561	1	3	657	2	1	28	549	0	0	0
6.562	1	3	657	3	1	28	549	0	0	0
6.563	1	3	657	4	1	28	549	0	0	0
6.564	1	3	657	5	1	28	549	0	0	0
6.565	1	3	657	6	1	28	549	0	0	0
6.566	1	3	657	7	1	28	549	0	0	0
6.567	1	3	657	8	1	28	549	0	0	0
6.568	1	3	657	9	1	28	549	0	0	0
6.569	1	3	657	10	1	28	549	0	0	0
6.57	1	3	658	1	1	28	549	0	0	0
6.571	1	3	658	2	1	28	549	0	0	0
6.572	1	3	658	3	1	28	549	0	0	0
6.573	1	3	658	4	1	28	549	0	0	0
6.574	1	3	658	5	1	28	549	0	0	0
6.575	1	3	658	6	1	28	549	0	0	0
6.576	1	3	658	7	1	28	549	0	0	0
6.577	1	3	658	8	1	28	549	0	0	0
6.578	1	3	658	9	1	28	549	0	0	0
6.579	1	3	658	10	1	28	549	0	0	0
6.58	1	3	659	1	1	28	549	0	0	0
6.581	1	3	659	2	1	28	549	0	0	0
6.582	1	3	659	3	1	28	549	0	0	0
6.583	1	3	659	4	1	28	549	0	0	0
6.584	1	3	659	5	1	28	549	0	0	0
6.585	1	3	659	6	1	28	549	0	0	0
6.586	1	3	659	7	1	28	549	0	0	0
6.587	1	3	659	8	1	28	549	0	0	0
6.588	1	3	659	9	1	28	549	0	0	0
6.589	1	3	659	10	1	28	549	0	0	0
6.59	1	3	660	1	1	28	549	0	0	0
6.591	1	3	660	2	1	28	549	0	0	0
6.592	1	3	660	3	1	28	549	0	0	0
6.593	1	3	660	4	1	28	549	0	0	0
6.594	1	3	660	5	1	28	549	0	0	0
6.595	1	3	660	6	1	28	549	0	0	0
6.596	1	3	660	7	1	28	549	0	0	0
6.597	1	3	660	8	1	28	549	0	0	0
6.598	1	3	660	9	1	28	549	0	0	0
6.599	1	3	660	10	1	28	549	0	0	0
6.6	1	3	661	1	1	28	549	0	0	0
6.601	1	3	661	2	1	28	549	0	0	0
6.602	1	3	661	3	1	28	549	0	0	0
6.603	1	3	661	4	1	28	549	0	0	0
6.604	1	3	661	5	1	28	549	0	0	0
6.605	1	3	661	6	1	28	549	0	0	0
6.606	1	3	661	7	1	28	549	0	0	0
6.607	1	3	661	8	1	28	549	0	0	0
6.608	1	3	661	9	1	28	549	0	0	0
6.609	1	3	661	10	1	28	549	0	0	0
6.61	1	3	662	1	1	28	549	0	0	0
6.611	1	3	662	2	1	28	549	0	0	0
6.612	1	3	662	3	1	28	549	0	0	0
6.613	1	3	662	4	1	28	549	0	0	0
6.614	1	3	662	5	1	28	549	0	0	0
6.615	1	3	662	6	1	28	549	0	0	0
6.616	1	3	662	7	1	28	549	0	0	0
6.617	1	3	662	8	1	28	549	0	0	0
6.618	1	3	662	9	1	28	549	0	0	0
6.619	1	3	662	10	1	28	549	0	0	0
6.62	1	3	663	1	1	28	549	0	0	0
6.621	1	3	663	2	1	28	549	0	0	0
6.622	1	3	663	3	1	28	549	0	0	0
6.623	1	3	663	4	1	28	549	0	0	0
6.624	1	3	663	5	1	28	549	0	0	0
6.625	1	3	663	6	1	28	549	0	0	0
6.626	1	3	663	7	1	28	549	0	0	0
6.627	1	3	663	8	1	28	549	0	0	0
6.628	1	3	663	9	1	28	549	0	0	0
6.629	1	3	663	10	1	28	549	0	0	0
6.63	1	3	664	1	1	28	549	0	0	0
6.631	1	3	664	2	1	28	549	0	0	0
6.632	1	3	664	3	1	28	549	0	0	0
6.633	1	3	664	4	1	28	549	0	0	0
6.634	1	3	664	5	1	28	549	0	0	0
6.635	1	3	664	6	1	28	549	0	0	0
6.636	1	3	664	7	1	28	549	0	0	0
6.637	1	3	664	8	1	28	549	0	0	0
6.638	1	3	664	9	1	28	549	0	0	0
6.639	1	3	664	10	1	28	549	0	0	0
6.64	1	3	665	1	1	28	549	0	0	0
6.641	1	3	665	2	1	28	549	0	0	0
6.642	1	3	665	3	1	28	549	0	0	0
6.643	1	3	665	4	1	28	549	0	0	0
6.644	1	3	665	5	1	28	549	0	0	0
6.645	1	3	665	6	1	28	549	0	0	0
6.646	1	3	665	7	1	28	549	0	0	0
6.647	1	3	665	8	1	28	549	0	0	0
6.648	1	3	665	9	1	28	549	0	0	0
6.649	1	3	665	10	1	28	549	0	0	0
6.65	1	3	666	1	1	28	549	0	0	0
6.651	1	3	666	2	1	28	549	0	0	0
6.652	1	3	666	3	1	28	549	0	0	0
6.653	1	3	666	4	1	28	549	0	0	0
6.654	1	3	666	5	1	28	549	0	0	0
6.655	1	3	666	6	1	28	549	0	0	0
6.656	1	3	666	7	1	28	549	0	0	0
6.657	1	3	666	8	1	28	549	0	0	0
6.658	1	3	666	9	1	28	549	0	0	0
6.659	1	3	666	10	1	28	549	0	0	0
6.66	1	3	667	1	1	28	549	0	0	0
6.661	1	3	667	2	1	28	549	0	0	0
6.662	1	3	667	3	1	28	549	0	0	0
6.663	1	3	667	4	1	28	549	0	0	0
6.664	1	3	667	5	1	28	549	0	0	0
6.665	1	3	667	6	1	28	549	0	0	0
6.666	1	3	667	7	1	28	549	0	0	0
6.667	1	3	667	8	1	28	549	0	0	0
6.668	1	3	667	9	1	28	549	0	0	0
6.669	1	3	667	10	1	28	549	0	0	0
6.67	1	3	668	1	1	28	549	0	0	0
6.671	1	3	668	2	1	28	549	0	0	0
6.672	1	3	668	3	1	28	549	0	0	0
6.673	1	3	668	4	1	28	549	0	0	0
6.674	1	3	668	5	1	28	549	0	0	0
6.675	1	3	668	6	1	28	549	0	0	0
6.676	1	3	668	7	1	28	549	0	0	0
6.677	1	3	668	8	1	28	549	0	0	0
6.678	1	3	668	9	1	28	549	0	0	0
6.679	1	3	668	10	1	28	549	0	0	0
6.68	1	3	669	1	1	28	549	0	0	0
6.681	1	3	669	2	1	28	549	0	0	0
6.682	1	3	669	3	1	28	549	0	0	0
6.683	1	3	669	4	1	28	549	0	0	0
6.684	1	3	669	5	1	28	549	0	0	0
6.685	1	3	669	6	1	28	549	0	0	0
6.686	1	3	669	7	1	28	549	0	0	0
6.687	1	3	669	8	1	28	549	0	0	0
6.688	1	3	669	9	1	28	549	0	0	0
6.689	1	3	669	10	1	28	549	0	0	0
6.69	1	3	670	1	1	28	549	0	0	0
6.691	1	3	670	2	1	28	549	0	0	0
6.692	1	3	670	3	1	28	549	0	0	0
6.693	1	3	670	4	1	28	549	0	0	0
6.694	1	3	670	5	1	28	549	0	0	0
6.695	1	3	670	6	1	28	549	0	0	0
6.696	1	3	670	7	1	28	549	0	0	0
6.697	1	3	670	8	1	28	549	0	0	0
6.698	1	3	670	9	1	28	549	0	0	0
6.699	1	3	670	10	1	28	549	0	0	0
6.7	1	3	671	1	1	28	549	0	0	0
6.701	1	3	671	2	1	28	549	0	0	0
6.702	1	3	671	3	1	28	549	0	0	0
6.703	1	3	671	4	1	28	549	0	0	0
6.704	1	3	671	5	1	28	549	0	0	0
6.705	1	3	671	6	1	28	549	0	0	0
6.706	1	3	671	7	1	28	549	0	0	0
6.707	1	3	671	8	1	28	549	0	0	0
6.708	1	3	671	9	1	28	549	0	0	0
6.709	1	3	671	10	1	28	549	0	0	0
6.71	1	3	672	1	1	28	549	0	0	0
6.711	1	3	672	2	1	28	549	0	0	0
6.712	1	3	672	3	1	28	549	0	0	0
6.713	1	3	672	4	1	28	549	0	0	0
6.714	1	3	672	5	1	28	549	0	0	0
6.715	1	3	672	6	1	28	549	0	0	0
6.716	1	3	672	7	1	28	549	0	0	0
6.717	1	3	672	8	1	28	549	0	0	0
6.718	1	3	672	9	1	28	549	0	0	0
6.719	1	3	672	10	1	28	549	0	0	0
6.72	1	3	673	1	1	28	549	0	0	0
6.721	1	3	673	2	1	28	549	0	0	0
6.722	1	3	673	3	1	28	549	0	0	0
6.723	1	3	673	4	1	28	549	0	0	0
6.724	1	3	673	5	1	28	549	0	0	0
6.725	1	3	673	6	1	28	549	0	0	0
6.726	1	3	673	7	1	28	549	0	0	0
6.727	1	3	673	8	1	28	549	0	0	0
6.728	1	3	673	9	1	28	549	0	0	0
6.729	1	3	673	10	1	28	549	0	0	0
6.73	1	3	674	1	1	28	549	0	0	0
6.731	1	3	674	2	1	28	549	0	0	0
6.732	1	3	674	3	1	28	549	0	0	0
6.733	1	3	674	4	1	28	549	0	0	0
6.734	1	3	674	5	1	28	549	0	0	0
6.735	1	3	674	6	1	28	549	0	0	0
6.736	1	3	674	7	1	28	549	0	0	0
6.737	1	3	674	8	1	28	549	0	0	0
6.738	1	3	674	9	1	28	549	0	0	0
6.739	1	3	674	10	1	28	549	0	0	0
6.74	1	3	675	1	1	28	549	0	0	0
6.741	1	3	675	2	1	28	549	0	0	0
6.742	1	3	675	3	1	28	549	0	0	0
6.743	1	3	675	4	1	28	549	0	0	0
6.744	1	3	675	5	1	28	549	0	0	0
6.745	1	3	675	6	1	28	549	0	0	0
6.746	1	3	675	7	1	28	549	0	0	0
6.747	1	3	675	8	1	28	549	0	0	0
6.748	1	3	675	9	1	28	549	0	0	0
6.749	1	3	675	10	1	28	549	0	0	0
6.75	1	3	676	1	1	28	549	0	0	0
6.751	1	3	676	2	1	28	549	0	0	0
6.752	1	3	676	3	1	28	549	0	0	0
6.753	1	3	676	4	1	28	549	0	0	0
6.754	1	3	676	5	1	28	549	0	0	0
6.755	1	3	676	6	1	28	549	0	0	0
6.756	1	3	676	7	1	28	549	0	0	0
6.757	1	3	676	8	1	28	549	0	0	0
6.758	1	3	676	9	1	28	549	0	0	0
6.759	1	3	676	10	1	28	549	0	0	0
6.76	1	3	677	1	1	28	549	0	0	0
6.761	1	3	677	2	1	28	549	0	0	0
6.762	1	3	677	3	1	28	549	0	0	0
6.763	1	3	677	4	1	28	549	0	0	0
6.764	1	3	677	5	1	28	549	0	0	0
6.765	1	3	677	6	1	28	549	0	0	0
6.766	1	3	677	7	1	28	549	0	0	0
6.767	1	3	677	8	1	28	549	0	0	0
6.768	1	3	677	9	1	28	549	0	0	0
6.769	1	3	677	10	1	28	549	0	0	0
6.77	1	3	678	1	1	28	549	0	0	0
6.771	1	3	678	2	1	28	549	0	0	0
6.772	1	3	678	3	1	28	549	0	0	0
6.773	1	3	678	4	1	28	549	0	0	0
6.774	1	3	678	5	1	28	549	0	0	0
6.775	1	3	678	6	1	28	549	0	0	0
6.776	1	3	678	7	1	28	549	0	0	0
6.777	1	3	678	8	1	28	549	0	0	0
6.778	1	3	678	9	1	28	549	0	0	0
6.779	1	3	678	10	1	28	549	0	0	0
6.78	1	3	679	1	1	28	549	0	0	0
6.781	1	3	679	2	1	28	549	0	0	0
6.782	1	3	679	3	1	28	549	0	0	0
6.783	1	3	679	4	1	28	549	0	0	0
6.784	1	3	679	5	1	28	549	0	0	0
6.785	1	3	679	6	1	28	549	0	0	0
6.786	1	3	679	7	1	28	549	0	0	0
6.787	1	3	679	8	1	28	549	0	0	0
6.788	1	3	679	9	1	28	549	0	0	0
6.789	1	3	679	10	1	28	549	0	0	0
6.79	1	3	680	1	1	28	549	0	0	0
6.791	1	3	680	2	1	28	549	0	0	0
6.792	1	3	680	3	1	28	549	0	0	0
6.793	1	3	680	4	1	28	549	0	0	0
6.794	1	3	680	5	1	28	549	0	0	0
6.795	1	3	680	6	1	28	549	0	0	0
6.796	1	3	680	7	1	28	549	0	0	0
6.797	1	3	680	8	1	28	549	0	0	0
6.798	1	3	680	9	1	28	549	0	0	0
6.799	1	3	680	10	1	28	549	0	0	0
6.8	1	3	681	1	1	28	549	0	0	0
6.801	1	3	681	2	1	28	549	0	0	0
6.802	1	3	681	3	1	28	549	0	0	0
6.803	1	3	681	4	1	28	549	0	0	0
6.804	1	3	681	5	1	28	549	0	0	0
6.805	1	3	681	6	1	28	549	0	0	0
6.806	1	3	681	7	1	28	549	0	0	0
6.807	1	3	681	8	1	28	549	0	0	0
6.808	1	3	681	9	1	28	549	0	0	0
6.809	1	3	681	10	1	28	549	0	0	0
6.81	1	3	682	1	1	28	549	0	0	0
6.811	1	3	682	2	1	28	549	0	0	0
6.812	1	3	682	3	1	28	549	0	0	0
6.813	1	3	682	4	1	28	549	0	0	0
6.814	1	3	682	5	1	28	549	0	0	0
6.815	1	3	682	6	1	28	549	0	0	0
6.816	1	3	682	7	1	28	549	0	0	0
6.817	1	3	682	8	1	28	549	0	0	0
6.818	1	3	682	9	1	28	549	0	0	0
6.819	1	3	682	10	1	28	549	0	0	0
6.82	1	3	683	1	1	28	549	0	0	0
6.821	1	3	683	2	1	28	549	0	0	0
6.822	1	3	683	3	1	28	549	0	0	0
6.823	1	3	683	4	1	28	549	0	0	0
6.824	1	3	683	5	1	28	549	0	0	0
6.825	1	3	683	6	1	28	549	0	0	0
6.826	1	3	683	7	1	28	549	0	0	0
6.827	1	3	683	8	1	28	549	0	0	0
6.828	1	3	683	9	1	28	549	0	0	0
6.829	1	3	683	10	1	28	549	0	0	0
6.83	1	3	684	1	1	28	549	0	0	0
6.831	1	3	684	2	1	28	549	0	0	0
6.832	1	3	684	3	1	28	549	0	0	0
6.833	1	3	684	4	1	28	549	0	0	0
6.834	1	3	684	5	1	28	549	0	0	0
6.835	1	3	684	6	1	28	549	0	0	0
6.836	1	3	684	7	1	28	549	0	0	0
6.837	1	3	684	8	1	28	549	0	0	0
6.838	1	3	684	9	1	28	549	0	0	0
6.839	1	3	684	10	1	28	549	0	0	0
6.84	1	3	685	1	1	28	549	0	0	0
6.841	1	3	685	2	1	28	549	0	0	0
6.842	1	3	685	3	1	28	549	0	0	0
6.843	1	3	685	4	1	28	549	0	0	0
6.844	1	3	685	5	1	28	549	0	0	0
6.845	1	3	685	6	1	28	549	0	0	0
6.846	1	3	685	7	1	28	549	0	0	0
6.847	1	3	685	8	1	28	549	0	0	0
6.848	1	3	685	9	1	28	549	0	0	0
6.849	1	3	685	10	1	28	549	0	0	0
6.85	1	3	686	1	1	28	549	0	0	0
6.851	1	3	686	2	1	28	549	0	0	0
6.852	1	3	686	3	1	28	549	0	0	0
6.853	1	3	686	4	1	28	549	0	0	0
6.854	1	3	686	5	1	28	549	0	0	0
6.855	1	3	686	6	1	28	549	0	0	0
6.856	1	3	686	7	1	28	549	0	0	0
6.857	1	3	686	8	1	28	549	0	0	0
6.858	1	3	686	9	1	28	549	0	0	0
6.859	1	3	686	10	1	28	549	0	0	0
6.86	1	3	687	1	1	28	549	0	0	0
6.861	1	3	687	2	1	28	549	0	0	0
6.862	1	3	687	3	1	28	549	0	0	0
6.863	1	3	687	4	1	28	549	0	0	0
6.864	1	3	687	5	1	28	549	0	0	0
6.865	1	3	687	6	1	28	549	0	0	0
6.866	1	3	687	7	1	28	549	0	0	0
6.867	1	3	687	8	1	28	549	0	0	0
6.868	1	3	687	9	1	28	549	0	0	0
6.869	1	3	687	10	1	28	549	0	0	0
6.87	1	3	688	1	1	28	549	0	0	0
6.871	1	3	688	2	1	28	549	0	0	0
6.872	1	3	688	3	1	28	549	0	0	0
6.873	1	3	688	4	1	28	549	0	0	0
6.874	1	3	688	5	1	28	549	0	0	0
6.875	1	3	688	6	1	28	549	0	0	0
6.876	1	3	688	7	1	28	549	0	0	0
6.877	1	3	688	8	1	28	549	0	0	0
6.878	1	3	688	9	1	28	549	0	0	0
6.879	1	3	688	10	1	28	549	0	0	0
6.88	1	3	689	1	1	28	549	0	0	0
6.881	1	3	689	2	1	28	549	0	0	0
6.882	1	3	689	3	1	28	549	0	0	0
6.883	1	3	689	4	1	28	549	0	0	0
6.884	1	3	689	5	1	28	549	0	0	0
6.885	1	3	689	6	1	28	549	0	0	0
6.886	1	3	689	7	1	28	549	0	0	0
6.887	1	3	689	8	1	28	549	0	0	0
6.888	1	3	689	9	1	28	549	0	0	0
6.889	1	3	689	10	1	28	549	0	0	0
6.89	1	3	690	1	1	28	549	0	0	0
6.891	1	3	690	2	1	28	549	0	0	0
6.892	1	3	690	3	1	28	549	0	0	0
6.893	1	3	690	4	1	28	549	0	0	0
6.894	1	3	690	5	1	28	549	0	0	0
6.895	1	3	690	6	1	28	549	0	0	0
6.896	1	3	690	7	1	28	549	0	0	0
6.897	1	3	690	8	1	28	549	0	0	0
6.898	1	3	690	9	1	28	549	0	0	0
6.899	1	3	690	10	1	28	549	0	0	0
6.9	1	3	691	1	1	28	549	0	0	0
6.901	1	3	691	2	1	28	549	0	0	0
6.902	1	3	691	3	1	28	549	0	0	0
6.903	1	3	691	4	1	28	549	0	0	0
6.904	1	3	691	5	1	28	549	0	0	0
6.905	1	3	691	6	1	28	549	0	0	0
6.906	1	3	691	7	1	28	549	0	0	0
6.907	1	3	691	8	1	28	549	0	0	0
6.908	1	3	691	9	1	28	549	0	0	0
6.909	1	3	691	10	1	28	549	0	0	0
6.91	1	3	692	1	1	28	549	0	0	0
6.911	1	3	692	2	1	28	549	0	0	0
6.912	1	3	692	3	1	28	549	0	0	0
6.913	1	3	692	4	1	28	549	0	0	0
6.914	1	3	692	5	1	28	549	0	0	0
6.915	1	3	692	6	1	28	549	0	0	0
6.916	1	3	692	7	1	28	549	0	0	0
6.917	1	3	692	8	1	28	549	0	0	0
6.918	1	3	692	9	1	28	549	0	0	0
6.919	1	3	692	10	1	28	549	0	0	0
6.92	1	3	693	1	1	28	549	0	0	0
6.921	1	3	693	2	1	28	549	0	0	0
6.922	1	3	693	3	1	28	549	0	0	0
6.923	1	3	693	4	1	28	549	0	0	0
6.924	1	3	693	5	1	28	549	0	0	0
6.925	1	3	693	6	1	28	549	0	0	0
6.926	1	3	693	7	1	28	549	0	0	0
6.927	1	3	693	8	1	28	549	0	0	0
6.928	1	3	693	9	1	28	549	0	0	0
6.929	1	3	693	10	1	28	549	0	0	0
6.93	1	3	694	1	1	28	549	0	0	0
6.931	1	3	694	2	1	28	549	0	0	0
6.932	1	3	694	3	1	28	549	0	0	0
6.933	1	3	694	4	1	28	549	0	0	0
6.934	1	3	694	5	1	28	549	0	0	0
6.935	1	3	694	6	1	28	549	0	0	0
6.936	1	3	694	7	1	28	549	0	0	0
6.937	1	3	694	8	1	28	549	0	0	0
6.938	1	3	694	9	1	28	549	0	0	0
6.939	1	3	694	10	1	28	549	0	0	0
6.94	1	3	695	1	1	28	549	0	0	0
6.941	1	3	695	2	1	28	549	0	0	0
6.942	1	3	695	3	1	28	549	0	0	0
6.943	1	3	695	4	1	28	549	0	0	0
6.944	1	3	695	5	1	28	549	0	0	0
6.945	1	3	695	6	1	28	549	0	0	0
6.946	1	3	695	7	1	28	549	0	0	0
6.947	1	3	695	8	1	28	549	0	0	0
6.948	1	3	695	9	1	28	549	0	0	0
6.949	1	3	695	10	1	28	549	0	0	0
6.95	1	3	696	1	1	28	549	0	0	0
6.951	1	3	696	2	1	28	549	0	0	0
6.952	1	3	696	3	1	28	549	0	0	0
6.953	1	3	696	4	1	28	549	0	0	0
6.954	1	3	696	5	1	28	549	0	0	0
6.955	1	3	696	6	1	28	549	0	0	0
6.956	1	3	696	7	1	28	549	0	0	0
6.957	1	3	696	8	1	28	549	0	0	0
6.958	1	3	696	9	1	28	549	0	0	0
6.959	1	3	696	10	1	28	549	0	0	0
6.96	1	3	697	1	1	28	549	0	0	0
6.961	1	3	697	2	1	28	549	0	0	0
6.962	1	3	697	3	1	28	549	0	0	0
6.963	1	3	697	4	1	28	549	0	0	0
6.964	1	3	697	5	1	28	549	0	0	0
6.965	1	3	697	6	1	28	549	0	0	0
6.966	1	3	697	7	1	28	549	0	0	0
6.967	1	3	697	8	1	28	549	0	0	0
6.968	1	3	697	9	1	28	549	0	0	0
6.969	1	3	697	10	1	28	549	0	0	0
6.97	1	3	698	1	1	28	549	0	0	0
6.971	1	3	698	2	1	28	549	0	0	0
6.972	1	3	698	3	1	28	549	0	0	0
6.973	1	3	698	4	1	28	549	0	0	0
6.974	1	3	698	5	1	28	549	0	0	0
6.975	1	3	698	6	1	28	549	0	0	0
6.976	1	3	698	7	1	28	549	0	0	0
6.977	1	3	698	8	1	28	549	0	0	0
6.978	1	3	698	9	1	28	549	0	0	0
6.979	1	3	698	10	1	28	549	0	0	0
6.98	1	3	699	1	1	28	549	0	0	0
6.981	1	3	699	2	1	28	549	0	0	0
6.982	1	3	699	3	1	28	549	0	0	0
6.983	1	3	699	4	1	28	549	0	0	0
6.984	1	3	699	5	1	28	549	0	0	0
6.985	1	3	699	6	1	28	549	0	0	0
6.986	1	3	699	7	1	28	549	0	0	0
6.987	1	3	699	8	1	28	549	0	0	0
6.988	1	3	699	9	1	28	549	0	0	0
6.989	1	3	699	10	1	28	549	0	0	0
6.99	1	3	700	1	1	28	549	0	0	0
6.991	1	3	700	2	1	28	549	0	0	0
6.992	1	3	700	3	1	28	549	0	0	0
6.993	1	3	700	4	1	28	549	0	0	0
6.994	1	3	700	5	1	28	549	0	0	0
6.995	1	3	700	6	1	28	549	0	0	0
6.996	1	3	700	7	1	28	549	0	0	0
6.997	1	3	700	8	1	28	549	0	0	0
6.998	1	3	700	9	1	28	549	0	0	0
6.999	1	3	700	10	1	28	549	0	0	0
