% time	cellId	IMSI	frame	sframe	RNTI	mcsTb1	sizeTb1	mcsTb2	sizeTb2	ccId
4	1	1	401	1	3	28	749	0	0	0
4.001	1	1	401	2	3	28	749	0	0	0
4.002	1	1	401	3	3	28	749	0	0	0
4.003	1	1	401	4	3	28	749	0	0	0
4.004	1	1	401	5	3	28	749	0	0	0
4.005	1	1	401	6	3	28	749	0	0	0
4.006	1	1	401	7	3	28	749	0	0	0
4.007	1	1	401	8	3	28	749	0	0	0
4.008	1	1	401	9	3	28	749	0	0	0
4.009	1	1	401	10	3	28	749	0	0	0
4.01	1	1	402	1	3	28	749	0	0	0
4.011	1	1	402	2	3	28	749	0	0	0
4.012	1	1	402	3	3	28	749	0	0	0
4.013	1	1	402	4	3	28	749	0	0	0
4.014	1	1	402	5	3	28	749	0	0	0
4.015	1	1	402	6	3	28	749	0	0	0
4.016	1	1	402	7	3	28	749	0	0	0
4.017	1	1	402	8	3	28	749	0	0	0
4.018	1	1	402	9	3	28	749	0	0	0
4.019	1	1	402	10	3	28	749	0	0	0
4.02	1	1	403	1	3	28	749	0	0	0
4.021	1	1	403	2	3	28	749	0	0	0
4.022	1	1	403	3	3	28	749	0	0	0
4.023	1	1	403	4	3	28	749	0	0	0
4.024	1	1	403	5	3	28	749	0	0	0
4.025	1	1	403	6	3	28	749	0	0	0
4.026	1	1	403	7	3	28	749	0	0	0
4.027	1	1	403	8	3	28	749	0	0	0
4.028	1	1	403	9	3	28	749	0	0	0
4.029	1	1	403	10	3	28	749	0	0	0
4.03	1	1	404	1	3	28	749	0	0	0
4.031	1	1	404	2	3	28	749	0	0	0
4.032	1	1	404	3	3	28	749	0	0	0
4.033	1	1	404	4	3	28	749	0	0	0
4.034	1	1	404	5	3	28	749	0	0	0
4.035	1	1	404	6	3	28	749	0	0	0
4.036	1	1	404	7	3	28	749	0	0	0
4.037	1	1	404	8	3	28	749	0	0	0
4.038	1	1	404	9	3	28	749	0	0	0
4.039	1	1	404	10	3	28	749	0	0	0
4.04	1	1	405	1	3	28	749	0	0	0
4.041	1	1	405	2	3	28	749	0	0	0
4.042	1	1	405	3	3	28	749	0	0	0
4.043	1	1	405	4	3	28	749	0	0	0
4.044	1	1	405	5	3	28	749	0	0	0
4.045	1	1	405	6	3	28	749	0	0	0
4.046	1	1	405	7	3	28	749	0	0	0
4.047	1	1	405	8	3	28	749	0	0	0
4.048	1	1	405	9	3	28	749	0	0	0
4.049	1	1	405	10	3	28	749	0	0	0
4.05	1	1	406	1	3	28	749	0	0	0
4.051	1	1	406	2	3	28	749	0	0	0
4.052	1	1	406	3	3	28	749	0	0	0
4.053	1	1	406	4	3	28	749	0	0	0
4.054	1	1	406	5	3	28	749	0	0	0
4.055	1	1	406	6	3	28	749	0	0	0
4.056	1	1	406	7	3	28	749	0	0	0
4.057	1	1	406	8	3	28	749	0	0	0
4.058	1	1	406	9	3	28	749	0	0	0
4.059	1	1	406	10	3	28	749	0	0	0
4.06	1	1	407	1	3	28	749	0	0	0
4.061	1	1	407	2	3	28	749	0	0	0
4.062	1	1	407	3	3	28	749	0	0	0
4.063	1	1	407	4	3	28	749	0	0	0
4.064	1	1	407	5	3	28	749	0	0	0
4.065	1	1	407	6	3	28	749	0	0	0
4.066	1	1	407	7	3	28	749	0	0	0
4.067	1	1	407	8	3	28	749	0	0	0
4.068	1	1	407	9	3	28	749	0	0	0
4.069	1	1	407	10	3	28	749	0	0	0
4.07	1	1	408	1	3	28	749	0	0	0
4.071	1	1	408	2	3	28	749	0	0	0
4.072	1	1	408	3	3	28	749	0	0	0
4.073	1	1	408	4	3	28	749	0	0	0
4.074	1	1	408	5	3	28	749	0	0	0
4.075	1	1	408	6	3	28	749	0	0	0
4.076	1	1	408	7	3	28	749	0	0	0
4.077	1	1	408	8	3	28	749	0	0	0
4.078	1	1	408	9	3	28	749	0	0	0
4.079	1	1	408	10	3	28	749	0	0	0
4.08	1	1	409	1	3	28	749	0	0	0
4.081	1	1	409	2	3	28	749	0	0	0
4.082	1	1	409	3	3	28	749	0	0	0
4.083	1	1	409	4	3	28	749	0	0	0
4.084	1	1	409	5	3	28	749	0	0	0
4.085	1	1	409	6	3	28	749	0	0	0
4.086	1	1	409	7	3	28	749	0	0	0
4.087	1	1	409	8	3	28	749	0	0	0
4.088	1	1	409	9	3	28	749	0	0	0
4.089	1	1	409	10	3	28	749	0	0	0
4.09	1	1	410	1	3	28	749	0	0	0
4.091	1	1	410	2	3	28	749	0	0	0
4.092	1	1	410	3	3	28	749	0	0	0
4.093	1	1	410	4	3	28	749	0	0	0
4.094	1	1	410	5	3	28	749	0	0	0
4.095	1	1	410	6	3	28	749	0	0	0
4.096	1	1	410	7	3	28	749	0	0	0
4.097	1	1	410	8	3	28	749	0	0	0
4.098	1	1	410	9	3	28	749	0	0	0
4.099	1	1	410	10	3	28	749	0	0	0
4.1	1	1	411	1	3	28	749	0	0	0
4.101	1	1	411	2	3	28	749	0	0	0
4.102	1	1	411	3	3	28	749	0	0	0
4.103	1	1	411	4	3	28	749	0	0	0
4.104	1	1	411	5	3	28	749	0	0	0
4.105	1	1	411	6	3	28	749	0	0	0
4.106	1	1	411	7	3	28	749	0	0	0
4.107	1	1	411	8	3	28	749	0	0	0
4.108	1	1	411	9	3	28	749	0	0	0
4.109	1	1	411	10	3	28	749	0	0	0
4.11	1	1	412	1	3	28	749	0	0	0
4.111	1	1	412	2	3	28	749	0	0	0
4.112	1	1	412	3	3	28	749	0	0	0
4.113	1	1	412	4	3	28	749	0	0	0
4.114	1	1	412	5	3	28	749	0	0	0
4.115	1	1	412	6	3	28	749	0	0	0
4.116	1	1	412	7	3	28	749	0	0	0
4.117	1	1	412	8	3	28	749	0	0	0
4.118	1	1	412	9	3	28	749	0	0	0
4.119	1	1	412	10	3	28	749	0	0	0
4.12	1	1	413	1	3	28	749	0	0	0
4.121	1	1	413	2	3	28	749	0	0	0
4.122	1	1	413	3	3	28	749	0	0	0
4.123	1	1	413	4	3	28	749	0	0	0
4.124	1	1	413	5	3	28	749	0	0	0
4.125	1	1	413	6	3	28	749	0	0	0
4.126	1	1	413	7	3	28	749	0	0	0
4.127	1	1	413	8	3	28	749	0	0	0
4.128	1	1	413	9	3	28	749	0	0	0
4.129	1	1	413	10	3	28	749	0	0	0
4.13	1	1	414	1	3	28	749	0	0	0
4.131	1	1	414	2	3	28	749	0	0	0
4.132	1	1	414	3	3	28	749	0	0	0
4.133	1	1	414	4	3	28	749	0	0	0
4.134	1	1	414	5	3	28	749	0	0	0
4.135	1	1	414	6	3	28	749	0	0	0
4.136	1	1	414	7	3	28	749	0	0	0
4.137	1	1	414	8	3	28	749	0	0	0
4.138	1	1	414	9	3	28	749	0	0	0
4.139	1	1	414	10	3	28	749	0	0	0
4.14	1	1	415	1	3	28	749	0	0	0
4.141	1	1	415	2	3	28	749	0	0	0
4.142	1	1	415	3	3	28	749	0	0	0
4.143	1	1	415	4	3	28	749	0	0	0
4.144	1	1	415	5	3	28	749	0	0	0
4.145	1	1	415	6	3	28	749	0	0	0
4.146	1	1	415	7	3	28	749	0	0	0
4.147	1	1	415	8	3	28	749	0	0	0
4.148	1	1	415	9	3	28	749	0	0	0
4.149	1	1	415	10	3	28	749	0	0	0
4.15	1	1	416	1	3	28	749	0	0	0
4.151	1	1	416	2	3	28	749	0	0	0
4.152	1	1	416	3	3	28	749	0	0	0
4.153	1	1	416	4	3	28	749	0	0	0
4.154	1	1	416	5	3	28	749	0	0	0
4.155	1	1	416	6	3	28	749	0	0	0
4.156	1	1	416	7	3	28	749	0	0	0
4.157	1	1	416	8	3	28	749	0	0	0
4.158	1	1	416	9	3	28	749	0	0	0
4.159	1	1	416	10	3	28	749	0	0	0
4.16	1	1	417	1	3	28	749	0	0	0
4.161	1	1	417	2	3	28	749	0	0	0
4.162	1	1	417	3	3	28	749	0	0	0
4.163	1	1	417	4	3	28	749	0	0	0
4.164	1	1	417	5	3	28	749	0	0	0
4.165	1	1	417	6	3	28	749	0	0	0
4.166	1	1	417	7	3	28	749	0	0	0
4.167	1	1	417	8	3	28	749	0	0	0
4.168	1	1	417	9	3	28	749	0	0	0
4.169	1	1	417	10	3	28	749	0	0	0
4.17	1	1	418	1	3	28	749	0	0	0
4.171	1	1	418	2	3	28	749	0	0	0
4.172	1	1	418	3	3	28	749	0	0	0
4.173	1	1	418	4	3	28	749	0	0	0
4.174	1	1	418	5	3	28	749	0	0	0
4.175	1	1	418	6	3	28	749	0	0	0
4.176	1	1	418	7	3	28	749	0	0	0
4.177	1	1	418	8	3	28	749	0	0	0
4.178	1	1	418	9	3	28	749	0	0	0
4.179	1	1	418	10	3	28	749	0	0	0
4.18	1	1	419	1	3	28	749	0	0	0
4.181	1	1	419	2	3	28	749	0	0	0
4.182	1	1	419	3	3	28	749	0	0	0
4.183	1	1	419	4	3	28	749	0	0	0
4.184	1	1	419	5	3	28	749	0	0	0
4.185	1	1	419	6	3	28	749	0	0	0
4.186	1	1	419	7	3	28	749	0	0	0
4.187	1	1	419	8	3	28	749	0	0	0
4.188	1	1	419	9	3	28	749	0	0	0
4.189	1	1	419	10	3	28	749	0	0	0
4.19	1	1	420	1	3	28	749	0	0	0
4.191	1	1	420	2	3	28	749	0	0	0
4.192	1	1	420	3	3	28	749	0	0	0
4.193	1	1	420	4	3	28	749	0	0	0
4.194	1	1	420	5	3	28	749	0	0	0
4.195	1	1	420	6	3	28	749	0	0	0
4.196	1	1	420	7	3	28	749	0	0	0
4.197	1	1	420	8	3	28	749	0	0	0
4.198	1	1	420	9	3	28	749	0	0	0
4.199	1	1	420	10	3	28	749	0	0	0
4.2	1	1	421	1	3	28	749	0	0	0
4.201	1	1	421	2	3	28	749	0	0	0
4.202	1	1	421	3	3	28	749	0	0	0
4.203	1	1	421	4	3	28	749	0	0	0
4.204	1	1	421	5	3	28	749	0	0	0
4.205	1	1	421	6	3	28	749	0	0	0
4.206	1	1	421	7	3	28	749	0	0	0
4.207	1	1	421	8	3	28	749	0	0	0
4.208	1	1	421	9	3	28	749	0	0	0
4.209	1	1	421	10	3	28	749	0	0	0
4.21	1	1	422	1	3	28	749	0	0	0
4.211	1	1	422	2	3	28	749	0	0	0
4.212	1	1	422	3	3	28	749	0	0	0
4.213	1	1	422	4	3	28	749	0	0	0
4.214	1	1	422	5	3	28	749	0	0	0
4.215	1	1	422	6	3	28	749	0	0	0
4.216	1	1	422	7	3	28	749	0	0	0
4.217	1	1	422	8	3	28	749	0	0	0
4.218	1	1	422	9	3	28	749	0	0	0
4.219	1	1	422	10	3	28	749	0	0	0
4.22	1	1	423	1	3	28	749	0	0	0
4.221	1	1	423	2	3	28	749	0	0	0
4.222	1	1	423	3	3	28	749	0	0	0
4.223	1	1	423	4	3	28	749	0	0	0
4.224	1	1	423	5	3	28	749	0	0	0
4.225	1	1	423	6	3	28	749	0	0	0
4.226	1	1	423	7	3	28	749	0	0	0
4.227	1	1	423	8	3	28	749	0	0	0
4.228	1	1	423	9	3	28	749	0	0	0
4.229	1	1	423	10	3	28	749	0	0	0
4.23	1	1	424	1	3	28	749	0	0	0
4.231	1	1	424	2	3	28	749	0	0	0
4.232	1	1	424	3	3	28	749	0	0	0
4.233	1	1	424	4	3	28	749	0	0	0
4.234	1	1	424	5	3	28	749	0	0	0
4.235	1	1	424	6	3	28	749	0	0	0
4.236	1	1	424	7	3	28	749	0	0	0
4.237	1	1	424	8	3	28	749	0	0	0
4.238	1	1	424	9	3	28	749	0	0	0
4.239	1	1	424	10	3	28	749	0	0	0
4.24	1	1	425	1	3	28	749	0	0	0
4.241	1	1	425	2	3	28	749	0	0	0
4.242	1	1	425	3	3	28	749	0	0	0
4.243	1	1	425	4	3	28	749	0	0	0
4.244	1	1	425	5	3	28	749	0	0	0
4.245	1	1	425	6	3	28	749	0	0	0
4.246	1	1	425	7	3	28	749	0	0	0
4.247	1	1	425	8	3	28	749	0	0	0
4.248	1	1	425	9	3	28	749	0	0	0
4.249	1	1	425	10	3	28	749	0	0	0
4.25	1	1	426	1	3	28	749	0	0	0
4.251	1	1	426	2	3	28	749	0	0	0
4.252	1	1	426	3	3	28	749	0	0	0
4.253	1	1	426	4	3	28	749	0	0	0
4.254	1	1	426	5	3	28	749	0	0	0
4.255	1	1	426	6	3	28	749	0	0	0
4.256	1	1	426	7	3	28	749	0	0	0
4.257	1	1	426	8	3	28	749	0	0	0
4.258	1	1	426	9	3	28	749	0	0	0
4.259	1	1	426	10	3	28	749	0	0	0
4.26	1	1	427	1	3	28	749	0	0	0
4.261	1	1	427	2	3	28	749	0	0	0
4.262	1	1	427	3	3	28	749	0	0	0
4.263	1	1	427	4	3	28	749	0	0	0
4.264	1	1	427	5	3	28	749	0	0	0
4.265	1	1	427	6	3	28	749	0	0	0
4.266	1	1	427	7	3	28	749	0	0	0
4.267	1	1	427	8	3	28	749	0	0	0
4.268	1	1	427	9	3	28	749	0	0	0
4.269	1	1	427	10	3	28	749	0	0	0
4.27	1	1	428	1	3	28	749	0	0	0
4.271	1	1	428	2	3	28	749	0	0	0
4.272	1	1	428	3	3	28	749	0	0	0
4.273	1	1	428	4	3	28	749	0	0	0
4.274	1	1	428	5	3	28	749	0	0	0
4.275	1	1	428	6	3	28	749	0	0	0
4.276	1	1	428	7	3	28	749	0	0	0
4.277	1	1	428	8	3	28	749	0	0	0
4.278	1	1	428	9	3	28	749	0	0	0
4.279	1	1	428	10	3	28	749	0	0	0
4.28	1	1	429	1	3	28	749	0	0	0
4.281	1	1	429	2	3	28	749	0	0	0
4.282	1	1	429	3	3	28	749	0	0	0
4.283	1	1	429	4	3	28	749	0	0	0
4.284	1	1	429	5	3	28	749	0	0	0
4.285	1	1	429	6	3	28	749	0	0	0
4.286	1	1	429	7	3	28	749	0	0	0
4.287	1	1	429	8	3	28	749	0	0	0
4.288	1	1	429	9	3	28	749	0	0	0
4.289	1	1	429	10	3	28	749	0	0	0
4.29	1	1	430	1	3	28	749	0	0	0
4.291	1	1	430	2	3	28	749	0	0	0
4.292	1	1	430	3	3	28	749	0	0	0
4.293	1	1	430	4	3	28	749	0	0	0
4.294	1	1	430	5	3	28	749	0	0	0
4.295	1	1	430	6	3	28	749	0	0	0
4.296	1	1	430	7	3	28	749	0	0	0
4.297	1	1	430	8	3	28	749	0	0	0
4.298	1	1	430	9	3	28	749	0	0	0
4.299	1	1	430	10	3	28	749	0	0	0
4.3	1	1	431	1	3	28	749	0	0	0
4.301	1	1	431	2	3	28	749	0	0	0
4.302	1	1	431	3	3	28	749	0	0	0
4.303	1	1	431	4	3	28	749	0	0	0
4.304	1	1	431	5	3	28	749	0	0	0
4.305	1	1	431	6	3	28	749	0	0	0
4.306	1	1	431	7	3	28	749	0	0	0
4.307	1	1	431	8	3	28	749	0	0	0
4.308	1	1	431	9	3	28	749	0	0	0
4.309	1	1	431	10	3	28	749	0	0	0
4.31	1	1	432	1	3	28	749	0	0	0
4.311	1	1	432	2	3	28	749	0	0	0
4.312	1	1	432	3	3	28	749	0	0	0
4.313	1	1	432	4	3	28	749	0	0	0
4.314	1	1	432	5	3	28	749	0	0	0
4.315	1	1	432	6	3	28	749	0	0	0
4.316	1	1	432	7	3	28	749	0	0	0
4.317	1	1	432	8	3	28	749	0	0	0
4.318	1	1	432	9	3	28	749	0	0	0
4.319	1	1	432	10	3	28	749	0	0	0
4.32	1	1	433	1	3	28	749	0	0	0
4.321	1	1	433	2	3	28	749	0	0	0
4.322	1	1	433	3	3	28	749	0	0	0
4.323	1	1	433	4	3	28	749	0	0	0
4.324	1	1	433	5	3	28	749	0	0	0
4.325	1	1	433	6	3	28	749	0	0	0
4.326	1	1	433	7	3	28	749	0	0	0
4.327	1	1	433	8	3	28	749	0	0	0
4.328	1	1	433	9	3	28	749	0	0	0
4.329	1	1	433	10	3	28	749	0	0	0
4.33	1	1	434	1	3	28	749	0	0	0
4.331	1	1	434	2	3	28	749	0	0	0
4.332	1	1	434	3	3	28	749	0	0	0
4.333	1	1	434	4	3	28	749	0	0	0
4.334	1	1	434	5	3	28	749	0	0	0
4.335	1	1	434	6	3	28	749	0	0	0
4.336	1	1	434	7	3	28	749	0	0	0
4.337	1	1	434	8	3	28	749	0	0	0
4.338	1	1	434	9	3	28	749	0	0	0
4.339	1	1	434	10	3	28	749	0	0	0
4.34	1	1	435	1	3	28	749	0	0	0
4.341	1	1	435	2	3	28	749	0	0	0
4.342	1	1	435	3	3	28	749	0	0	0
4.343	1	1	435	4	3	28	749	0	0	0
4.344	1	1	435	5	3	28	749	0	0	0
4.345	1	1	435	6	3	28	749	0	0	0
4.346	1	1	435	7	3	28	749	0	0	0
4.347	1	1	435	8	3	28	749	0	0	0
4.348	1	1	435	9	3	28	749	0	0	0
4.349	1	1	435	10	3	28	749	0	0	0
4.35	1	1	436	1	3	28	749	0	0	0
4.351	1	1	436	2	3	28	749	0	0	0
4.352	1	1	436	3	3	28	749	0	0	0
4.353	1	1	436	4	3	28	749	0	0	0
4.354	1	1	436	5	3	28	749	0	0	0
4.355	1	1	436	6	3	28	749	0	0	0
4.356	1	1	436	7	3	28	749	0	0	0
4.357	1	1	436	8	3	28	749	0	0	0
4.358	1	1	436	9	3	28	749	0	0	0
4.359	1	1	436	10	3	28	749	0	0	0
4.36	1	1	437	1	3	28	749	0	0	0
4.361	1	1	437	2	3	28	749	0	0	0
4.362	1	1	437	3	3	28	749	0	0	0
4.363	1	1	437	4	3	28	749	0	0	0
4.364	1	1	437	5	3	28	749	0	0	0
4.365	1	1	437	6	3	28	749	0	0	0
4.366	1	1	437	7	3	28	749	0	0	0
4.367	1	1	437	8	3	28	749	0	0	0
4.368	1	1	437	9	3	28	749	0	0	0
4.369	1	1	437	10	3	28	749	0	0	0
4.37	1	1	438	1	3	28	749	0	0	0
4.371	1	1	438	2	3	28	749	0	0	0
4.372	1	1	438	3	3	28	749	0	0	0
4.373	1	1	438	4	3	28	749	0	0	0
4.374	1	1	438	5	3	28	749	0	0	0
4.375	1	1	438	6	3	28	749	0	0	0
4.376	1	1	438	7	3	28	749	0	0	0
4.377	1	1	438	8	3	28	749	0	0	0
4.378	1	1	438	9	3	28	749	0	0	0
4.379	1	1	438	10	3	28	749	0	0	0
4.38	1	1	439	1	3	28	749	0	0	0
4.381	1	1	439	2	3	28	749	0	0	0
4.382	1	1	439	3	3	28	749	0	0	0
4.383	1	1	439	4	3	28	749	0	0	0
4.384	1	1	439	5	3	28	749	0	0	0
4.385	1	1	439	6	3	28	749	0	0	0
4.386	1	1	439	7	3	28	749	0	0	0
4.387	1	1	439	8	3	28	749	0	0	0
4.388	1	1	439	9	3	28	749	0	0	0
4.389	1	1	439	10	3	28	749	0	0	0
4.39	1	1	440	1	3	28	749	0	0	0
4.391	1	1	440	2	3	28	749	0	0	0
4.392	1	1	440	3	3	28	749	0	0	0
4.393	1	1	440	4	3	28	749	0	0	0
4.394	1	1	440	5	3	28	749	0	0	0
4.395	1	1	440	6	3	28	749	0	0	0
4.396	1	1	440	7	3	28	749	0	0	0
4.397	1	1	440	8	3	28	749	0	0	0
4.398	1	1	440	9	3	28	749	0	0	0
4.399	1	1	440	10	3	28	749	0	0	0
4.4	1	1	441	1	3	28	749	0	0	0
4.401	1	1	441	2	3	28	749	0	0	0
4.402	1	1	441	3	3	28	749	0	0	0
4.403	1	1	441	4	3	28	749	0	0	0
4.404	1	1	441	5	3	28	749	0	0	0
4.405	1	1	441	6	3	28	749	0	0	0
4.406	1	1	441	7	3	28	749	0	0	0
4.407	1	1	441	8	3	28	749	0	0	0
4.408	1	1	441	9	3	28	749	0	0	0
4.409	1	1	441	10	3	28	749	0	0	0
4.41	1	1	442	1	3	28	749	0	0	0
4.411	1	1	442	2	3	28	749	0	0	0
4.412	1	1	442	3	3	28	749	0	0	0
4.413	1	1	442	4	3	28	749	0	0	0
4.414	1	1	442	5	3	28	749	0	0	0
4.415	1	1	442	6	3	28	749	0	0	0
4.416	1	1	442	7	3	28	749	0	0	0
4.417	1	1	442	8	3	28	749	0	0	0
4.418	1	1	442	9	3	28	749	0	0	0
4.419	1	1	442	10	3	28	749	0	0	0
4.42	1	1	443	1	3	28	749	0	0	0
4.421	1	1	443	2	3	28	749	0	0	0
4.422	1	1	443	3	3	28	749	0	0	0
4.423	1	1	443	4	3	28	749	0	0	0
4.424	1	1	443	5	3	28	749	0	0	0
4.425	1	1	443	6	3	28	749	0	0	0
4.426	1	1	443	7	3	28	749	0	0	0
4.427	1	1	443	8	3	28	749	0	0	0
4.428	1	1	443	9	3	28	749	0	0	0
4.429	1	1	443	10	3	28	749	0	0	0
4.43	1	1	444	1	3	28	749	0	0	0
4.431	1	1	444	2	3	28	749	0	0	0
4.432	1	1	444	3	3	28	749	0	0	0
4.433	1	1	444	4	3	28	749	0	0	0
4.434	1	1	444	5	3	28	749	0	0	0
4.435	1	1	444	6	3	28	749	0	0	0
4.436	1	1	444	7	3	28	749	0	0	0
4.437	1	1	444	8	3	28	749	0	0	0
4.438	1	1	444	9	3	28	749	0	0	0
4.439	1	1	444	10	3	28	749	0	0	0
4.44	1	1	445	1	3	28	749	0	0	0
4.441	1	1	445	2	3	28	749	0	0	0
4.442	1	1	445	3	3	28	749	0	0	0
4.443	1	1	445	4	3	28	749	0	0	0
4.444	1	1	445	5	3	28	749	0	0	0
4.445	1	1	445	6	3	28	749	0	0	0
4.446	1	1	445	7	3	28	749	0	0	0
4.447	1	1	445	8	3	28	749	0	0	0
4.448	1	1	445	9	3	28	749	0	0	0
4.449	1	1	445	10	3	28	749	0	0	0
4.45	1	1	446	1	3	28	749	0	0	0
4.451	1	1	446	2	3	28	749	0	0	0
4.452	1	1	446	3	3	28	749	0	0	0
4.453	1	1	446	4	3	28	749	0	0	0
4.454	1	1	446	5	3	28	749	0	0	0
4.455	1	1	446	6	3	28	749	0	0	0
4.456	1	1	446	7	3	28	749	0	0	0
4.457	1	1	446	8	3	28	749	0	0	0
4.458	1	1	446	9	3	28	749	0	0	0
4.459	1	1	446	10	3	28	749	0	0	0
4.46	1	1	447	1	3	28	749	0	0	0
4.461	1	1	447	2	3	28	749	0	0	0
4.462	1	1	447	3	3	28	749	0	0	0
4.463	1	1	447	4	3	28	749	0	0	0
4.464	1	1	447	5	3	28	749	0	0	0
4.465	1	1	447	6	3	28	749	0	0	0
4.466	1	1	447	7	3	28	749	0	0	0
4.467	1	1	447	8	3	28	749	0	0	0
4.468	1	1	447	9	3	28	749	0	0	0
4.469	1	1	447	10	3	28	749	0	0	0
4.47	1	1	448	1	3	28	749	0	0	0
4.471	1	1	448	2	3	28	749	0	0	0
4.472	1	1	448	3	3	28	749	0	0	0
4.473	1	1	448	4	3	28	749	0	0	0
4.474	1	1	448	5	3	28	749	0	0	0
4.475	1	1	448	6	3	28	749	0	0	0
4.476	1	1	448	7	3	28	749	0	0	0
4.477	1	1	448	8	3	28	749	0	0	0
4.478	1	1	448	9	3	28	749	0	0	0
4.479	1	1	448	10	3	28	749	0	0	0
4.48	1	1	449	1	3	28	749	0	0	0
4.481	1	1	449	2	3	28	749	0	0	0
4.482	1	1	449	3	3	28	749	0	0	0
4.483	1	1	449	4	3	28	749	0	0	0
4.484	1	1	449	5	3	28	749	0	0	0
4.485	1	1	449	6	3	28	749	0	0	0
4.486	1	1	449	7	3	28	749	0	0	0
4.487	1	1	449	8	3	28	749	0	0	0
4.488	1	1	449	9	3	28	749	0	0	0
4.489	1	1	449	10	3	28	749	0	0	0
4.49	1	1	450	1	3	28	749	0	0	0
4.491	1	1	450	2	3	28	749	0	0	0
4.492	1	1	450	3	3	28	749	0	0	0
4.493	1	1	450	4	3	28	749	0	0	0
4.494	1	1	450	5	3	28	749	0	0	0
4.495	1	1	450	6	3	28	749	0	0	0
4.496	1	1	450	7	3	28	749	0	0	0
4.497	1	1	450	8	3	28	749	0	0	0
4.498	1	1	450	9	3	28	749	0	0	0
4.499	1	1	450	10	3	28	749	0	0	0
4.5	1	1	451	1	3	28	749	0	0	0
4.501	1	1	451	2	3	28	749	0	0	0
4.502	1	1	451	3	3	28	749	0	0	0
4.503	1	1	451	4	3	28	749	0	0	0
4.504	1	1	451	5	3	28	749	0	0	0
4.505	1	1	451	6	3	28	749	0	0	0
4.506	1	1	451	7	3	28	749	0	0	0
4.507	1	1	451	8	3	28	749	0	0	0
4.508	1	1	451	9	3	28	749	0	0	0
4.509	1	1	451	10	3	28	749	0	0	0
4.51	1	1	452	1	3	28	749	0	0	0
4.511	1	1	452	2	3	28	749	0	0	0
4.512	1	1	452	3	3	28	749	0	0	0
4.513	1	1	452	4	3	28	749	0	0	0
4.514	1	1	452	5	3	28	749	0	0	0
4.515	1	1	452	6	3	28	749	0	0	0
4.516	1	1	452	7	3	28	749	0	0	0
4.517	1	1	452	8	3	28	749	0	0	0
4.518	1	1	452	9	3	28	749	0	0	0
4.519	1	1	452	10	3	28	749	0	0	0
4.52	1	1	453	1	3	28	749	0	0	0
4.521	1	1	453	2	3	28	749	0	0	0
4.522	1	1	453	3	3	28	749	0	0	0
4.523	1	1	453	4	3	28	749	0	0	0
4.524	1	1	453	5	3	28	749	0	0	0
4.525	1	1	453	6	3	28	749	0	0	0
4.526	1	1	453	7	3	28	749	0	0	0
4.527	1	1	453	8	3	28	749	0	0	0
4.528	1	1	453	9	3	28	749	0	0	0
4.529	1	1	453	10	3	28	749	0	0	0
4.53	1	1	454	1	3	28	749	0	0	0
4.531	1	1	454	2	3	28	749	0	0	0
4.532	1	1	454	3	3	28	749	0	0	0
4.533	1	1	454	4	3	28	749	0	0	0
4.534	1	1	454	5	3	28	749	0	0	0
4.535	1	1	454	6	3	28	749	0	0	0
4.536	1	1	454	7	3	28	749	0	0	0
4.537	1	1	454	8	3	28	749	0	0	0
4.538	1	1	454	9	3	28	749	0	0	0
4.539	1	1	454	10	3	28	749	0	0	0
4.54	1	1	455	1	3	28	749	0	0	0
4.541	1	1	455	2	3	28	749	0	0	0
4.542	1	1	455	3	3	28	749	0	0	0
4.543	1	1	455	4	3	28	749	0	0	0
4.544	1	1	455	5	3	28	749	0	0	0
4.545	1	1	455	6	3	28	749	0	0	0
4.546	1	1	455	7	3	28	749	0	0	0
4.547	1	1	455	8	3	28	749	0	0	0
4.548	1	1	455	9	3	28	749	0	0	0
4.549	1	1	455	10	3	28	749	0	0	0
4.55	1	1	456	1	3	28	749	0	0	0
4.551	1	1	456	2	3	28	749	0	0	0
4.552	1	1	456	3	3	28	749	0	0	0
4.553	1	1	456	4	3	28	749	0	0	0
4.554	1	1	456	5	3	28	749	0	0	0
4.555	1	1	456	6	3	28	749	0	0	0
4.556	1	1	456	7	3	28	749	0	0	0
4.557	1	1	456	8	3	28	749	0	0	0
4.558	1	1	456	9	3	28	749	0	0	0
4.559	1	1	456	10	3	28	749	0	0	0
4.56	1	1	457	1	3	28	749	0	0	0
4.561	1	1	457	2	3	28	749	0	0	0
4.562	1	1	457	3	3	28	749	0	0	0
4.563	1	1	457	4	3	28	749	0	0	0
4.564	1	1	457	5	3	28	749	0	0	0
4.565	1	1	457	6	3	28	749	0	0	0
4.566	1	1	457	7	3	28	749	0	0	0
4.567	1	1	457	8	3	28	749	0	0	0
4.568	1	1	457	9	3	28	749	0	0	0
4.569	1	1	457	10	3	28	749	0	0	0
4.57	1	1	458	1	3	28	749	0	0	0
4.571	1	1	458	2	3	28	749	0	0	0
4.572	1	1	458	3	3	28	749	0	0	0
4.573	1	1	458	4	3	28	749	0	0	0
4.574	1	1	458	5	3	28	749	0	0	0
4.575	1	1	458	6	3	28	749	0	0	0
4.576	1	1	458	7	3	28	749	0	0	0
4.577	1	1	458	8	3	28	749	0	0	0
4.578	1	1	458	9	3	28	749	0	0	0
4.579	1	1	458	10	3	28	749	0	0	0
4.58	1	1	459	1	3	28	749	0	0	0
4.581	1	1	459	2	3	28	749	0	0	0
4.582	1	1	459	3	3	28	749	0	0	0
4.583	1	1	459	4	3	28	749	0	0	0
4.584	1	1	459	5	3	28	749	0	0	0
4.585	1	1	459	6	3	28	749	0	0	0
4.586	1	1	459	7	3	28	749	0	0	0
4.587	1	1	459	8	3	28	749	0	0	0
4.588	1	1	459	9	3	28	749	0	0	0
4.589	1	1	459	10	3	28	749	0	0	0
4.59	1	1	460	1	3	28	749	0	0	0
4.591	1	1	460	2	3	28	749	0	0	0
4.592	1	1	460	3	3	28	749	0	0	0
4.593	1	1	460	4	3	28	749	0	0	0
4.594	1	1	460	5	3	28	749	0	0	0
4.595	1	1	460	6	3	28	749	0	0	0
4.596	1	1	460	7	3	28	749	0	0	0
4.597	1	1	460	8	3	28	749	0	0	0
4.598	1	1	460	9	3	28	749	0	0	0
4.599	1	1	460	10	3	28	749	0	0	0
4.6	1	1	461	1	3	28	749	0	0	0
4.601	1	1	461	2	3	28	749	0	0	0
4.602	1	1	461	3	3	28	749	0	0	0
4.603	1	1	461	4	3	28	749	0	0	0
4.604	1	1	461	5	3	28	749	0	0	0
4.605	1	1	461	6	3	28	749	0	0	0
4.606	1	1	461	7	3	28	749	0	0	0
4.607	1	1	461	8	3	28	749	0	0	0
4.608	1	1	461	9	3	28	749	0	0	0
4.609	1	1	461	10	3	28	749	0	0	0
4.61	1	1	462	1	3	28	749	0	0	0
4.611	1	1	462	2	3	28	749	0	0	0
4.612	1	1	462	3	3	28	749	0	0	0
4.613	1	1	462	4	3	28	749	0	0	0
4.614	1	1	462	5	3	28	749	0	0	0
4.615	1	1	462	6	3	28	749	0	0	0
4.616	1	1	462	7	3	28	749	0	0	0
4.617	1	1	462	8	3	28	749	0	0	0
4.618	1	1	462	9	3	28	749	0	0	0
4.619	1	1	462	10	3	28	749	0	0	0
4.62	1	1	463	1	3	28	749	0	0	0
4.621	1	1	463	2	3	28	749	0	0	0
4.622	1	1	463	3	3	28	749	0	0	0
4.623	1	1	463	4	3	28	749	0	0	0
4.624	1	1	463	5	3	28	749	0	0	0
4.625	1	1	463	6	3	28	749	0	0	0
4.626	1	1	463	7	3	28	749	0	0	0
4.627	1	1	463	8	3	28	749	0	0	0
4.628	1	1	463	9	3	28	749	0	0	0
4.629	1	1	463	10	3	28	749	0	0	0
4.63	1	1	464	1	3	28	749	0	0	0
4.631	1	1	464	2	3	28	749	0	0	0
4.632	1	1	464	3	3	28	749	0	0	0
4.633	1	1	464	4	3	28	749	0	0	0
4.634	1	1	464	5	3	28	749	0	0	0
4.635	1	1	464	6	3	28	749	0	0	0
4.636	1	1	464	7	3	28	749	0	0	0
4.637	1	1	464	8	3	28	749	0	0	0
4.638	1	1	464	9	3	28	749	0	0	0
4.639	1	1	464	10	3	28	749	0	0	0
4.64	1	1	465	1	3	28	749	0	0	0
4.641	1	1	465	2	3	28	749	0	0	0
4.642	1	1	465	3	3	28	749	0	0	0
4.643	1	1	465	4	3	28	749	0	0	0
4.644	1	1	465	5	3	28	749	0	0	0
4.645	1	1	465	6	3	28	749	0	0	0
4.646	1	1	465	7	3	28	749	0	0	0
4.647	1	1	465	8	3	28	749	0	0	0
4.648	1	1	465	9	3	28	749	0	0	0
4.649	1	1	465	10	3	28	749	0	0	0
4.65	1	1	466	1	3	28	749	0	0	0
4.651	1	1	466	2	3	28	749	0	0	0
4.652	1	1	466	3	3	28	749	0	0	0
4.653	1	1	466	4	3	28	749	0	0	0
4.654	1	1	466	5	3	28	749	0	0	0
4.655	1	1	466	6	3	28	749	0	0	0
4.656	1	1	466	7	3	28	749	0	0	0
4.657	1	1	466	8	3	28	749	0	0	0
4.658	1	1	466	9	3	28	749	0	0	0
4.659	1	1	466	10	3	28	749	0	0	0
4.66	1	1	467	1	3	28	749	0	0	0
4.661	1	1	467	2	3	28	749	0	0	0
4.662	1	1	467	3	3	28	749	0	0	0
4.663	1	1	467	4	3	28	749	0	0	0
4.664	1	1	467	5	3	28	749	0	0	0
4.665	1	1	467	6	3	28	749	0	0	0
4.666	1	1	467	7	3	28	749	0	0	0
4.667	1	1	467	8	3	28	749	0	0	0
4.668	1	1	467	9	3	28	749	0	0	0
4.669	1	1	467	10	3	28	749	0	0	0
4.67	1	1	468	1	3	28	749	0	0	0
4.671	1	1	468	2	3	28	749	0	0	0
4.672	1	1	468	3	3	28	749	0	0	0
4.673	1	1	468	4	3	28	749	0	0	0
4.674	1	1	468	5	3	28	749	0	0	0
4.675	1	1	468	6	3	28	749	0	0	0
4.676	1	1	468	7	3	28	749	0	0	0
4.677	1	1	468	8	3	28	749	0	0	0
4.678	1	1	468	9	3	28	749	0	0	0
4.679	1	1	468	10	3	28	749	0	0	0
4.68	1	1	469	1	3	28	749	0	0	0
4.681	1	1	469	2	3	28	749	0	0	0
4.682	1	1	469	3	3	28	749	0	0	0
4.683	1	1	469	4	3	28	749	0	0	0
4.684	1	1	469	5	3	28	749	0	0	0
4.685	1	1	469	6	3	28	749	0	0	0
4.686	1	1	469	7	3	28	749	0	0	0
4.687	1	1	469	8	3	28	749	0	0	0
4.688	1	1	469	9	3	28	749	0	0	0
4.689	1	1	469	10	3	28	749	0	0	0
4.69	1	1	470	1	3	28	749	0	0	0
4.691	1	1	470	2	3	28	749	0	0	0
4.692	1	1	470	3	3	28	749	0	0	0
4.693	1	1	470	4	3	28	749	0	0	0
4.694	1	1	470	5	3	28	749	0	0	0
4.695	1	1	470	6	3	28	749	0	0	0
4.696	1	1	470	7	3	28	749	0	0	0
4.697	1	1	470	8	3	28	749	0	0	0
4.698	1	1	470	9	3	28	749	0	0	0
4.699	1	1	470	10	3	28	749	0	0	0
4.7	1	1	471	1	3	28	749	0	0	0
4.701	1	1	471	2	3	28	749	0	0	0
4.702	1	1	471	3	3	28	749	0	0	0
4.703	1	1	471	4	3	28	749	0	0	0
4.704	1	1	471	5	3	28	749	0	0	0
4.705	1	1	471	6	3	28	749	0	0	0
4.706	1	1	471	7	3	28	749	0	0	0
4.707	1	1	471	8	3	28	749	0	0	0
4.708	1	1	471	9	3	28	749	0	0	0
4.709	1	1	471	10	3	28	749	0	0	0
4.71	1	1	472	1	3	28	749	0	0	0
4.711	1	1	472	2	3	28	749	0	0	0
4.712	1	1	472	3	3	28	749	0	0	0
4.713	1	1	472	4	3	28	749	0	0	0
4.714	1	1	472	5	3	28	749	0	0	0
4.715	1	1	472	6	3	28	749	0	0	0
4.716	1	1	472	7	3	28	749	0	0	0
4.717	1	1	472	8	3	28	749	0	0	0
4.718	1	1	472	9	3	28	749	0	0	0
4.719	1	1	472	10	3	28	749	0	0	0
4.72	1	1	473	1	3	28	749	0	0	0
4.721	1	1	473	2	3	28	749	0	0	0
4.722	1	1	473	3	3	28	749	0	0	0
4.723	1	1	473	4	3	28	749	0	0	0
4.724	1	1	473	5	3	28	749	0	0	0
4.725	1	1	473	6	3	28	749	0	0	0
4.726	1	1	473	7	3	28	749	0	0	0
4.727	1	1	473	8	3	28	749	0	0	0
4.728	1	1	473	9	3	28	749	0	0	0
4.729	1	1	473	10	3	28	749	0	0	0
4.73	1	1	474	1	3	28	749	0	0	0
4.731	1	1	474	2	3	28	749	0	0	0
4.732	1	1	474	3	3	28	749	0	0	0
4.733	1	1	474	4	3	28	749	0	0	0
4.734	1	1	474	5	3	28	749	0	0	0
4.735	1	1	474	6	3	28	749	0	0	0
4.736	1	1	474	7	3	28	749	0	0	0
4.737	1	1	474	8	3	28	749	0	0	0
4.738	1	1	474	9	3	28	749	0	0	0
4.739	1	1	474	10	3	28	749	0	0	0
4.74	1	1	475	1	3	28	749	0	0	0
4.741	1	1	475	2	3	28	749	0	0	0
4.742	1	1	475	3	3	28	749	0	0	0
4.743	1	1	475	4	3	28	749	0	0	0
4.744	1	1	475	5	3	28	749	0	0	0
4.745	1	1	475	6	3	28	749	0	0	0
4.746	1	1	475	7	3	28	749	0	0	0
4.747	1	1	475	8	3	28	749	0	0	0
4.748	1	1	475	9	3	28	749	0	0	0
4.749	1	1	475	10	3	28	749	0	0	0
4.75	1	1	476	1	3	28	749	0	0	0
4.751	1	1	476	2	3	28	749	0	0	0
4.752	1	1	476	3	3	28	749	0	0	0
4.753	1	1	476	4	3	28	749	0	0	0
4.754	1	1	476	5	3	28	749	0	0	0
4.755	1	1	476	6	3	28	749	0	0	0
4.756	1	1	476	7	3	28	749	0	0	0
4.757	1	1	476	8	3	28	749	0	0	0
4.758	1	1	476	9	3	28	749	0	0	0
4.759	1	1	476	10	3	28	749	0	0	0
4.76	1	1	477	1	3	28	749	0	0	0
4.761	1	1	477	2	3	28	749	0	0	0
4.762	1	1	477	3	3	28	749	0	0	0
4.763	1	1	477	4	3	28	749	0	0	0
4.764	1	1	477	5	3	28	749	0	0	0
4.765	1	1	477	6	3	28	749	0	0	0
4.766	1	1	477	7	3	28	749	0	0	0
4.767	1	1	477	8	3	28	749	0	0	0
4.768	1	1	477	9	3	28	749	0	0	0
4.769	1	1	477	10	3	28	749	0	0	0
4.77	1	1	478	1	3	28	749	0	0	0
4.771	1	1	478	2	3	28	749	0	0	0
4.772	1	1	478	3	3	28	749	0	0	0
4.773	1	1	478	4	3	28	749	0	0	0
4.774	1	1	478	5	3	28	749	0	0	0
4.775	1	1	478	6	3	28	749	0	0	0
4.776	1	1	478	7	3	28	749	0	0	0
4.777	1	1	478	8	3	28	749	0	0	0
4.778	1	1	478	9	3	28	749	0	0	0
4.779	1	1	478	10	3	28	749	0	0	0
4.78	1	1	479	1	3	28	749	0	0	0
4.781	1	1	479	2	3	28	749	0	0	0
4.782	1	1	479	3	3	28	749	0	0	0
4.783	1	1	479	4	3	28	749	0	0	0
4.784	1	1	479	5	3	28	749	0	0	0
4.785	1	1	479	6	3	28	749	0	0	0
4.786	1	1	479	7	3	28	749	0	0	0
4.787	1	1	479	8	3	28	749	0	0	0
4.788	1	1	479	9	3	28	749	0	0	0
4.789	1	1	479	10	3	28	749	0	0	0
4.79	1	1	480	1	3	28	749	0	0	0
4.791	1	1	480	2	3	28	749	0	0	0
4.792	1	1	480	3	3	28	749	0	0	0
4.793	1	1	480	4	3	28	749	0	0	0
4.794	1	1	480	5	3	28	749	0	0	0
4.795	1	1	480	6	3	28	749	0	0	0
4.796	1	1	480	7	3	28	749	0	0	0
4.797	1	1	480	8	3	28	749	0	0	0
4.798	1	1	480	9	3	28	749	0	0	0
4.799	1	1	480	10	3	28	749	0	0	0
4.8	1	1	481	1	3	28	749	0	0	0
4.801	1	1	481	2	3	28	749	0	0	0
4.802	1	1	481	3	3	28	749	0	0	0
4.803	1	1	481	4	3	28	749	0	0	0
4.804	1	1	481	5	3	28	749	0	0	0
4.805	1	1	481	6	3	28	749	0	0	0
4.806	1	1	481	7	3	28	749	0	0	0
4.807	1	1	481	8	3	28	749	0	0	0
4.808	1	1	481	9	3	28	749	0	0	0
4.809	1	1	481	10	3	28	749	0	0	0
4.81	1	1	482	1	3	28	749	0	0	0
4.811	1	1	482	2	3	28	749	0	0	0
4.812	1	1	482	3	3	28	749	0	0	0
4.813	1	1	482	4	3	28	749	0	0	0
4.814	1	1	482	5	3	28	749	0	0	0
4.815	1	1	482	6	3	28	749	0	0	0
4.816	1	1	482	7	3	28	749	0	0	0
4.817	1	1	482	8	3	28	749	0	0	0
4.818	1	1	482	9	3	28	749	0	0	0
4.819	1	1	482	10	3	28	749	0	0	0
4.82	1	1	483	1	3	28	749	0	0	0
4.821	1	1	483	2	3	28	749	0	0	0
4.822	1	1	483	3	3	28	749	0	0	0
4.823	1	1	483	4	3	28	749	0	0	0
4.824	1	1	483	5	3	28	749	0	0	0
4.825	1	1	483	6	3	28	749	0	0	0
4.826	1	1	483	7	3	28	749	0	0	0
4.827	1	1	483	8	3	28	749	0	0	0
4.828	1	1	483	9	3	28	749	0	0	0
4.829	1	1	483	10	3	28	749	0	0	0
4.83	1	1	484	1	3	28	749	0	0	0
4.831	1	1	484	2	3	28	749	0	0	0
4.832	1	1	484	3	3	28	749	0	0	0
4.833	1	1	484	4	3	28	749	0	0	0
4.834	1	1	484	5	3	28	749	0	0	0
4.835	1	1	484	6	3	28	749	0	0	0
4.836	1	1	484	7	3	28	749	0	0	0
4.837	1	1	484	8	3	28	749	0	0	0
4.838	1	1	484	9	3	28	749	0	0	0
4.839	1	1	484	10	3	28	749	0	0	0
4.84	1	1	485	1	3	28	749	0	0	0
4.841	1	1	485	2	3	28	749	0	0	0
4.842	1	1	485	3	3	28	749	0	0	0
4.843	1	1	485	4	3	28	749	0	0	0
4.844	1	1	485	5	3	28	749	0	0	0
4.845	1	1	485	6	3	28	749	0	0	0
4.846	1	1	485	7	3	28	749	0	0	0
4.847	1	1	485	8	3	28	749	0	0	0
4.848	1	1	485	9	3	28	749	0	0	0
4.849	1	1	485	10	3	28	749	0	0	0
4.85	1	1	486	1	3	28	749	0	0	0
4.851	1	1	486	2	3	28	749	0	0	0
4.852	1	1	486	3	3	28	749	0	0	0
4.853	1	1	486	4	3	28	749	0	0	0
4.854	1	1	486	5	3	28	749	0	0	0
4.855	1	1	486	6	3	28	749	0	0	0
4.856	1	1	486	7	3	28	749	0	0	0
4.857	1	1	486	8	3	28	749	0	0	0
4.858	1	1	486	9	3	28	749	0	0	0
4.859	1	1	486	10	3	28	749	0	0	0
4.86	1	1	487	1	3	28	749	0	0	0
4.861	1	1	487	2	3	28	749	0	0	0
4.862	1	1	487	3	3	28	749	0	0	0
4.863	1	1	487	4	3	28	749	0	0	0
4.864	1	1	487	5	3	28	749	0	0	0
4.865	1	1	487	6	3	28	749	0	0	0
4.866	1	1	487	7	3	28	749	0	0	0
4.867	1	1	487	8	3	28	749	0	0	0
4.868	1	1	487	9	3	28	749	0	0	0
4.869	1	1	487	10	3	28	749	0	0	0
4.87	1	1	488	1	3	28	749	0	0	0
4.871	1	1	488	2	3	28	749	0	0	0
4.872	1	1	488	3	3	28	749	0	0	0
4.873	1	1	488	4	3	28	749	0	0	0
4.874	1	1	488	5	3	28	749	0	0	0
4.875	1	1	488	6	3	28	749	0	0	0
4.876	1	1	488	7	3	28	749	0	0	0
4.877	1	1	488	8	3	28	749	0	0	0
4.878	1	1	488	9	3	28	749	0	0	0
4.879	1	1	488	10	3	28	749	0	0	0
4.88	1	1	489	1	3	28	749	0	0	0
4.881	1	1	489	2	3	28	749	0	0	0
4.882	1	1	489	3	3	28	749	0	0	0
4.883	1	1	489	4	3	28	749	0	0	0
4.884	1	1	489	5	3	28	749	0	0	0
4.885	1	1	489	6	3	28	749	0	0	0
4.886	1	1	489	7	3	28	749	0	0	0
4.887	1	1	489	8	3	28	749	0	0	0
4.888	1	1	489	9	3	28	749	0	0	0
4.889	1	1	489	10	3	28	749	0	0	0
4.89	1	1	490	1	3	28	749	0	0	0
4.891	1	1	490	2	3	28	749	0	0	0
4.892	1	1	490	3	3	28	749	0	0	0
4.893	1	1	490	4	3	28	749	0	0	0
4.894	1	1	490	5	3	28	749	0	0	0
4.895	1	1	490	6	3	28	749	0	0	0
4.896	1	1	490	7	3	28	749	0	0	0
4.897	1	1	490	8	3	28	749	0	0	0
4.898	1	1	490	9	3	28	749	0	0	0
4.899	1	1	490	10	3	28	749	0	0	0
4.9	1	1	491	1	3	28	749	0	0	0
4.901	1	1	491	2	3	28	749	0	0	0
4.902	1	1	491	3	3	28	749	0	0	0
4.903	1	1	491	4	3	28	749	0	0	0
4.904	1	1	491	5	3	28	749	0	0	0
4.905	1	1	491	6	3	28	749	0	0	0
4.906	1	1	491	7	3	28	749	0	0	0
4.907	1	1	491	8	3	28	749	0	0	0
4.908	1	1	491	9	3	28	749	0	0	0
4.909	1	1	491	10	3	28	749	0	0	0
4.91	1	1	492	1	3	28	749	0	0	0
4.911	1	1	492	2	3	28	749	0	0	0
4.912	1	1	492	3	3	28	749	0	0	0
4.913	1	1	492	4	3	28	749	0	0	0
4.914	1	1	492	5	3	28	749	0	0	0
4.915	1	1	492	6	3	28	749	0	0	0
4.916	1	1	492	7	3	28	749	0	0	0
4.917	1	1	492	8	3	28	749	0	0	0
4.918	1	1	492	9	3	28	749	0	0	0
4.919	1	1	492	10	3	28	749	0	0	0
4.92	1	1	493	1	3	28	749	0	0	0
4.921	1	1	493	2	3	28	749	0	0	0
4.922	1	1	493	3	3	28	749	0	0	0
4.923	1	1	493	4	3	28	749	0	0	0
4.924	1	1	493	5	3	28	749	0	0	0
4.925	1	1	493	6	3	28	749	0	0	0
4.926	1	1	493	7	3	28	749	0	0	0
4.927	1	1	493	8	3	28	749	0	0	0
4.928	1	1	493	9	3	28	749	0	0	0
4.929	1	1	493	10	3	28	749	0	0	0
4.93	1	1	494	1	3	28	749	0	0	0
4.931	1	1	494	2	3	28	749	0	0	0
4.932	1	1	494	3	3	28	749	0	0	0
4.933	1	1	494	4	3	28	749	0	0	0
4.934	1	1	494	5	3	28	749	0	0	0
4.935	1	1	494	6	3	28	749	0	0	0
4.936	1	1	494	7	3	28	749	0	0	0
4.937	1	1	494	8	3	28	749	0	0	0
4.938	1	1	494	9	3	28	749	0	0	0
4.939	1	1	494	10	3	28	749	0	0	0
4.94	1	1	495	1	3	28	749	0	0	0
4.941	1	1	495	2	3	28	749	0	0	0
4.942	1	1	495	3	3	28	749	0	0	0
4.943	1	1	495	4	3	28	749	0	0	0
4.944	1	1	495	5	3	28	749	0	0	0
4.945	1	1	495	6	3	28	749	0	0	0
4.946	1	1	495	7	3	28	749	0	0	0
4.947	1	1	495	8	3	28	749	0	0	0
4.948	1	1	495	9	3	28	749	0	0	0
4.949	1	1	495	10	3	28	749	0	0	0
4.95	1	1	496	1	3	28	749	0	0	0
4.951	1	1	496	2	3	28	749	0	0	0
4.952	1	1	496	3	3	28	749	0	0	0
4.953	1	1	496	4	3	28	749	0	0	0
4.954	1	1	496	5	3	28	749	0	0	0
4.955	1	1	496	6	3	28	749	0	0	0
4.956	1	1	496	7	3	28	749	0	0	0
4.957	1	1	496	8	3	28	749	0	0	0
4.958	1	1	496	9	3	28	749	0	0	0
4.959	1	1	496	10	3	28	749	0	0	0
4.96	1	1	497	1	3	28	749	0	0	0
4.961	1	1	497	2	3	28	749	0	0	0
4.962	1	1	497	3	3	28	749	0	0	0
4.963	1	1	497	4	3	28	749	0	0	0
4.964	1	1	497	5	3	28	749	0	0	0
4.965	1	1	497	6	3	28	749	0	0	0
4.966	1	1	497	7	3	28	749	0	0	0
4.967	1	1	497	8	3	28	749	0	0	0
4.968	1	1	497	9	3	28	749	0	0	0
4.969	1	1	497	10	3	28	749	0	0	0
4.97	1	1	498	1	3	28	749	0	0	0
4.971	1	1	498	2	3	28	749	0	0	0
4.972	1	1	498	3	3	28	749	0	0	0
4.973	1	1	498	4	3	28	749	0	0	0
4.974	1	1	498	5	3	28	749	0	0	0
4.975	1	1	498	6	3	28	749	0	0	0
4.976	1	1	498	7	3	28	749	0	0	0
4.977	1	1	498	8	3	28	749	0	0	0
4.978	1	1	498	9	3	28	749	0	0	0
4.979	1	1	498	10	3	28	749	0	0	0
4.98	1	1	499	1	3	28	749	0	0	0
4.981	1	1	499	2	3	28	749	0	0	0
4.982	1	1	499	3	3	28	749	0	0	0
4.983	1	1	499	4	3	28	749	0	0	0
4.984	1	1	499	5	3	28	749	0	0	0
4.985	1	1	499	6	3	28	749	0	0	0
4.986	1	1	499	7	3	28	749	0	0	0
4.987	1	1	499	8	3	28	749	0	0	0
4.988	1	1	499	9	3	28	749	0	0	0
4.989	1	1	499	10	3	28	749	0	0	0
4.99	1	1	500	1	3	28	749	0	0	0
4.991	1	1	500	2	3	28	749	0	0	0
4.992	1	1	500	3	3	28	749	0	0	0
4.993	1	1	500	4	3	28	749	0	0	0
4.994	1	1	500	5	3	28	749	0	0	0
4.995	1	1	500	6	3	28	749	0	0	0
4.996	1	1	500	7	3	28	749	0	0	0
4.997	1	1	500	8	3	28	749	0	0	0
4.998	1	1	500	9	3	28	749	0	0	0
4.999	1	1	500	10	3	28	749	0	0	0
