% time	cellId	IMSI	frame	sframe	RNTI	mcsTb1	sizeTb1	mcsTb2	sizeTb2	ccId
0.023	1	1	3	4	3	0	81	0	0	0
0.026	1	1	3	7	3	28	2196	0	0	0
0.028	1	1	3	9	3	28	2196	0	0	0
0.031	1	1	4	2	3	28	2196	0	0	0
0.034	1	1	4	5	3	28	2196	0	0	0
0.037	1	1	4	8	3	28	2196	0	0	0
0.039	1	1	4	10	3	28	2196	0	0	0
0.042	1	1	5	3	3	28	2196	0	0	0
0.045	1	1	5	6	3	28	2196	0	0	0
0.047	1	1	5	8	3	28	2196	0	0	0
0.05	1	1	6	1	3	28	2196	0	0	0
0.052	1	1	6	3	3	28	2196	0	0	0
0.055	1	1	6	6	3	28	2196	0	0	0
0.058	1	1	6	9	3	28	2196	0	0	0
0.061	1	1	7	2	3	28	2196	0	0	0
0.064	1	1	7	5	3	28	2196	0	0	0
0.066	1	1	7	7	3	28	2196	0	0	0
0.069	1	1	7	10	3	28	2196	0	0	0
0.072	1	1	8	3	3	28	2196	0	0	0
0.074	1	1	8	5	3	28	2196	0	0	0
0.077	1	1	8	8	3	28	2196	0	0	0
0.079	1	1	8	10	3	28	2196	0	0	0
0.082	1	1	9	3	3	28	2196	0	0	0
0.085	1	1	9	6	3	28	2196	0	0	0
0.088	1	1	9	9	3	28	2196	0	0	0
0.091	1	1	10	2	3	28	2196	0	0	0
0.093	1	1	10	4	3	28	2196	0	0	0
0.096	1	1	10	7	3	28	2196	0	0	0
0.099	1	1	10	10	3	28	2196	0	0	0
0.101	1	1	11	2	3	28	2196	0	0	0
0.104	1	1	11	5	3	28	2196	0	0	0
0.107	1	1	11	8	3	28	2196	0	0	0
0.109	1	1	11	10	3	28	2196	0	0	0
0.112	1	1	12	3	3	28	2196	0	0	0
0.115	1	1	12	6	3	28	2196	0	0	0
0.118	1	1	12	9	3	28	2196	0	0	0
0.121	1	1	13	2	3	28	2196	0	0	0
0.123	1	1	13	4	3	28	2196	0	0	0
0.126	1	1	13	7	3	28	2196	0	0	0
0.129	1	1	13	10	3	28	2196	0	0	0
0.131	1	1	14	2	3	28	2196	0	0	0
0.134	1	1	14	5	3	28	2196	0	0	0
0.136	1	1	14	7	3	28	2196	0	0	0
0.139	1	1	14	10	3	28	2196	0	0	0
0.142	1	1	15	3	3	28	2196	0	0	0
0.145	1	1	15	6	3	28	2196	0	0	0
0.148	1	1	15	9	3	28	2196	0	0	0
0.15	1	1	16	1	3	28	2196	0	0	0
0.153	1	1	16	4	3	28	2196	0	0	0
0.156	1	1	16	7	3	28	2196	0	0	0
0.158	1	1	16	9	3	28	2196	0	0	0
0.161	1	1	17	2	3	28	2196	0	0	0
0.163	1	1	17	4	3	28	2196	0	0	0
0.166	1	1	17	7	3	28	2196	0	0	0
0.169	1	1	17	10	3	28	2196	0	0	0
0.172	1	1	18	3	3	28	2196	0	0	0
0.175	1	1	18	6	3	28	2196	0	0	0
0.177	1	1	18	8	3	28	2196	0	0	0
0.18	1	1	19	1	3	28	2196	0	0	0
0.183	1	1	19	4	3	28	2196	0	0	0
0.185	1	1	19	6	3	28	2196	0	0	0
0.188	1	1	19	9	3	28	2196	0	0	0
0.191	1	1	20	2	3	28	2196	0	0	0
0.193	1	1	20	4	3	28	2196	0	0	0
0.196	1	1	20	7	3	28	2196	0	0	0
0.199	1	1	20	10	3	28	2196	0	0	0
0.202	1	1	21	3	3	28	2196	0	0	0
0.205	1	1	21	6	3	28	2196	0	0	0
0.207	1	1	21	8	3	28	2196	0	0	0
0.21	1	1	22	1	3	28	2196	0	0	0
0.213	1	1	22	4	3	28	2196	0	0	0
0.215	1	1	22	6	3	28	2196	0	0	0
0.218	1	1	22	9	3	28	2196	0	0	0
0.22	1	1	23	1	3	28	2196	0	0	0
0.223	1	1	23	4	3	28	2196	0	0	0
0.226	1	1	23	7	3	28	2196	0	0	0
0.229	1	1	23	10	3	28	2196	0	0	0
0.232	1	1	24	3	3	28	2196	0	0	0
0.234	1	1	24	5	3	28	2196	0	0	0
0.237	1	1	24	8	3	28	2196	0	0	0
0.24	1	1	25	1	3	28	2196	0	0	0
0.242	1	1	25	3	3	28	2196	0	0	0
0.245	1	1	25	6	3	28	2196	0	0	0
0.247	1	1	25	8	3	28	2196	0	0	0
0.25	1	1	26	1	3	28	2196	0	0	0
0.253	1	1	26	4	3	28	2196	0	0	0
0.256	1	1	26	7	3	28	2196	0	0	0
0.259	1	1	26	10	3	28	2196	0	0	0
0.261	1	1	27	2	3	28	2196	0	0	0
0.264	1	1	27	5	3	28	2196	0	0	0
0.267	1	1	27	8	3	28	2196	0	0	0
0.27	1	1	28	1	3	28	2196	0	0	0
0.272	1	1	28	3	3	28	2196	0	0	0
0.275	1	1	28	6	3	28	2196	0	0	0
0.277	1	1	28	8	3	28	2196	0	0	0
0.28	1	1	29	1	3	28	2196	0	0	0
0.283	1	1	29	4	3	28	2196	0	0	0
0.286	1	1	29	7	3	28	2196	0	0	0
0.289	1	1	29	10	3	28	2196	0	0	0
0.291	1	1	30	2	3	28	2196	0	0	0
0.294	1	1	30	5	3	28	2196	0	0	0
0.297	1	1	30	8	3	28	2196	0	0	0
0.299	1	1	30	10	3	28	2196	0	0	0
0.302	1	1	31	3	3	28	2196	0	0	0
0.304	1	1	31	5	3	28	2196	0	0	0
0.307	1	1	31	8	3	28	2196	0	0	0
0.31	1	1	32	1	3	28	2196	0	0	0
0.313	1	1	32	4	3	28	2196	0	0	0
0.316	1	1	32	7	3	28	2196	0	0	0
0.318	1	1	32	9	3	28	2196	0	0	0
0.321	1	1	33	2	3	28	2196	0	0	0
0.324	1	1	33	5	3	28	2196	0	0	0
0.326	1	1	33	7	3	28	2196	0	0	0
0.329	1	1	33	10	3	28	2196	0	0	0
0.331	1	1	34	2	3	28	2196	0	0	0
0.334	1	1	34	5	3	28	2196	0	0	0
0.337	1	1	34	8	3	28	2196	0	0	0
0.34	1	1	35	1	3	28	2196	0	0	0
0.343	1	1	35	4	3	28	2196	0	0	0
0.345	1	1	35	6	3	28	2196	0	0	0
0.348	1	1	35	9	3	28	2196	0	0	0
0.351	1	1	36	2	3	28	2196	0	0	0
0.354	1	1	36	5	3	28	2196	0	0	0
0.356	1	1	36	7	3	28	2196	0	0	0
0.359	1	1	36	10	3	28	2196	0	0	0
0.361	1	1	37	2	3	28	2196	0	0	0
0.364	1	1	37	5	3	28	2196	0	0	0
0.367	1	1	37	8	3	28	2196	0	0	0
0.37	1	1	38	1	3	28	2196	0	0	0
0.373	1	1	38	4	3	28	2196	0	0	0
0.375	1	1	38	6	3	28	2196	0	0	0
0.378	1	1	38	9	3	28	2196	0	0	0
0.381	1	1	39	2	3	28	2196	0	0	0
0.383	1	1	39	4	3	28	2196	0	0	0
0.386	1	1	39	7	3	28	2196	0	0	0
0.388	1	1	39	9	3	28	2196	0	0	0
0.391	1	1	40	2	3	28	2196	0	0	0
0.394	1	1	40	5	3	28	2196	0	0	0
0.397	1	1	40	8	3	28	2196	0	0	0
0.4	1	1	41	1	3	28	2196	0	0	0
0.402	1	1	41	3	3	28	2196	0	0	0
0.405	1	1	41	6	3	28	2196	0	0	0
0.408	1	1	41	9	3	28	2196	0	0	0
0.411	1	1	42	2	3	28	2196	0	0	0
0.413	1	1	42	4	3	28	2196	0	0	0
0.415	1	1	42	6	3	28	2196	0	0	0
0.418	1	1	42	9	3	28	2196	0	0	0
0.421	1	1	43	2	3	28	2196	0	0	0
0.424	1	1	43	5	3	28	2196	0	0	0
0.427	1	1	43	8	3	28	2196	0	0	0
0.429	1	1	43	10	3	28	2196	0	0	0
0.432	1	1	44	3	3	28	2196	0	0	0
0.435	1	1	44	6	3	28	2196	0	0	0
0.438	1	1	44	9	3	28	2196	0	0	0
0.44	1	1	45	1	3	28	2196	0	0	0
0.443	1	1	45	4	3	28	2196	0	0	0
0.445	1	1	45	6	3	28	2196	0	0	0
0.448	1	1	45	9	3	28	2196	0	0	0
0.451	1	1	46	2	3	28	2196	0	0	0
0.454	1	1	46	5	3	28	2196	0	0	0
0.457	1	1	46	8	3	28	2196	0	0	0
0.459	1	1	46	10	3	28	2196	0	0	0
0.462	1	1	47	3	3	28	2196	0	0	0
0.465	1	1	47	6	3	28	2196	0	0	0
0.467	1	1	47	8	3	28	2196	0	0	0
0.47	1	1	48	1	3	28	2196	0	0	0
0.472	1	1	48	3	3	28	2196	0	0	0
0.475	1	1	48	6	3	28	2196	0	0	0
0.478	1	1	48	9	3	28	2196	0	0	0
0.481	1	1	49	2	3	28	2196	0	0	0
0.484	1	1	49	5	3	28	2196	0	0	0
0.486	1	1	49	7	3	28	2196	0	0	0
0.489	1	1	49	10	3	28	2196	0	0	0
0.492	1	1	50	3	3	28	2196	0	0	0
0.495	1	1	50	6	3	28	2196	0	0	0
0.497	1	1	50	8	3	28	2196	0	0	0
0.499	1	1	50	10	3	28	2196	0	0	0
0.502	1	1	51	3	3	28	2196	0	0	0
0.505	1	1	51	6	3	28	2196	0	0	0
0.508	1	1	51	9	3	28	2196	0	0	0
0.511	1	1	52	2	3	28	2196	0	0	0
0.513	1	1	52	4	3	28	2196	0	0	0
0.516	1	1	52	7	3	28	2196	0	0	0
0.519	1	1	52	10	3	28	2196	0	0	0
0.522	1	1	53	3	3	28	2196	0	0	0
0.524	1	1	53	5	3	28	2196	0	0	0
0.526	1	1	53	7	3	28	2196	0	0	0
0.529	1	1	53	10	3	28	2196	0	0	0
0.532	1	1	54	3	3	28	2196	0	0	0
0.535	1	1	54	6	3	28	2196	0	0	0
0.538	1	1	54	9	3	28	2196	0	0	0
0.541	1	1	55	2	3	28	2196	0	0	0
0.543	1	1	55	4	3	28	2196	0	0	0
0.546	1	1	55	7	3	28	2196	0	0	0
0.549	1	1	55	10	3	28	2196	0	0	0
0.552	1	1	56	3	3	28	2196	0	0	0
0.554	1	1	56	5	3	28	2196	0	0	0
0.556	1	1	56	7	3	28	2196	0	0	0
0.559	1	1	56	10	3	28	2196	0	0	0
0.562	1	1	57	3	3	28	2196	0	0	0
0.565	1	1	57	6	3	28	2196	0	0	0
0.568	1	1	57	9	3	28	2196	0	0	0
0.57	1	1	58	1	3	28	2196	0	0	0
0.573	1	1	58	4	3	28	2196	0	0	0
0.576	1	1	58	7	3	28	2196	0	0	0
0.579	1	1	58	10	3	28	2196	0	0	0
0.581	1	1	59	2	3	28	2196	0	0	0
0.583	1	1	59	4	3	28	2196	0	0	0
0.586	1	1	59	7	3	28	2196	0	0	0
0.589	1	1	59	10	3	28	2196	0	0	0
0.592	1	1	60	3	3	28	2196	0	0	0
0.595	1	1	60	6	3	28	2196	0	0	0
0.597	1	1	60	8	3	28	2196	0	0	0
0.6	1	1	61	1	3	28	2196	0	0	0
0.603	1	1	61	4	3	28	2196	0	0	0
0.606	1	1	61	7	3	28	2196	0	0	0
0.608	1	1	61	9	3	28	2196	0	0	0
0.61	1	1	62	1	3	28	2196	0	0	0
0.613	1	1	62	4	3	28	2196	0	0	0
0.616	1	1	62	7	3	28	2196	0	0	0
0.619	1	1	62	10	3	28	2196	0	0	0
0.622	1	1	63	3	3	28	2196	0	0	0
0.624	1	1	63	5	3	28	2196	0	0	0
0.627	1	1	63	8	3	28	2196	0	0	0
0.63	1	1	64	1	3	28	2196	0	0	0
0.633	1	1	64	4	3	28	2196	0	0	0
0.636	1	1	64	7	3	28	2196	0	0	0
0.638	1	1	64	9	3	28	2196	0	0	0
0.64	1	1	65	1	3	28	2196	0	0	0
0.643	1	1	65	4	3	28	2196	0	0	0
0.646	1	1	65	7	3	28	2196	0	0	0
0.649	1	1	65	10	3	28	2196	0	0	0
0.652	1	1	66	3	3	28	2196	0	0	0
0.654	1	1	66	5	3	28	2196	0	0	0
0.657	1	1	66	8	3	28	2196	0	0	0
0.66	1	1	67	1	3	28	2196	0	0	0
0.663	1	1	67	4	3	28	2196	0	0	0
0.665	1	1	67	6	3	28	2196	0	0	0
0.667	1	1	67	8	3	28	2196	0	0	0
0.67	1	1	68	1	3	28	2196	0	0	0
0.673	1	1	68	4	3	28	2196	0	0	0
0.676	1	1	68	7	3	28	2196	0	0	0
0.679	1	1	68	10	3	28	2196	0	0	0
0.681	1	1	69	2	3	28	2196	0	0	0
0.684	1	1	69	5	3	28	2196	0	0	0
0.687	1	1	69	8	3	28	2196	0	0	0
0.69	1	1	70	1	3	28	2196	0	0	0
0.692	1	1	70	3	3	28	2196	0	0	0
0.694	1	1	70	5	3	28	2196	0	0	0
0.697	1	1	70	8	3	28	2196	0	0	0
0.7	1	1	71	1	3	28	2196	0	0	0
0.703	1	1	71	4	3	28	2196	0	0	0
0.706	1	1	71	7	3	28	2196	0	0	0
0.708	1	1	71	9	3	28	2196	0	0	0
0.711	1	1	72	2	3	28	2196	0	0	0
0.714	1	1	72	5	3	28	2196	0	0	0
0.717	1	1	72	8	3	28	2196	0	0	0
0.72	1	1	73	1	3	28	2196	0	0	0
0.722	1	1	73	3	3	28	2196	0	0	0
0.724	1	1	73	5	3	28	2196	0	0	0
0.727	1	1	73	8	3	28	2196	0	0	0
0.73	1	1	74	1	3	28	2196	0	0	0
0.733	1	1	74	4	3	28	2196	0	0	0
0.736	1	1	74	7	3	28	2196	0	0	0
0.738	1	1	74	9	3	28	2196	0	0	0
0.741	1	1	75	2	3	28	2196	0	0	0
0.744	1	1	75	5	3	28	2196	0	0	0
0.747	1	1	75	8	3	28	2196	0	0	0
0.749	1	1	75	10	3	28	2196	0	0	0
0.751	1	1	76	2	3	28	2196	0	0	0
0.754	1	1	76	5	3	28	2196	0	0	0
0.757	1	1	76	8	3	28	2196	0	0	0
0.76	1	1	77	1	3	28	2196	0	0	0
0.763	1	1	77	4	3	28	2196	0	0	0
0.765	1	1	77	6	3	28	2196	0	0	0
0.768	1	1	77	9	3	28	2196	0	0	0
0.771	1	1	78	2	3	28	2196	0	0	0
0.774	1	1	78	5	3	28	2196	0	0	0
0.777	1	1	78	8	3	28	2196	0	0	0
0.778	1	1	78	9	3	28	2196	0	0	0
0.781	1	1	79	2	3	28	2196	0	0	0
0.784	1	1	79	5	3	28	2196	0	0	0
0.787	1	1	79	8	3	28	2196	0	0	0
0.79	1	1	80	1	3	28	2196	0	0	0
0.792	1	1	80	3	3	28	2196	0	0	0
0.795	1	1	80	6	3	28	2196	0	0	0
0.798	1	1	80	9	3	28	2196	0	0	0
0.801	1	1	81	2	3	28	2196	0	0	0
0.804	1	1	81	5	3	28	2196	0	0	0
0.806	1	1	81	7	3	28	2196	0	0	0
0.808	1	1	81	9	3	28	2196	0	0	0
0.811	1	1	82	2	3	28	2196	0	0	0
0.814	1	1	82	5	3	28	2196	0	0	0
0.817	1	1	82	8	3	28	2196	0	0	0
0.82	1	1	83	1	3	28	2196	0	0	0
0.822	1	1	83	3	3	28	2196	0	0	0
0.825	1	1	83	6	3	28	2196	0	0	0
0.828	1	1	83	9	3	28	2196	0	0	0
0.831	1	1	84	2	3	28	2196	0	0	0
0.833	1	1	84	4	3	28	2196	0	0	0
0.835	1	1	84	6	3	28	2196	0	0	0
0.838	1	1	84	9	3	28	2196	0	0	0
0.841	1	1	85	2	3	28	2196	0	0	0
0.844	1	1	85	5	3	28	2196	0	0	0
0.847	1	1	85	8	3	28	2196	0	0	0
0.849	1	1	85	10	3	28	2196	0	0	0
0.852	1	1	86	3	3	28	2196	0	0	0
0.855	1	1	86	6	3	28	2196	0	0	0
0.858	1	1	86	9	3	28	2196	0	0	0
0.861	1	1	87	2	3	28	2196	0	0	0
0.862	1	1	87	3	3	28	2196	0	0	0
0.865	1	1	87	6	3	28	2196	0	0	0
0.868	1	1	87	9	3	28	2196	0	0	0
0.871	1	1	88	2	3	28	2196	0	0	0
0.874	1	1	88	5	3	28	2196	0	0	0
0.876	1	1	88	7	3	28	2196	0	0	0
0.879	1	1	88	10	3	28	2196	0	0	0
0.882	1	1	89	3	3	28	2196	0	0	0
0.885	1	1	89	6	3	28	2196	0	0	0
0.888	1	1	89	9	3	28	2196	0	0	0
0.89	1	1	90	1	3	28	2196	0	0	0
0.892	1	1	90	3	3	28	2196	0	0	0
0.895	1	1	90	6	3	28	2196	0	0	0
0.898	1	1	90	9	3	28	2196	0	0	0
0.901	1	1	91	2	3	28	2196	0	0	0
0.904	1	1	91	5	3	28	2196	0	0	0
0.906	1	1	91	7	3	28	2196	0	0	0
0.909	1	1	91	10	3	28	2196	0	0	0
0.912	1	1	92	3	3	28	2196	0	0	0
0.915	1	1	92	6	3	28	2196	0	0	0
0.918	1	1	92	9	3	28	2196	0	0	0
0.919	1	1	92	10	3	28	2196	0	0	0
0.922	1	1	93	3	3	28	2196	0	0	0
0.925	1	1	93	6	3	28	2196	0	0	0
0.928	1	1	93	9	3	28	2196	0	0	0
0.931	1	1	94	2	3	28	2196	0	0	0
0.933	1	1	94	4	3	28	2196	0	0	0
0.936	1	1	94	7	3	28	2196	0	0	0
0.939	1	1	94	10	3	28	2196	0	0	0
0.942	1	1	95	3	3	28	2196	0	0	0
0.945	1	1	95	6	3	28	2196	0	0	0
0.946	1	1	95	7	3	28	2196	0	0	0
0.949	1	1	95	10	3	28	2196	0	0	0
0.952	1	1	96	3	3	28	2196	0	0	0
0.955	1	1	96	6	3	28	2196	0	0	0
0.958	1	1	96	9	3	28	2196	0	0	0
0.96	1	1	97	1	3	28	2196	0	0	0
0.963	1	1	97	4	3	28	2196	0	0	0
0.966	1	1	97	7	3	28	2196	0	0	0
0.969	1	1	97	10	3	28	2196	0	0	0
0.972	1	1	98	3	3	28	2196	0	0	0
0.973	1	1	98	4	3	28	2196	0	0	0
0.976	1	1	98	7	3	28	2196	0	0	0
0.979	1	1	98	10	3	28	2196	0	0	0
0.982	1	1	99	3	3	28	2196	0	0	0
0.985	1	1	99	6	3	28	2196	0	0	0
0.988	1	1	99	9	3	28	2196	0	0	0
0.99	1	1	100	1	3	28	2196	0	0	0
0.993	1	1	100	4	3	28	2196	0	0	0
0.996	1	1	100	7	3	28	2196	0	0	0
0.999	1	1	100	10	3	28	2196	0	0	0
1.002	1	1	101	3	3	28	2196	0	0	0
1.003	1	1	101	4	3	28	2196	0	0	0
1.006	1	1	101	7	3	28	2196	0	0	0
1.009	1	1	101	10	3	28	2196	0	0	0
1.012	1	1	102	3	3	28	2196	0	0	0
1.015	1	1	102	6	3	28	2196	0	0	0
1.017	1	1	102	8	3	28	2196	0	0	0
1.02	1	1	103	1	3	28	2196	0	0	0
1.023	1	1	103	4	3	28	2196	0	0	0
1.026	1	1	103	7	3	28	2196	0	0	0
1.029	1	1	103	10	3	28	2196	0	0	0
1.03	1	1	104	1	3	28	2196	0	0	0
1.033	1	1	104	4	3	28	2196	0	0	0
1.036	1	1	104	7	3	28	2196	0	0	0
1.039	1	1	104	10	3	28	2196	0	0	0
1.042	1	1	105	3	3	28	2196	0	0	0
1.044	1	1	105	5	3	28	2196	0	0	0
1.047	1	1	105	8	3	28	2196	0	0	0
1.05	1	1	106	1	3	28	2196	0	0	0
1.053	1	1	106	4	3	28	2196	0	0	0
1.056	1	1	106	7	3	28	2196	0	0	0
1.057	1	1	106	8	3	28	2196	0	0	0
1.06	1	1	107	1	3	28	2196	0	0	0
1.063	1	1	107	4	3	28	2196	0	0	0
1.066	1	1	107	7	3	28	2196	0	0	0
1.069	1	1	107	10	3	28	2196	0	0	0
1.071	1	1	108	2	3	28	2196	0	0	0
1.074	1	1	108	5	3	28	2196	0	0	0
1.077	1	1	108	8	3	28	2196	0	0	0
1.08	1	1	109	1	3	28	2196	0	0	0
1.083	1	1	109	4	3	28	2196	0	0	0
1.086	1	1	109	7	3	28	2196	0	0	0
1.087	1	1	109	8	3	28	2196	0	0	0
1.09	1	1	110	1	3	28	2196	0	0	0
1.093	1	1	110	4	3	28	2196	0	0	0
1.096	1	1	110	7	3	28	2196	0	0	0
1.099	1	1	110	10	3	28	2196	0	0	0
1.101	1	1	111	2	3	28	2196	0	0	0
1.104	1	1	111	5	3	28	2196	0	0	0
1.107	1	1	111	8	3	28	2196	0	0	0
1.11	1	1	112	1	3	28	2196	0	0	0
1.113	1	1	112	4	3	28	2196	0	0	0
1.114	1	1	112	5	3	28	2196	0	0	0
1.117	1	1	112	8	3	28	2196	0	0	0
1.12	1	1	113	1	3	28	2196	0	0	0
1.123	1	1	113	4	3	28	2196	0	0	0
1.126	1	1	113	7	3	28	2196	0	0	0
1.128	1	1	113	9	3	28	2196	0	0	0
1.131	1	1	114	2	3	28	2196	0	0	0
1.134	1	1	114	5	3	28	2196	0	0	0
1.137	1	1	114	8	3	28	2196	0	0	0
1.14	1	1	115	1	3	28	2196	0	0	0
1.142	1	1	115	3	3	28	2196	0	0	0
1.144	1	1	115	5	3	28	2196	0	0	0
1.147	1	1	115	8	3	28	2196	0	0	0
1.15	1	1	116	1	3	28	2196	0	0	0
1.153	1	1	116	4	3	28	2196	0	0	0
1.155	1	1	116	6	3	28	2196	0	0	0
1.158	1	1	116	9	3	28	2196	0	0	0
1.161	1	1	117	2	3	28	2196	0	0	0
1.164	1	1	117	5	3	28	2196	0	0	0
1.167	1	1	117	8	3	28	2196	0	0	0
1.17	1	1	118	1	3	28	2196	0	0	0
1.171	1	1	118	2	3	28	2196	0	0	0
1.174	1	1	118	5	3	28	2196	0	0	0
1.177	1	1	118	8	3	28	2196	0	0	0
1.18	1	1	119	1	3	28	2196	0	0	0
1.183	1	1	119	4	3	28	2196	0	0	0
1.185	1	1	119	6	3	28	2196	0	0	0
1.188	1	1	119	9	3	28	2196	0	0	0
1.191	1	1	120	2	3	28	2196	0	0	0
1.194	1	1	120	5	3	28	2196	0	0	0
1.197	1	1	120	8	3	28	2196	0	0	0
1.198	1	1	120	9	3	28	2196	0	0	0
1.201	1	1	121	2	3	28	2196	0	0	0
1.204	1	1	121	5	3	28	2196	0	0	0
1.207	1	1	121	8	3	28	2196	0	0	0
1.21	1	1	122	1	3	28	2196	0	0	0
1.212	1	1	122	3	3	28	2196	0	0	0
1.215	1	1	122	6	3	28	2196	0	0	0
1.218	1	1	122	9	3	28	2196	0	0	0
1.221	1	1	123	2	3	28	2196	0	0	0
1.224	1	1	123	5	3	28	2196	0	0	0
1.226	1	1	123	7	3	28	2196	0	0	0
1.228	1	1	123	9	3	28	2196	0	0	0
1.231	1	1	124	2	3	28	2196	0	0	0
1.234	1	1	124	5	3	28	2196	0	0	0
1.237	1	1	124	8	3	28	2196	0	0	0
1.239	1	1	124	10	3	28	2196	0	0	0
1.242	1	1	125	3	3	28	2196	0	0	0
1.245	1	1	125	6	3	28	2196	0	0	0
1.248	1	1	125	9	3	28	2196	0	0	0
1.251	1	1	126	2	3	28	2196	0	0	0
1.254	1	1	126	5	3	28	2196	0	0	0
1.255	1	1	126	6	3	28	2196	0	0	0
1.258	1	1	126	9	3	28	2196	0	0	0
1.261	1	1	127	2	3	28	2196	0	0	0
1.264	1	1	127	5	3	28	2196	0	0	0
1.267	1	1	127	8	3	28	2196	0	0	0
1.269	1	1	127	10	3	28	2196	0	0	0
1.272	1	1	128	3	3	28	2196	0	0	0
1.275	1	1	128	6	3	28	2196	0	0	0
1.278	1	1	128	9	3	28	2196	0	0	0
1.281	1	1	129	2	3	28	2196	0	0	0
1.283	1	1	129	4	3	28	2196	0	0	0
1.285	1	1	129	6	3	28	2196	0	0	0
1.288	1	1	129	9	3	28	2196	0	0	0
1.291	1	1	130	2	3	28	2196	0	0	0
1.294	1	1	130	5	3	28	2196	0	0	0
1.296	1	1	130	7	3	28	2196	0	0	0
1.299	1	1	130	10	3	28	2196	0	0	0
1.302	1	1	131	3	3	28	2196	0	0	0
1.305	1	1	131	6	3	28	2196	0	0	0
1.308	1	1	131	9	3	28	2196	0	0	0
1.31	1	1	132	1	3	28	2196	0	0	0
1.312	1	1	132	3	3	28	2196	0	0	0
1.315	1	1	132	6	3	28	2196	0	0	0
1.318	1	1	132	9	3	28	2196	0	0	0
1.321	1	1	133	2	3	28	2196	0	0	0
1.323	1	1	133	4	3	28	2196	0	0	0
1.326	1	1	133	7	3	28	2196	0	0	0
1.329	1	1	133	10	3	28	2196	0	0	0
1.332	1	1	134	3	3	28	2196	0	0	0
1.335	1	1	134	6	3	28	2196	0	0	0
1.338	1	1	134	9	3	28	2196	0	0	0
1.339	1	1	134	10	3	28	2196	0	0	0
1.342	1	1	135	3	3	28	2196	0	0	0
1.345	1	1	135	6	3	28	2196	0	0	0
1.348	1	1	135	9	3	28	2196	0	0	0
1.351	1	1	136	2	3	28	2196	0	0	0
1.353	1	1	136	4	3	28	2196	0	0	0
1.356	1	1	136	7	3	28	2196	0	0	0
1.359	1	1	136	10	3	28	2196	0	0	0
1.362	1	1	137	3	3	28	2196	0	0	0
1.365	1	1	137	6	3	28	2196	0	0	0
1.367	1	1	137	8	3	28	2196	0	0	0
1.369	1	1	137	10	3	28	2196	0	0	0
1.372	1	1	138	3	3	28	2196	0	0	0
1.375	1	1	138	6	3	28	2196	0	0	0
1.378	1	1	138	9	3	28	2196	0	0	0
1.38	1	1	139	1	3	28	2196	0	0	0
1.383	1	1	139	4	3	28	2196	0	0	0
1.386	1	1	139	7	3	28	2196	0	0	0
1.389	1	1	139	10	3	28	2196	0	0	0
1.392	1	1	140	3	3	28	2196	0	0	0
1.394	1	1	140	5	3	28	2196	0	0	0
1.396	1	1	140	7	3	28	2196	0	0	0
1.399	1	1	140	10	3	28	2196	0	0	0
1.402	1	1	141	3	3	28	2196	0	0	0
1.405	1	1	141	6	3	28	2196	0	0	0
1.407	1	1	141	8	3	28	2196	0	0	0
1.41	1	1	142	1	3	28	2196	0	0	0
1.413	1	1	142	4	3	28	2196	0	0	0
1.416	1	1	142	7	3	28	2196	0	0	0
1.419	1	1	142	10	3	28	2196	0	0	0
1.421	1	1	143	2	3	28	2196	0	0	0
1.423	1	1	143	4	3	28	2196	0	0	0
1.426	1	1	143	7	3	28	2196	0	0	0
1.429	1	1	143	10	3	28	2196	0	0	0
1.432	1	1	144	3	3	28	2196	0	0	0
1.435	1	1	144	6	3	28	2196	0	0	0
1.437	1	1	144	8	3	28	2196	0	0	0
1.44	1	1	145	1	3	28	2196	0	0	0
1.443	1	1	145	4	3	28	2196	0	0	0
1.446	1	1	145	7	3	28	2196	0	0	0
1.449	1	1	145	10	3	28	2196	0	0	0
1.451	1	1	146	2	3	28	2196	0	0	0
1.453	1	1	146	4	3	28	2196	0	0	0
1.456	1	1	146	7	3	28	2196	0	0	0
1.459	1	1	146	10	3	28	2196	0	0	0
1.462	1	1	147	3	3	28	2196	0	0	0
1.464	1	1	147	5	3	28	2196	0	0	0
1.467	1	1	147	8	3	28	2196	0	0	0
1.47	1	1	148	1	3	28	2196	0	0	0
1.473	1	1	148	4	3	28	2196	0	0	0
1.476	1	1	148	7	3	28	2196	0	0	0
1.478	1	1	148	9	3	28	2196	0	0	0
1.48	1	1	149	1	3	28	2196	0	0	0
1.483	1	1	149	4	3	28	2196	0	0	0
1.486	1	1	149	7	3	28	2196	0	0	0
1.489	1	1	149	10	3	28	2196	0	0	0
1.491	1	1	150	2	3	28	2196	0	0	0
1.494	1	1	150	5	3	28	2196	0	0	0
1.497	1	1	150	8	3	28	2196	0	0	0
1.5	1	1	151	1	3	28	2196	0	0	0
1.503	1	1	151	4	3	28	2196	0	0	0
1.505	1	1	151	6	3	28	2196	0	0	0
1.508	1	1	151	9	3	28	2196	0	0	0
1.51	1	1	152	1	3	28	2196	0	0	0
1.513	1	1	152	4	3	28	2196	0	0	0
1.516	1	1	152	7	3	28	2196	0	0	0
1.518	1	1	152	9	3	28	2196	0	0	0
1.521	1	1	153	2	3	28	2196	0	0	0
1.524	1	1	153	5	3	28	2196	0	0	0
1.527	1	1	153	8	3	28	2196	0	0	0
1.53	1	1	154	1	3	28	2196	0	0	0
1.533	1	1	154	4	3	28	2196	0	0	0
1.535	1	1	154	6	3	28	2196	0	0	0
1.537	1	1	154	8	3	28	2196	0	0	0
1.54	1	1	155	1	3	28	2196	0	0	0
1.543	1	1	155	4	3	28	2196	0	0	0
1.546	1	1	155	7	3	28	2196	0	0	0
1.548	1	1	155	9	3	28	2196	0	0	0
1.551	1	1	156	2	3	28	2196	0	0	0
1.554	1	1	156	5	3	28	2196	0	0	0
1.557	1	1	156	8	3	28	2196	0	0	0
1.56	1	1	157	1	3	28	2196	0	0	0
1.562	1	1	157	3	3	28	2196	0	0	0
1.564	1	1	157	5	3	28	2196	0	0	0
1.567	1	1	157	8	3	28	2196	0	0	0
1.57	1	1	158	1	3	28	2196	0	0	0
1.573	1	1	158	4	3	28	2196	0	0	0
1.575	1	1	158	6	3	28	2196	0	0	0
1.578	1	1	158	9	3	28	2196	0	0	0
1.581	1	1	159	2	3	28	2196	0	0	0
1.584	1	1	159	5	3	28	2196	0	0	0
1.587	1	1	159	8	3	28	2196	0	0	0
1.589	1	1	159	10	3	28	2196	0	0	0
1.592	1	1	160	3	3	28	2196	0	0	0
1.594	1	1	160	5	3	28	2196	0	0	0
1.597	1	1	160	8	3	28	2196	0	0	0
1.6	1	1	161	1	3	28	2196	0	0	0
1.602	1	1	161	3	3	28	2196	0	0	0
1.605	1	1	161	6	3	28	2196	0	0	0
1.608	1	1	161	9	3	28	2196	0	0	0
1.611	1	1	162	2	3	28	2196	0	0	0
1.614	1	1	162	5	3	28	2196	0	0	0
1.617	1	1	162	8	3	28	2196	0	0	0
1.619	1	1	162	10	3	28	2196	0	0	0
1.621	1	1	163	2	3	28	2196	0	0	0
1.624	1	1	163	5	3	28	2196	0	0	0
1.627	1	1	163	8	3	28	2196	0	0	0
1.63	1	1	164	1	3	28	2196	0	0	0
1.632	1	1	164	3	3	28	2196	0	0	0
1.635	1	1	164	6	3	28	2196	0	0	0
1.638	1	1	164	9	3	28	2196	0	0	0
1.641	1	1	165	2	3	28	2196	0	0	0
1.644	1	1	165	5	3	28	2196	0	0	0
1.646	1	1	165	7	3	28	2196	0	0	0
1.649	1	1	165	10	3	28	2196	0	0	0
1.651	1	1	166	2	3	28	2196	0	0	0
1.654	1	1	166	5	3	28	2196	0	0	0
1.657	1	1	166	8	3	28	2196	0	0	0
1.659	1	1	166	10	3	28	2196	0	0	0
1.662	1	1	167	3	3	28	2196	0	0	0
1.665	1	1	167	6	3	28	2196	0	0	0
1.668	1	1	167	9	3	28	2196	0	0	0
1.671	1	1	168	2	3	28	2196	0	0	0
1.673	1	1	168	4	3	28	2196	0	0	0
1.676	1	1	168	7	3	28	2196	0	0	0
1.678	1	1	168	9	3	28	2196	0	0	0
1.681	1	1	169	2	3	28	2196	0	0	0
1.684	1	1	169	5	3	28	2196	0	0	0
1.686	1	1	169	7	3	28	2196	0	0	0
1.689	1	1	169	10	3	28	2196	0	0	0
1.692	1	1	170	3	3	28	2196	0	0	0
1.695	1	1	170	6	3	28	2196	0	0	0
1.698	1	1	170	9	3	28	2196	0	0	0
1.701	1	1	171	2	3	28	2196	0	0	0
1.703	1	1	171	4	3	28	2196	0	0	0
1.705	1	1	171	6	3	28	2196	0	0	0
1.708	1	1	171	9	3	28	2196	0	0	0
1.711	1	1	172	2	3	28	2196	0	0	0
1.714	1	1	172	5	3	28	2196	0	0	0
1.716	1	1	172	7	3	28	2196	0	0	0
1.719	1	1	172	10	3	28	2196	0	0	0
1.722	1	1	173	3	3	28	2196	0	0	0
1.725	1	1	173	6	3	28	2196	0	0	0
1.728	1	1	173	9	3	28	2196	0	0	0
1.73	1	1	174	1	3	28	2196	0	0	0
1.733	1	1	174	4	3	28	2196	0	0	0
1.735	1	1	174	6	3	28	2196	0	0	0
1.738	1	1	174	9	3	28	2196	0	0	0
1.741	1	1	175	2	3	28	2196	0	0	0
1.743	1	1	175	4	3	28	2196	0	0	0
1.746	1	1	175	7	3	28	2196	0	0	0
1.749	1	1	175	10	3	28	2196	0	0	0
1.752	1	1	176	3	3	28	2196	0	0	0
1.755	1	1	176	6	3	28	2196	0	0	0
1.757	1	1	176	8	3	28	2196	0	0	0
1.76	1	1	177	1	3	28	2196	0	0	0
1.762	1	1	177	3	3	28	2196	0	0	0
1.765	1	1	177	6	3	28	2196	0	0	0
1.768	1	1	177	9	3	28	2196	0	0	0
1.77	1	1	178	1	3	28	2196	0	0	0
1.773	1	1	178	4	3	28	2196	0	0	0
1.776	1	1	178	7	3	28	2196	0	0	0
1.779	1	1	178	10	3	28	2196	0	0	0
1.782	1	1	179	3	3	28	2196	0	0	0
1.785	1	1	179	6	3	28	2196	0	0	0
1.787	1	1	179	8	3	28	2196	0	0	0
1.79	1	1	180	1	3	28	2196	0	0	0
1.792	1	1	180	3	3	28	2196	0	0	0
1.795	1	1	180	6	3	28	2196	0	0	0
1.798	1	1	180	9	3	28	2196	0	0	0
1.8	1	1	181	1	3	28	2196	0	0	0
1.803	1	1	181	4	3	28	2196	0	0	0
1.806	1	1	181	7	3	28	2196	0	0	0
1.809	1	1	181	10	3	28	2196	0	0	0
1.812	1	1	182	3	3	28	2196	0	0	0
1.814	1	1	182	5	3	28	2196	0	0	0
1.817	1	1	182	8	3	28	2196	0	0	0
1.819	1	1	182	10	3	28	2196	0	0	0
1.822	1	1	183	3	3	28	2196	0	0	0
1.825	1	1	183	6	3	28	2196	0	0	0
1.827	1	1	183	8	3	28	2196	0	0	0
1.83	1	1	184	1	3	28	2196	0	0	0
1.833	1	1	184	4	3	28	2196	0	0	0
1.836	1	1	184	7	3	28	2196	0	0	0
1.839	1	1	184	10	3	28	2196	0	0	0
1.841	1	1	185	2	3	28	2196	0	0	0
1.844	1	1	185	5	3	28	2196	0	0	0
1.846	1	1	185	7	3	28	2196	0	0	0
1.849	1	1	185	10	3	28	2196	0	0	0
1.852	1	1	186	3	3	28	2196	0	0	0
1.854	1	1	186	5	3	28	2196	0	0	0
1.857	1	1	186	8	3	28	2196	0	0	0
1.86	1	1	187	1	3	28	2196	0	0	0
1.863	1	1	187	4	3	28	2196	0	0	0
1.866	1	1	187	7	3	28	2196	0	0	0
1.868	1	1	187	9	3	28	2196	0	0	0
1.871	1	1	188	2	3	28	2196	0	0	0
1.874	1	1	188	5	3	28	2196	0	0	0
1.876	1	1	188	7	3	28	2196	0	0	0
1.879	1	1	188	10	3	28	2196	0	0	0
1.882	1	1	189	3	3	28	2196	0	0	0
1.884	1	1	189	5	3	28	2196	0	0	0
1.887	1	1	189	8	3	28	2196	0	0	0
1.89	1	1	190	1	3	28	2196	0	0	0
1.893	1	1	190	4	3	28	2196	0	0	0
1.896	1	1	190	7	3	28	2196	0	0	0
1.898	1	1	190	9	3	28	2196	0	0	0
1.901	1	1	191	2	3	28	2196	0	0	0
1.903	1	1	191	4	3	28	2196	0	0	0
1.906	1	1	191	7	3	28	2196	0	0	0
1.909	1	1	191	10	3	28	2196	0	0	0
1.911	1	1	192	2	3	28	2196	0	0	0
1.914	1	1	192	5	3	28	2196	0	0	0
1.917	1	1	192	8	3	28	2196	0	0	0
1.92	1	1	193	1	3	28	2196	0	0	0
1.923	1	1	193	4	3	28	2196	0	0	0
1.925	1	1	193	6	3	28	2196	0	0	0
1.928	1	1	193	9	3	28	2196	0	0	0
1.931	1	1	194	2	3	28	2196	0	0	0
1.933	1	1	194	4	3	28	2196	0	0	0
1.936	1	1	194	7	3	28	2196	0	0	0
1.938	1	1	194	9	3	28	2196	0	0	0
1.941	1	1	195	2	3	28	2196	0	0	0
1.944	1	1	195	5	3	28	2196	0	0	0
1.947	1	1	195	8	3	28	2196	0	0	0
1.95	1	1	196	1	3	28	2196	0	0	0
1.952	1	1	196	3	3	28	2196	0	0	0
1.955	1	1	196	6	3	28	2196	0	0	0
1.958	1	1	196	9	3	28	2196	0	0	0
1.96	1	1	197	1	3	28	2196	0	0	0
1.963	1	1	197	4	3	28	2196	0	0	0
1.966	1	1	197	7	3	28	2196	0	0	0
1.968	1	1	197	9	3	28	2196	0	0	0
1.971	1	1	198	2	3	28	2196	0	0	0
1.974	1	1	198	5	3	28	2196	0	0	0
1.977	1	1	198	8	3	28	2196	0	0	0
1.98	1	1	199	1	3	28	2196	0	0	0
1.982	1	1	199	3	3	28	2196	0	0	0
1.985	1	1	199	6	3	28	2196	0	0	0
1.987	1	1	199	8	3	28	2196	0	0	0
1.99	1	1	200	1	3	28	2196	0	0	0
1.993	1	1	200	4	3	28	2196	0	0	0
1.995	1	1	200	6	3	28	2196	0	0	0
1.998	1	1	200	9	3	28	2196	0	0	0
2.001	1	1	201	2	3	28	2196	0	0	0
2.004	1	1	201	5	3	28	2196	0	0	0
2.007	1	1	201	8	3	28	2196	0	0	0
2.009	1	1	201	10	3	28	2196	0	0	0
2.012	1	1	202	3	3	28	2196	0	0	0
2.015	1	1	202	6	3	28	2196	0	0	0
2.017	1	1	202	8	3	28	2196	0	0	0
2.02	1	1	203	1	3	28	2196	0	0	0
2.022	1	1	203	3	3	28	2196	0	0	0
2.025	1	1	203	6	3	28	2196	0	0	0
2.028	1	1	203	9	3	28	2196	0	0	0
2.031	1	1	204	2	3	28	2196	0	0	0
2.034	1	1	204	5	3	28	2196	0	0	0
2.036	1	1	204	7	3	28	2196	0	0	0
2.039	1	1	204	10	3	28	2196	0	0	0
2.042	1	1	205	3	3	28	2196	0	0	0
2.044	1	1	205	5	3	28	2196	0	0	0
2.047	1	1	205	8	3	28	2196	0	0	0
2.049	1	1	205	10	3	28	2196	0	0	0
2.052	1	1	206	3	3	28	2196	0	0	0
2.055	1	1	206	6	3	28	2196	0	0	0
2.058	1	1	206	9	3	28	2196	0	0	0
2.061	1	1	207	2	3	28	2196	0	0	0
2.064	1	1	207	5	3	28	2196	0	0	0
2.066	1	1	207	7	3	28	2196	0	0	0
2.069	1	1	207	10	3	28	2196	0	0	0
2.071	1	1	208	2	3	28	2196	0	0	0
2.074	1	1	208	5	3	28	2196	0	0	0
2.077	1	1	208	8	3	28	2196	0	0	0
2.079	1	1	208	10	3	28	2196	0	0	0
2.082	1	1	209	3	3	28	2196	0	0	0
2.085	1	1	209	6	3	28	2196	0	0	0
2.088	1	1	209	9	3	28	2196	0	0	0
2.091	1	1	210	2	3	28	2196	0	0	0
2.093	1	1	210	4	3	28	2196	0	0	0
2.096	1	1	210	7	3	28	2196	0	0	0
2.099	1	1	210	10	3	28	2196	0	0	0
2.101	1	1	211	2	3	28	2196	0	0	0
2.104	1	1	211	5	3	28	2196	0	0	0
2.106	1	1	211	7	3	28	2196	0	0	0
2.109	1	1	211	10	3	28	2196	0	0	0
2.112	1	1	212	3	3	28	2196	0	0	0
2.115	1	1	212	6	3	28	2196	0	0	0
2.118	1	1	212	9	3	28	2196	0	0	0
2.12	1	1	213	1	3	28	2196	0	0	0
2.123	1	1	213	4	3	28	2196	0	0	0
2.126	1	1	213	7	3	28	2196	0	0	0
2.128	1	1	213	9	3	28	2196	0	0	0
2.131	1	1	214	2	3	28	2196	0	0	0
2.133	1	1	214	4	3	28	2196	0	0	0
2.136	1	1	214	7	3	28	2196	0	0	0
2.139	1	1	214	10	3	28	2196	0	0	0
2.142	1	1	215	3	3	28	2196	0	0	0
2.145	1	1	215	6	3	28	2196	0	0	0
2.148	1	1	215	9	3	28	2196	0	0	0
2.15	1	1	216	1	3	28	2196	0	0	0
2.153	1	1	216	4	3	28	2196	0	0	0
2.156	1	1	216	7	3	28	2196	0	0	0
2.158	1	1	216	9	3	28	2196	0	0	0
2.161	1	1	217	2	3	28	2196	0	0	0
2.163	1	1	217	4	3	28	2196	0	0	0
2.166	1	1	217	7	3	28	2196	0	0	0
2.169	1	1	217	10	3	28	2196	0	0	0
2.172	1	1	218	3	3	28	2196	0	0	0
2.175	1	1	218	6	3	28	2196	0	0	0
2.177	1	1	218	8	3	28	2196	0	0	0
2.18	1	1	219	1	3	28	2196	0	0	0
2.183	1	1	219	4	3	28	2196	0	0	0
2.185	1	1	219	6	3	28	2196	0	0	0
2.188	1	1	219	9	3	28	2196	0	0	0
2.19	1	1	220	1	3	28	2196	0	0	0
2.193	1	1	220	4	3	28	2196	0	0	0
2.196	1	1	220	7	3	28	2196	0	0	0
2.199	1	1	220	10	3	28	2196	0	0	0
2.202	1	1	221	3	3	28	2196	0	0	0
2.204	1	1	221	5	3	28	2196	0	0	0
2.207	1	1	221	8	3	28	2196	0	0	0
2.21	1	1	222	1	3	28	2196	0	0	0
2.212	1	1	222	3	3	28	2196	0	0	0
2.215	1	1	222	6	3	28	2196	0	0	0
2.217	1	1	222	8	3	28	2196	0	0	0
2.22	1	1	223	1	3	28	2196	0	0	0
2.223	1	1	223	4	3	28	2196	0	0	0
2.226	1	1	223	7	3	28	2196	0	0	0
2.229	1	1	223	10	3	28	2196	0	0	0
2.231	1	1	224	2	3	28	2196	0	0	0
2.234	1	1	224	5	3	28	2196	0	0	0
2.237	1	1	224	8	3	28	2196	0	0	0
2.24	1	1	225	1	3	28	2196	0	0	0
2.242	1	1	225	3	3	28	2196	0	0	0
2.245	1	1	225	6	3	28	2196	0	0	0
2.247	1	1	225	8	3	28	2196	0	0	0
2.25	1	1	226	1	3	28	2196	0	0	0
2.253	1	1	226	4	3	28	2196	0	0	0
2.256	1	1	226	7	3	28	2196	0	0	0
2.259	1	1	226	10	3	28	2196	0	0	0
2.261	1	1	227	2	3	28	2196	0	0	0
2.264	1	1	227	5	3	28	2196	0	0	0
2.267	1	1	227	8	3	28	2196	0	0	0
2.269	1	1	227	10	3	28	2196	0	0	0
2.272	1	1	228	3	3	28	2196	0	0	0
2.274	1	1	228	5	3	28	2196	0	0	0
2.277	1	1	228	8	3	28	2196	0	0	0
2.28	1	1	229	1	3	28	2196	0	0	0
2.283	1	1	229	4	3	28	2196	0	0	0
2.286	1	1	229	7	3	28	2196	0	0	0
2.288	1	1	229	9	3	28	2196	0	0	0
2.291	1	1	230	2	3	28	2196	0	0	0
2.294	1	1	230	5	3	28	2196	0	0	0
2.296	1	1	230	7	3	28	2196	0	0	0
2.299	1	1	230	10	3	28	2196	0	0	0
2.301	1	1	231	2	3	28	2196	0	0	0
2.304	1	1	231	5	3	28	2196	0	0	0
2.307	1	1	231	8	3	28	2196	0	0	0
2.31	1	1	232	1	3	28	2196	0	0	0
2.313	1	1	232	4	3	28	2196	0	0	0
2.315	1	1	232	6	3	28	2196	0	0	0
2.318	1	1	232	9	3	28	2196	0	0	0
2.321	1	1	233	2	3	28	2196	0	0	0
2.324	1	1	233	5	3	28	2196	0	0	0
2.326	1	1	233	7	3	28	2196	0	0	0
2.329	1	1	233	10	3	28	2196	0	0	0
2.331	1	1	234	2	3	28	2196	0	0	0
2.334	1	1	234	5	3	28	2196	0	0	0
2.337	1	1	234	8	3	28	2196	0	0	0
2.34	1	1	235	1	3	28	2196	0	0	0
2.343	1	1	235	4	3	28	2196	0	0	0
2.345	1	1	235	6	3	28	2196	0	0	0
2.348	1	1	235	9	3	28	2196	0	0	0
2.351	1	1	236	2	3	28	2196	0	0	0
2.353	1	1	236	4	3	28	2196	0	0	0
2.356	1	1	236	7	3	28	2196	0	0	0
2.358	1	1	236	9	3	28	2196	0	0	0
2.361	1	1	237	2	3	28	2196	0	0	0
2.364	1	1	237	5	3	28	2196	0	0	0
2.367	1	1	237	8	3	28	2196	0	0	0
2.37	1	1	238	1	3	28	2196	0	0	0
2.372	1	1	238	3	3	28	2196	0	0	0
2.375	1	1	238	6	3	28	2196	0	0	0
2.378	1	1	238	9	3	28	2196	0	0	0
2.381	1	1	239	2	3	28	2196	0	0	0
2.383	1	1	239	4	3	28	2196	0	0	0
2.385	1	1	239	6	3	28	2196	0	0	0
2.388	1	1	239	9	3	28	2196	0	0	0
2.391	1	1	240	2	3	28	2196	0	0	0
2.394	1	1	240	5	3	28	2196	0	0	0
2.397	1	1	240	8	3	28	2196	0	0	0
2.399	1	1	240	10	3	28	2196	0	0	0
2.402	1	1	241	3	3	28	2196	0	0	0
2.405	1	1	241	6	3	28	2196	0	0	0
2.408	1	1	241	9	3	28	2196	0	0	0
2.41	1	1	242	1	3	28	2196	0	0	0
2.413	1	1	242	4	3	28	2196	0	0	0
2.415	1	1	242	6	3	28	2196	0	0	0
2.418	1	1	242	9	3	28	2196	0	0	0
2.421	1	1	243	2	3	28	2196	0	0	0
2.424	1	1	243	5	3	28	2196	0	0	0
2.427	1	1	243	8	3	28	2196	0	0	0
2.429	1	1	243	10	3	28	2196	0	0	0
2.432	1	1	244	3	3	28	2196	0	0	0
2.435	1	1	244	6	3	28	2196	0	0	0
2.437	1	1	244	8	3	28	2196	0	0	0
2.44	1	1	245	1	3	28	2196	0	0	0
2.442	1	1	245	3	3	28	2196	0	0	0
2.445	1	1	245	6	3	28	2196	0	0	0
2.448	1	1	245	9	3	28	2196	0	0	0
2.451	1	1	246	2	3	28	2196	0	0	0
2.454	1	1	246	5	3	28	2196	0	0	0
2.456	1	1	246	7	3	28	2196	0	0	0
2.459	1	1	246	10	3	28	2196	0	0	0
2.462	1	1	247	3	3	28	2196	0	0	0
2.465	1	1	247	6	3	28	2196	0	0	0
2.467	1	1	247	8	3	28	2196	0	0	0
2.469	1	1	247	10	3	28	2196	0	0	0
2.472	1	1	248	3	3	28	2196	0	0	0
2.475	1	1	248	6	3	28	2196	0	0	0
2.478	1	1	248	9	3	28	2196	0	0	0
2.481	1	1	249	2	3	28	2196	0	0	0
2.483	1	1	249	4	3	28	2196	0	0	0
2.486	1	1	249	7	3	28	2196	0	0	0
2.489	1	1	249	10	3	28	2196	0	0	0
2.492	1	1	250	3	3	28	2196	0	0	0
2.494	1	1	250	5	3	28	2196	0	0	0
2.496	1	1	250	7	3	28	2196	0	0	0
2.499	1	1	250	10	3	28	2196	0	0	0
2.502	1	1	251	3	3	28	2196	0	0	0
2.505	1	1	251	6	3	28	2196	0	0	0
2.508	1	1	251	9	3	28	2196	0	0	0
2.511	1	1	252	2	3	28	2196	0	0	0
2.513	1	1	252	4	3	28	2196	0	0	0
2.516	1	1	252	7	3	28	2196	0	0	0
2.519	1	1	252	10	3	28	2196	0	0	0
2.522	1	1	253	3	3	28	2196	0	0	0
2.524	1	1	253	5	3	28	2196	0	0	0
2.526	1	1	253	7	3	28	2196	0	0	0
2.529	1	1	253	10	3	28	2196	0	0	0
2.532	1	1	254	3	3	28	2196	0	0	0
2.535	1	1	254	6	3	28	2196	0	0	0
2.538	1	1	254	9	3	28	2196	0	0	0
2.54	1	1	255	1	3	28	2196	0	0	0
2.543	1	1	255	4	3	28	2196	0	0	0
2.546	1	1	255	7	3	28	2196	0	0	0
2.549	1	1	255	10	3	28	2196	0	0	0
2.551	1	1	256	2	3	28	2196	0	0	0
2.553	1	1	256	4	3	28	2196	0	0	0
2.556	1	1	256	7	3	28	2196	0	0	0
2.559	1	1	256	10	3	28	2196	0	0	0
2.562	1	1	257	3	3	28	2196	0	0	0
2.565	1	1	257	6	3	28	2196	0	0	0
2.567	1	1	257	8	3	28	2196	0	0	0
2.57	1	1	258	1	3	28	2196	0	0	0
2.573	1	1	258	4	3	28	2196	0	0	0
2.576	1	1	258	7	3	28	2196	0	0	0
2.578	1	1	258	9	3	28	2196	0	0	0
2.58	1	1	259	1	3	28	2196	0	0	0
2.583	1	1	259	4	3	28	2196	0	0	0
2.586	1	1	259	7	3	28	2196	0	0	0
2.589	1	1	259	10	3	28	2196	0	0	0
2.592	1	1	260	3	3	28	2196	0	0	0
2.594	1	1	260	5	3	28	2196	0	0	0
2.597	1	1	260	8	3	28	2196	0	0	0
2.6	1	1	261	1	3	28	2196	0	0	0
2.603	1	1	261	4	3	28	2196	0	0	0
2.606	1	1	261	7	3	28	2196	0	0	0
2.608	1	1	261	9	3	28	2196	0	0	0
2.61	1	1	262	1	3	28	2196	0	0	0
2.613	1	1	262	4	3	28	2196	0	0	0
2.616	1	1	262	7	3	28	2196	0	0	0
2.619	1	1	262	10	3	28	2196	0	0	0
2.622	1	1	263	3	3	28	2196	0	0	0
2.624	1	1	263	5	3	28	2196	0	0	0
2.627	1	1	263	8	3	28	2196	0	0	0
2.63	1	1	264	1	3	28	2196	0	0	0
2.633	1	1	264	4	3	28	2196	0	0	0
2.635	1	1	264	6	3	28	2196	0	0	0
2.637	1	1	264	8	3	28	2196	0	0	0
2.64	1	1	265	1	3	28	2196	0	0	0
2.643	1	1	265	4	3	28	2196	0	0	0
2.646	1	1	265	7	3	28	2196	0	0	0
2.649	1	1	265	10	3	28	2196	0	0	0
2.651	1	1	266	2	3	28	2196	0	0	0
2.654	1	1	266	5	3	28	2196	0	0	0
2.657	1	1	266	8	3	28	2196	0	0	0
2.66	1	1	267	1	3	28	2196	0	0	0
2.662	1	1	267	3	3	28	2196	0	0	0
2.664	1	1	267	5	3	28	2196	0	0	0
2.667	1	1	267	8	3	28	2196	0	0	0
2.67	1	1	268	1	3	28	2196	0	0	0
2.673	1	1	268	4	3	28	2196	0	0	0
2.676	1	1	268	7	3	28	2196	0	0	0
2.678	1	1	268	9	3	28	2196	0	0	0
2.681	1	1	269	2	3	28	2196	0	0	0
2.684	1	1	269	5	3	28	2196	0	0	0
2.687	1	1	269	8	3	28	2196	0	0	0
2.69	1	1	270	1	3	28	2196	0	0	0
2.692	1	1	270	3	3	28	2196	0	0	0
2.694	1	1	270	5	3	28	2196	0	0	0
2.697	1	1	270	8	3	28	2196	0	0	0
2.7	1	1	271	1	3	28	2196	0	0	0
2.703	1	1	271	4	3	28	2196	0	0	0
2.706	1	1	271	7	3	28	2196	0	0	0
2.708	1	1	271	9	3	28	2196	0	0	0
2.711	1	1	272	2	3	28	2196	0	0	0
2.714	1	1	272	5	3	28	2196	0	0	0
2.717	1	1	272	8	3	28	2196	0	0	0
2.719	1	1	272	10	3	28	2196	0	0	0
2.721	1	1	273	2	3	28	2196	0	0	0
2.724	1	1	273	5	3	28	2196	0	0	0
2.727	1	1	273	8	3	28	2196	0	0	0
2.73	1	1	274	1	3	28	2196	0	0	0
2.733	1	1	274	4	3	28	2196	0	0	0
2.735	1	1	274	6	3	28	2196	0	0	0
2.738	1	1	274	9	3	28	2196	0	0	0
2.741	1	1	275	2	3	28	2196	0	0	0
2.744	1	1	275	5	3	28	2196	0	0	0
2.747	1	1	275	8	3	28	2196	0	0	0
2.748	1	1	275	9	3	28	2196	0	0	0
2.751	1	1	276	2	3	28	2196	0	0	0
2.754	1	1	276	5	3	28	2196	0	0	0
2.757	1	1	276	8	3	28	2196	0	0	0
2.76	1	1	277	1	3	28	2196	0	0	0
2.762	1	1	277	3	3	28	2196	0	0	0
2.765	1	1	277	6	3	28	2196	0	0	0
2.768	1	1	277	9	3	28	2196	0	0	0
2.771	1	1	278	2	3	28	2196	0	0	0
2.774	1	1	278	5	3	28	2196	0	0	0
2.776	1	1	278	7	3	28	2196	0	0	0
2.778	1	1	278	9	3	28	2196	0	0	0
2.781	1	1	279	2	3	28	2196	0	0	0
2.784	1	1	279	5	3	28	2196	0	0	0
2.787	1	1	279	8	3	28	2196	0	0	0
2.79	1	1	280	1	3	28	2196	0	0	0
2.792	1	1	280	3	3	28	2196	0	0	0
2.795	1	1	280	6	3	28	2196	0	0	0
2.798	1	1	280	9	3	28	2196	0	0	0
2.801	1	1	281	2	3	28	2196	0	0	0
2.803	1	1	281	4	3	28	2196	0	0	0
2.805	1	1	281	6	3	28	2196	0	0	0
2.808	1	1	281	9	3	28	2196	0	0	0
2.811	1	1	282	2	3	28	2196	0	0	0
2.814	1	1	282	5	3	28	2196	0	0	0
2.817	1	1	282	8	3	28	2196	0	0	0
2.819	1	1	282	10	3	28	2196	0	0	0
2.822	1	1	283	3	3	28	2196	0	0	0
2.825	1	1	283	6	3	28	2196	0	0	0
2.828	1	1	283	9	3	28	2196	0	0	0
2.831	1	1	284	2	3	28	2196	0	0	0
2.832	1	1	284	3	3	28	2196	0	0	0
2.835	1	1	284	6	3	28	2196	0	0	0
2.838	1	1	284	9	3	28	2196	0	0	0
2.841	1	1	285	2	3	28	2196	0	0	0
2.844	1	1	285	5	3	28	2196	0	0	0
2.846	1	1	285	7	3	28	2196	0	0	0
2.849	1	1	285	10	3	28	2196	0	0	0
2.852	1	1	286	3	3	28	2196	0	0	0
2.855	1	1	286	6	3	28	2196	0	0	0
2.858	1	1	286	9	3	28	2196	0	0	0
2.86	1	1	287	1	3	28	2196	0	0	0
2.862	1	1	287	3	3	28	2196	0	0	0
2.865	1	1	287	6	3	28	2196	0	0	0
2.868	1	1	287	9	3	28	2196	0	0	0
2.871	1	1	288	2	3	28	2196	0	0	0
2.874	1	1	288	5	3	28	2196	0	0	0
2.876	1	1	288	7	3	28	2196	0	0	0
2.879	1	1	288	10	3	28	2196	0	0	0
2.882	1	1	289	3	3	28	2196	0	0	0
2.885	1	1	289	6	3	28	2196	0	0	0
2.888	1	1	289	9	3	28	2196	0	0	0
2.889	1	1	289	10	3	28	2196	0	0	0
2.892	1	1	290	3	3	28	2196	0	0	0
2.895	1	1	290	6	3	28	2196	0	0	0
2.898	1	1	290	9	3	28	2196	0	0	0
2.901	1	1	291	2	3	28	2196	0	0	0
2.903	1	1	291	4	3	28	2196	0	0	0
2.906	1	1	291	7	3	28	2196	0	0	0
2.909	1	1	291	10	3	28	2196	0	0	0
2.912	1	1	292	3	3	28	2196	0	0	0
2.915	1	1	292	6	3	28	2196	0	0	0
2.916	1	1	292	7	3	28	2196	0	0	0
2.919	1	1	292	10	3	28	2196	0	0	0
2.922	1	1	293	3	3	28	2196	0	0	0
2.925	1	1	293	6	3	28	2196	0	0	0
2.928	1	1	293	9	3	28	2196	0	0	0
2.93	1	1	294	1	3	28	2196	0	0	0
2.933	1	1	294	4	3	28	2196	0	0	0
2.936	1	1	294	7	3	28	2196	0	0	0
2.939	1	1	294	10	3	28	2196	0	0	0
2.942	1	1	295	3	3	28	2196	0	0	0
2.943	1	1	295	4	3	28	2196	0	0	0
2.946	1	1	295	7	3	28	2196	0	0	0
2.949	1	1	295	10	3	28	2196	0	0	0
2.952	1	1	296	3	3	28	2196	0	0	0
2.955	1	1	296	6	3	28	2196	0	0	0
2.958	1	1	296	9	3	28	2196	0	0	0
2.96	1	1	297	1	3	28	2196	0	0	0
2.963	1	1	297	4	3	28	2196	0	0	0
2.966	1	1	297	7	3	28	2196	0	0	0
2.969	1	1	297	10	3	28	2196	0	0	0
2.972	1	1	298	3	3	28	2196	0	0	0
2.973	1	1	298	4	3	28	2196	0	0	0
2.976	1	1	298	7	3	28	2196	0	0	0
2.979	1	1	298	10	3	28	2196	0	0	0
2.982	1	1	299	3	3	28	2196	0	0	0
2.985	1	1	299	6	3	28	2196	0	0	0
2.987	1	1	299	8	3	28	2196	0	0	0
2.99	1	1	300	1	3	28	2196	0	0	0
2.993	1	1	300	4	3	28	2196	0	0	0
2.996	1	1	300	7	3	28	2196	0	0	0
2.999	1	1	300	10	3	28	2196	0	0	0
3	1	1	301	1	3	28	2196	0	0	0
3.003	1	1	301	4	3	28	2196	0	0	0
3.006	1	1	301	7	3	28	2196	0	0	0
3.009	1	1	301	10	3	28	2196	0	0	0
3.012	1	1	302	3	3	28	2196	0	0	0
3.014	1	1	302	5	3	28	2196	0	0	0
3.017	1	1	302	8	3	28	2196	0	0	0
3.02	1	1	303	1	3	28	2196	0	0	0
3.023	1	1	303	4	3	28	2196	0	0	0
3.026	1	1	303	7	3	28	2196	0	0	0
3.027	1	1	303	8	3	28	2196	0	0	0
3.03	1	1	304	1	3	28	2196	0	0	0
3.033	1	1	304	4	3	28	2196	0	0	0
3.036	1	1	304	7	3	28	2196	0	0	0
3.039	1	1	304	10	3	28	2196	0	0	0
3.041	1	1	305	2	3	28	2196	0	0	0
3.044	1	1	305	5	3	28	2196	0	0	0
3.047	1	1	305	8	3	28	2196	0	0	0
3.05	1	1	306	1	3	28	2196	0	0	0
3.053	1	1	306	4	3	28	2196	0	0	0
3.056	1	1	306	7	3	28	2196	0	0	0
3.057	1	1	306	8	3	28	2196	0	0	0
3.06	1	1	307	1	3	28	2196	0	0	0
3.063	1	1	307	4	3	28	2196	0	0	0
3.066	1	1	307	7	3	28	2196	0	0	0
3.069	1	1	307	10	3	28	2196	0	0	0
3.071	1	1	308	2	3	28	2196	0	0	0
3.074	1	1	308	5	3	28	2196	0	0	0
3.077	1	1	308	8	3	28	2196	0	0	0
3.08	1	1	309	1	3	28	2196	0	0	0
3.083	1	1	309	4	3	28	2196	0	0	0
3.084	1	1	309	5	3	28	2196	0	0	0
3.087	1	1	309	8	3	28	2196	0	0	0
3.09	1	1	310	1	3	28	2196	0	0	0
3.093	1	1	310	4	3	28	2196	0	0	0
3.096	1	1	310	7	3	28	2196	0	0	0
3.098	1	1	310	9	3	28	2196	0	0	0
3.101	1	1	311	2	3	28	2196	0	0	0
3.104	1	1	311	5	3	28	2196	0	0	0
3.107	1	1	311	8	3	28	2196	0	0	0
3.11	1	1	312	1	3	28	2196	0	0	0
3.112	1	1	312	3	3	28	2196	0	0	0
3.114	1	1	312	5	3	28	2196	0	0	0
3.117	1	1	312	8	3	28	2196	0	0	0
3.12	1	1	313	1	3	28	2196	0	0	0
3.123	1	1	313	4	3	28	2196	0	0	0
3.125	1	1	313	6	3	28	2196	0	0	0
3.128	1	1	313	9	3	28	2196	0	0	0
3.131	1	1	314	2	3	28	2196	0	0	0
3.134	1	1	314	5	3	28	2196	0	0	0
3.137	1	1	314	8	3	28	2196	0	0	0
3.14	1	1	315	1	3	28	2196	0	0	0
3.141	1	1	315	2	3	28	2196	0	0	0
3.144	1	1	315	5	3	28	2196	0	0	0
3.147	1	1	315	8	3	28	2196	0	0	0
3.15	1	1	316	1	3	28	2196	0	0	0
3.153	1	1	316	4	3	28	2196	0	0	0
3.155	1	1	316	6	3	28	2196	0	0	0
3.158	1	1	316	9	3	28	2196	0	0	0
3.161	1	1	317	2	3	28	2196	0	0	0
3.164	1	1	317	5	3	28	2196	0	0	0
3.167	1	1	317	8	3	28	2196	0	0	0
3.168	1	1	317	9	3	28	2196	0	0	0
3.171	1	1	318	2	3	28	2196	0	0	0
3.174	1	1	318	5	3	28	2196	0	0	0
3.177	1	1	318	8	3	28	2196	0	0	0
3.18	1	1	319	1	3	28	2196	0	0	0
3.182	1	1	319	3	3	28	2196	0	0	0
3.185	1	1	319	6	3	28	2196	0	0	0
3.188	1	1	319	9	3	28	2196	0	0	0
3.191	1	1	320	2	3	28	2196	0	0	0
3.194	1	1	320	5	3	28	2196	0	0	0
3.196	1	1	320	7	3	28	2196	0	0	0
3.198	1	1	320	9	3	28	2196	0	0	0
3.201	1	1	321	2	3	28	2196	0	0	0
3.204	1	1	321	5	3	28	2196	0	0	0
3.207	1	1	321	8	3	28	2196	0	0	0
3.209	1	1	321	10	3	28	2196	0	0	0
3.212	1	1	322	3	3	28	2196	0	0	0
3.215	1	1	322	6	3	28	2196	0	0	0
3.218	1	1	322	9	3	28	2196	0	0	0
3.221	1	1	323	2	3	28	2196	0	0	0
3.224	1	1	323	5	3	28	2196	0	0	0
3.225	1	1	323	6	3	28	2196	0	0	0
3.228	1	1	323	9	3	28	2196	0	0	0
3.231	1	1	324	2	3	28	2196	0	0	0
3.234	1	1	324	5	3	28	2196	0	0	0
3.237	1	1	324	8	3	28	2196	0	0	0
3.239	1	1	324	10	3	28	2196	0	0	0
3.242	1	1	325	3	3	28	2196	0	0	0
3.245	1	1	325	6	3	28	2196	0	0	0
3.248	1	1	325	9	3	28	2196	0	0	0
3.251	1	1	326	2	3	28	2196	0	0	0
3.253	1	1	326	4	3	28	2196	0	0	0
3.255	1	1	326	6	3	28	2196	0	0	0
3.258	1	1	326	9	3	28	2196	0	0	0
3.261	1	1	327	2	3	28	2196	0	0	0
3.264	1	1	327	5	3	28	2196	0	0	0
3.266	1	1	327	7	3	28	2196	0	0	0
3.269	1	1	327	10	3	28	2196	0	0	0
3.272	1	1	328	3	3	28	2196	0	0	0
3.275	1	1	328	6	3	28	2196	0	0	0
3.278	1	1	328	9	3	28	2196	0	0	0
3.28	1	1	329	1	3	28	2196	0	0	0
3.282	1	1	329	3	3	28	2196	0	0	0
3.285	1	1	329	6	3	28	2196	0	0	0
3.288	1	1	329	9	3	28	2196	0	0	0
3.291	1	1	330	2	3	28	2196	0	0	0
3.293	1	1	330	4	3	28	2196	0	0	0
3.296	1	1	330	7	3	28	2196	0	0	0
3.299	1	1	330	10	3	28	2196	0	0	0
3.302	1	1	331	3	3	28	2196	0	0	0
3.305	1	1	331	6	3	28	2196	0	0	0
3.308	1	1	331	9	3	28	2196	0	0	0
3.309	1	1	331	10	3	28	2196	0	0	0
3.312	1	1	332	3	3	28	2196	0	0	0
3.315	1	1	332	6	3	28	2196	0	0	0
3.318	1	1	332	9	3	28	2196	0	0	0
3.321	1	1	333	2	3	28	2196	0	0	0
3.323	1	1	333	4	3	28	2196	0	0	0
3.326	1	1	333	7	3	28	2196	0	0	0
3.329	1	1	333	10	3	28	2196	0	0	0
3.332	1	1	334	3	3	28	2196	0	0	0
3.335	1	1	334	6	3	28	2196	0	0	0
3.337	1	1	334	8	3	28	2196	0	0	0
3.339	1	1	334	10	3	28	2196	0	0	0
3.342	1	1	335	3	3	28	2196	0	0	0
3.345	1	1	335	6	3	28	2196	0	0	0
3.348	1	1	335	9	3	28	2196	0	0	0
3.35	1	1	336	1	3	28	2196	0	0	0
3.353	1	1	336	4	3	28	2196	0	0	0
3.356	1	1	336	7	3	28	2196	0	0	0
3.359	1	1	336	10	3	28	2196	0	0	0
3.362	1	1	337	3	3	28	2196	0	0	0
3.364	1	1	337	5	3	28	2196	0	0	0
3.366	1	1	337	7	3	28	2196	0	0	0
3.369	1	1	337	10	3	28	2196	0	0	0
3.372	1	1	338	3	3	28	2196	0	0	0
3.375	1	1	338	6	3	28	2196	0	0	0
3.377	1	1	338	8	3	28	2196	0	0	0
3.38	1	1	339	1	3	28	2196	0	0	0
3.383	1	1	339	4	3	28	2196	0	0	0
3.386	1	1	339	7	3	28	2196	0	0	0
3.389	1	1	339	10	3	28	2196	0	0	0
3.391	1	1	340	2	3	28	2196	0	0	0
3.393	1	1	340	4	3	28	2196	0	0	0
3.396	1	1	340	7	3	28	2196	0	0	0
3.399	1	1	340	10	3	28	2196	0	0	0
3.402	1	1	341	3	3	28	2196	0	0	0
3.405	1	1	341	6	3	28	2196	0	0	0
3.407	1	1	341	8	3	28	2196	0	0	0
3.41	1	1	342	1	3	28	2196	0	0	0
3.413	1	1	342	4	3	28	2196	0	0	0
3.416	1	1	342	7	3	28	2196	0	0	0
3.419	1	1	342	10	3	28	2196	0	0	0
3.421	1	1	343	2	3	28	2196	0	0	0
3.423	1	1	343	4	3	28	2196	0	0	0
3.426	1	1	343	7	3	28	2196	0	0	0
3.429	1	1	343	10	3	28	2196	0	0	0
3.432	1	1	344	3	3	28	2196	0	0	0
3.434	1	1	344	5	3	28	2196	0	0	0
3.437	1	1	344	8	3	28	2196	0	0	0
3.44	1	1	345	1	3	28	2196	0	0	0
3.443	1	1	345	4	3	28	2196	0	0	0
3.446	1	1	345	7	3	28	2196	0	0	0
3.448	1	1	345	9	3	28	2196	0	0	0
3.45	1	1	346	1	3	28	2196	0	0	0
3.453	1	1	346	4	3	28	2196	0	0	0
3.456	1	1	346	7	3	28	2196	0	0	0
3.459	1	1	346	10	3	28	2196	0	0	0
3.461	1	1	347	2	3	28	2196	0	0	0
3.464	1	1	347	5	3	28	2196	0	0	0
3.467	1	1	347	8	3	28	2196	0	0	0
3.47	1	1	348	1	3	28	2196	0	0	0
3.473	1	1	348	4	3	28	2196	0	0	0
3.475	1	1	348	6	3	28	2196	0	0	0
3.478	1	1	348	9	3	28	2196	0	0	0
3.48	1	1	349	1	3	28	2196	0	0	0
3.483	1	1	349	4	3	28	2196	0	0	0
3.486	1	1	349	7	3	28	2196	0	0	0
3.488	1	1	349	9	3	28	2196	0	0	0
3.491	1	1	350	2	3	28	2196	0	0	0
3.494	1	1	350	5	3	28	2196	0	0	0
3.497	1	1	350	8	3	28	2196	0	0	0
3.5	1	1	351	1	3	28	2196	0	0	0
3.503	1	1	351	4	3	28	2196	0	0	0
3.505	1	1	351	6	3	28	2196	0	0	0
3.507	1	1	351	8	3	28	2196	0	0	0
3.51	1	1	352	1	3	28	2196	0	0	0
3.513	1	1	352	4	3	28	2196	0	0	0
3.516	1	1	352	7	3	28	2196	0	0	0
3.518	1	1	352	9	3	28	2196	0	0	0
3.521	1	1	353	2	3	28	2196	0	0	0
3.524	1	1	353	5	3	28	2196	0	0	0
3.527	1	1	353	8	3	28	2196	0	0	0
3.53	1	1	354	1	3	28	2196	0	0	0
3.532	1	1	354	3	3	28	2196	0	0	0
3.534	1	1	354	5	3	28	2196	0	0	0
3.537	1	1	354	8	3	28	2196	0	0	0
3.54	1	1	355	1	3	28	2196	0	0	0
3.543	1	1	355	4	3	28	2196	0	0	0
3.545	1	1	355	6	3	28	2196	0	0	0
3.548	1	1	355	9	3	28	2196	0	0	0
3.551	1	1	356	2	3	28	2196	0	0	0
3.554	1	1	356	5	3	28	2196	0	0	0
3.557	1	1	356	8	3	28	2196	0	0	0
3.559	1	1	356	10	3	28	2196	0	0	0
3.562	1	1	357	3	3	28	2196	0	0	0
3.564	1	1	357	5	3	28	2196	0	0	0
3.567	1	1	357	8	3	28	2196	0	0	0
3.57	1	1	358	1	3	28	2196	0	0	0
3.572	1	1	358	3	3	28	2196	0	0	0
3.575	1	1	358	6	3	28	2196	0	0	0
3.578	1	1	358	9	3	28	2196	0	0	0
3.581	1	1	359	2	3	28	2196	0	0	0
3.584	1	1	359	5	3	28	2196	0	0	0
3.587	1	1	359	8	3	28	2196	0	0	0
3.589	1	1	359	10	3	28	2196	0	0	0
3.591	1	1	360	2	3	28	2196	0	0	0
3.594	1	1	360	5	3	28	2196	0	0	0
3.597	1	1	360	8	3	28	2196	0	0	0
3.6	1	1	361	1	3	28	2196	0	0	0
3.602	1	1	361	3	3	28	2196	0	0	0
3.605	1	1	361	6	3	28	2196	0	0	0
3.608	1	1	361	9	3	28	2196	0	0	0
3.611	1	1	362	2	3	28	2196	0	0	0
3.614	1	1	362	5	3	28	2196	0	0	0
3.616	1	1	362	7	3	28	2196	0	0	0
3.619	1	1	362	10	3	28	2196	0	0	0
3.621	1	1	363	2	3	28	2196	0	0	0
3.624	1	1	363	5	3	28	2196	0	0	0
3.627	1	1	363	8	3	28	2196	0	0	0
3.629	1	1	363	10	3	28	2196	0	0	0
3.632	1	1	364	3	3	28	2196	0	0	0
3.635	1	1	364	6	3	28	2196	0	0	0
3.638	1	1	364	9	3	28	2196	0	0	0
3.641	1	1	365	2	3	28	2196	0	0	0
3.643	1	1	365	4	3	28	2196	0	0	0
3.646	1	1	365	7	3	28	2196	0	0	0
3.648	1	1	365	9	3	28	2196	0	0	0
3.651	1	1	366	2	3	28	2196	0	0	0
3.654	1	1	366	5	3	28	2196	0	0	0
3.656	1	1	366	7	3	28	2196	0	0	0
3.659	1	1	366	10	3	28	2196	0	0	0
3.662	1	1	367	3	3	28	2196	0	0	0
3.665	1	1	367	6	3	28	2196	0	0	0
3.668	1	1	367	9	3	28	2196	0	0	0
3.671	1	1	368	2	3	28	2196	0	0	0
3.673	1	1	368	4	3	28	2196	0	0	0
3.675	1	1	368	6	3	28	2196	0	0	0
3.678	1	1	368	9	3	28	2196	0	0	0
3.681	1	1	369	2	3	28	2196	0	0	0
3.684	1	1	369	5	3	28	2196	0	0	0
3.686	1	1	369	7	3	28	2196	0	0	0
3.689	1	1	369	10	3	28	2196	0	0	0
3.692	1	1	370	3	3	28	2196	0	0	0
3.695	1	1	370	6	3	28	2196	0	0	0
3.698	1	1	370	9	3	28	2196	0	0	0
3.7	1	1	371	1	3	28	2196	0	0	0
3.703	1	1	371	4	3	28	2196	0	0	0
3.705	1	1	371	6	3	28	2196	0	0	0
3.708	1	1	371	9	3	28	2196	0	0	0
3.711	1	1	372	2	3	28	2196	0	0	0
3.713	1	1	372	4	3	28	2196	0	0	0
3.716	1	1	372	7	3	28	2196	0	0	0
3.719	1	1	372	10	3	28	2196	0	0	0
3.722	1	1	373	3	3	28	2196	0	0	0
3.725	1	1	373	6	3	28	2196	0	0	0
3.727	1	1	373	8	3	28	2196	0	0	0
3.73	1	1	374	1	3	28	2196	0	0	0
3.732	1	1	374	3	3	28	2196	0	0	0
3.735	1	1	374	6	3	28	2196	0	0	0
3.738	1	1	374	9	3	28	2196	0	0	0
3.74	1	1	375	1	3	28	2196	0	0	0
3.743	1	1	375	4	3	28	2196	0	0	0
3.746	1	1	375	7	3	28	2196	0	0	0
3.749	1	1	375	10	3	28	2196	0	0	0
3.752	1	1	376	3	3	28	2196	0	0	0
3.755	1	1	376	6	3	28	2196	0	0	0
3.757	1	1	376	8	3	28	2196	0	0	0
3.76	1	1	377	1	3	28	2196	0	0	0
3.762	1	1	377	3	3	28	2196	0	0	0
3.765	1	1	377	6	3	28	2196	0	0	0
3.768	1	1	377	9	3	28	2196	0	0	0
3.77	1	1	378	1	3	28	2196	0	0	0
3.773	1	1	378	4	3	28	2196	0	0	0
3.776	1	1	378	7	3	28	2196	0	0	0
3.779	1	1	378	10	3	28	2196	0	0	0
3.782	1	1	379	3	3	28	2196	0	0	0
3.784	1	1	379	5	3	28	2196	0	0	0
3.787	1	1	379	8	3	28	2196	0	0	0
3.789	1	1	379	10	3	28	2196	0	0	0
3.792	1	1	380	3	3	28	2196	0	0	0
3.795	1	1	380	6	3	28	2196	0	0	0
3.797	1	1	380	8	3	28	2196	0	0	0
3.8	1	1	381	1	3	28	2196	0	0	0
3.803	1	1	381	4	3	28	2196	0	0	0
3.806	1	1	381	7	3	28	2196	0	0	0
3.809	1	1	381	10	3	28	2196	0	0	0
3.811	1	1	382	2	3	28	2196	0	0	0
3.814	1	1	382	5	3	28	2196	0	0	0
3.816	1	1	382	7	3	28	2196	0	0	0
3.819	1	1	382	10	3	28	2196	0	0	0
3.822	1	1	383	3	3	28	2196	0	0	0
3.824	1	1	383	5	3	28	2196	0	0	0
3.827	1	1	383	8	3	28	2196	0	0	0
3.83	1	1	384	1	3	28	2196	0	0	0
3.833	1	1	384	4	3	28	2196	0	0	0
3.836	1	1	384	7	3	28	2196	0	0	0
3.838	1	1	384	9	3	28	2196	0	0	0
3.841	1	1	385	2	3	28	2196	0	0	0
3.844	1	1	385	5	3	28	2196	0	0	0
3.846	1	1	385	7	3	28	2196	0	0	0
3.849	1	1	385	10	3	28	2196	0	0	0
3.852	1	1	386	3	3	28	2196	0	0	0
3.854	1	1	386	5	3	28	2196	0	0	0
3.857	1	1	386	8	3	28	2196	0	0	0
3.86	1	1	387	1	3	28	2196	0	0	0
3.863	1	1	387	4	3	28	2196	0	0	0
3.866	1	1	387	7	3	28	2196	0	0	0
3.868	1	1	387	9	3	28	2196	0	0	0
3.871	1	1	388	2	3	28	2196	0	0	0
3.873	1	1	388	4	3	28	2196	0	0	0
3.876	1	1	388	7	3	28	2196	0	0	0
3.879	1	1	388	10	3	28	2196	0	0	0
3.881	1	1	389	2	3	28	2196	0	0	0
3.884	1	1	389	5	3	28	2196	0	0	0
3.887	1	1	389	8	3	28	2196	0	0	0
3.89	1	1	390	1	3	28	2196	0	0	0
3.893	1	1	390	4	3	28	2196	0	0	0
3.895	1	1	390	6	3	28	2196	0	0	0
3.898	1	1	390	9	3	28	2196	0	0	0
3.901	1	1	391	2	3	28	2196	0	0	0
3.903	1	1	391	4	3	28	2196	0	0	0
3.906	1	1	391	7	3	28	2196	0	0	0
3.908	1	1	391	9	3	28	2196	0	0	0
3.911	1	1	392	2	3	28	2196	0	0	0
3.914	1	1	392	5	3	28	2196	0	0	0
3.917	1	1	392	8	3	28	2196	0	0	0
3.92	1	1	393	1	3	28	2196	0	0	0
3.922	1	1	393	3	3	28	2196	0	0	0
3.925	1	1	393	6	3	28	2196	0	0	0
3.928	1	1	393	9	3	28	2196	0	0	0
3.93	1	1	394	1	3	28	2196	0	0	0
3.933	1	1	394	4	3	28	2196	0	0	0
3.936	1	1	394	7	3	28	2196	0	0	0
3.938	1	1	394	9	3	28	2196	0	0	0
3.941	1	1	395	2	3	28	2196	0	0	0
3.944	1	1	395	5	3	28	2196	0	0	0
3.947	1	1	395	8	3	28	2196	0	0	0
3.95	1	1	396	1	3	28	2196	0	0	0
3.952	1	1	396	3	3	28	2196	0	0	0
3.955	1	1	396	6	3	28	2196	0	0	0
3.957	1	1	396	8	3	28	2196	0	0	0
3.96	1	1	397	1	3	28	2196	0	0	0
3.963	1	1	397	4	3	28	2196	0	0	0
3.965	1	1	397	6	3	28	2196	0	0	0
3.968	1	1	397	9	3	28	2196	0	0	0
3.971	1	1	398	2	3	28	2196	0	0	0
3.974	1	1	398	5	3	28	2196	0	0	0
3.977	1	1	398	8	3	28	2196	0	0	0
3.979	1	1	398	10	3	28	2196	0	0	0
3.982	1	1	399	3	3	28	2196	0	0	0
3.985	1	1	399	6	3	28	2196	0	0	0
3.987	1	1	399	8	3	28	2196	0	0	0
3.99	1	1	400	1	3	28	2196	0	0	0
3.992	1	1	400	3	3	28	2196	0	0	0
3.995	1	1	400	6	3	28	2196	0	0	0
3.998	1	1	400	9	3	28	2196	0	0	0
4.001	1	1	401	2	3	28	2196	0	0	0
4.004	1	1	401	5	3	28	2196	0	0	0
4.006	1	1	401	7	3	28	2196	0	0	0
4.009	1	1	401	10	3	28	2196	0	0	0
4.012	1	1	402	3	3	28	2196	0	0	0
4.014	1	1	402	5	3	28	2196	0	0	0
4.017	1	1	402	8	3	28	2196	0	0	0
4.019	1	1	402	10	3	28	2196	0	0	0
4.022	1	1	403	3	3	28	2196	0	0	0
4.025	1	1	403	6	3	28	2196	0	0	0
4.028	1	1	403	9	3	28	2196	0	0	0
4.031	1	1	404	2	3	28	2196	0	0	0
4.034	1	1	404	5	3	28	2196	0	0	0
4.036	1	1	404	7	3	28	2196	0	0	0
4.039	1	1	404	10	3	28	2196	0	0	0
4.041	1	1	405	2	3	28	2196	0	0	0
4.044	1	1	405	5	3	28	2196	0	0	0
4.047	1	1	405	8	3	28	2196	0	0	0
4.049	1	1	405	10	3	28	2196	0	0	0
4.052	1	1	406	3	3	28	2196	0	0	0
4.055	1	1	406	6	3	28	2196	0	0	0
4.058	1	1	406	9	3	28	2196	0	0	0
4.061	1	1	407	2	3	28	2196	0	0	0
4.063	1	1	407	4	3	28	2196	0	0	0
4.066	1	1	407	7	3	28	2196	0	0	0
4.069	1	1	407	10	3	28	2196	0	0	0
4.071	1	1	408	2	3	28	2196	0	0	0
4.074	1	1	408	5	3	28	2196	0	0	0
4.076	1	1	408	7	3	28	2196	0	0	0
4.079	1	1	408	10	3	28	2196	0	0	0
4.082	1	1	409	3	3	28	2196	0	0	0
4.085	1	1	409	6	3	28	2196	0	0	0
4.088	1	1	409	9	3	28	2196	0	0	0
4.09	1	1	410	1	3	28	2196	0	0	0
4.093	1	1	410	4	3	28	2196	0	0	0
4.096	1	1	410	7	3	28	2196	0	0	0
4.098	1	1	410	9	3	28	2196	0	0	0
4.101	1	1	411	2	3	28	2196	0	0	0
4.103	1	1	411	4	3	28	2196	0	0	0
4.106	1	1	411	7	3	28	2196	0	0	0
4.109	1	1	411	10	3	28	2196	0	0	0
4.112	1	1	412	3	3	28	2196	0	0	0
4.115	1	1	412	6	3	28	2196	0	0	0
4.118	1	1	412	9	3	28	2196	0	0	0
4.12	1	1	413	1	3	28	2196	0	0	0
4.123	1	1	413	4	3	28	2196	0	0	0
4.126	1	1	413	7	3	28	2196	0	0	0
4.128	1	1	413	9	3	28	2196	0	0	0
4.131	1	1	414	2	3	28	2196	0	0	0
4.133	1	1	414	4	3	28	2196	0	0	0
4.136	1	1	414	7	3	28	2196	0	0	0
4.139	1	1	414	10	3	28	2196	0	0	0
4.142	1	1	415	3	3	28	2196	0	0	0
4.145	1	1	415	6	3	28	2196	0	0	0
4.147	1	1	415	8	3	28	2196	0	0	0
4.15	1	1	416	1	3	28	2196	0	0	0
4.153	1	1	416	4	3	28	2196	0	0	0
4.155	1	1	416	6	3	28	2196	0	0	0
4.158	1	1	416	9	3	28	2196	0	0	0
4.16	1	1	417	1	3	28	2196	0	0	0
4.163	1	1	417	4	3	28	2196	0	0	0
4.166	1	1	417	7	3	28	2196	0	0	0
4.169	1	1	417	10	3	28	2196	0	0	0
4.172	1	1	418	3	3	28	2196	0	0	0
4.174	1	1	418	5	3	28	2196	0	0	0
4.177	1	1	418	8	3	28	2196	0	0	0
4.18	1	1	419	1	3	28	2196	0	0	0
4.182	1	1	419	3	3	28	2196	0	0	0
4.185	1	1	419	6	3	28	2196	0	0	0
4.187	1	1	419	8	3	28	2196	0	0	0
4.19	1	1	420	1	3	28	2196	0	0	0
4.193	1	1	420	4	3	28	2196	0	0	0
4.196	1	1	420	7	3	28	2196	0	0	0
4.199	1	1	420	10	3	28	2196	0	0	0
4.201	1	1	421	2	3	28	2196	0	0	0
4.204	1	1	421	5	3	28	2196	0	0	0
4.207	1	1	421	8	3	28	2196	0	0	0
4.21	1	1	422	1	3	28	2196	0	0	0
4.212	1	1	422	3	3	28	2196	0	0	0
4.215	1	1	422	6	3	28	2196	0	0	0
4.217	1	1	422	8	3	28	2196	0	0	0
4.22	1	1	423	1	3	28	2196	0	0	0
4.223	1	1	423	4	3	28	2196	0	0	0
4.226	1	1	423	7	3	28	2196	0	0	0
4.229	1	1	423	10	3	28	2196	0	0	0
4.231	1	1	424	2	3	28	2196	0	0	0
4.234	1	1	424	5	3	28	2196	0	0	0
4.237	1	1	424	8	3	28	2196	0	0	0
4.239	1	1	424	10	3	28	2196	0	0	0
4.242	1	1	425	3	3	28	2196	0	0	0
4.244	1	1	425	5	3	28	2196	0	0	0
4.247	1	1	425	8	3	28	2196	0	0	0
4.25	1	1	426	1	3	28	2196	0	0	0
4.253	1	1	426	4	3	28	2196	0	0	0
4.256	1	1	426	7	3	28	2196	0	0	0
4.258	1	1	426	9	3	28	2196	0	0	0
4.261	1	1	427	2	3	28	2196	0	0	0
4.264	1	1	427	5	3	28	2196	0	0	0
4.266	1	1	427	7	3	28	2196	0	0	0
4.269	1	1	427	10	3	28	2196	0	0	0
4.271	1	1	428	2	3	28	2196	0	0	0
4.274	1	1	428	5	3	28	2196	0	0	0
4.277	1	1	428	8	3	28	2196	0	0	0
4.28	1	1	429	1	3	28	2196	0	0	0
4.283	1	1	429	4	3	28	2196	0	0	0
4.285	1	1	429	6	3	28	2196	0	0	0
4.288	1	1	429	9	3	28	2196	0	0	0
4.291	1	1	430	2	3	28	2196	0	0	0
4.294	1	1	430	5	3	28	2196	0	0	0
4.296	1	1	430	7	3	28	2196	0	0	0
4.299	1	1	430	10	3	28	2196	0	0	0
4.301	1	1	431	2	3	28	2196	0	0	0
4.304	1	1	431	5	3	28	2196	0	0	0
4.307	1	1	431	8	3	28	2196	0	0	0
4.31	1	1	432	1	3	28	2196	0	0	0
4.313	1	1	432	4	3	28	2196	0	0	0
4.315	1	1	432	6	3	28	2196	0	0	0
4.318	1	1	432	9	3	28	2196	0	0	0
4.321	1	1	433	2	3	28	2196	0	0	0
4.323	1	1	433	4	3	28	2196	0	0	0
4.326	1	1	433	7	3	28	2196	0	0	0
4.328	1	1	433	9	3	28	2196	0	0	0
4.331	1	1	434	2	3	28	2196	0	0	0
4.334	1	1	434	5	3	28	2196	0	0	0
4.337	1	1	434	8	3	28	2196	0	0	0
4.34	1	1	435	1	3	28	2196	0	0	0
4.342	1	1	435	3	3	28	2196	0	0	0
4.345	1	1	435	6	3	28	2196	0	0	0
4.348	1	1	435	9	3	28	2196	0	0	0
4.351	1	1	436	2	3	28	2196	0	0	0
4.353	1	1	436	4	3	28	2196	0	0	0
4.355	1	1	436	6	3	28	2196	0	0	0
4.358	1	1	436	9	3	28	2196	0	0	0
4.361	1	1	437	2	3	28	2196	0	0	0
4.364	1	1	437	5	3	28	2196	0	0	0
4.367	1	1	437	8	3	28	2196	0	0	0
4.369	1	1	437	10	3	28	2196	0	0	0
4.372	1	1	438	3	3	28	2196	0	0	0
4.375	1	1	438	6	3	28	2196	0	0	0
4.378	1	1	438	9	3	28	2196	0	0	0
4.38	1	1	439	1	3	28	2196	0	0	0
4.383	1	1	439	4	3	28	2196	0	0	0
4.385	1	1	439	6	3	28	2196	0	0	0
4.388	1	1	439	9	3	28	2196	0	0	0
4.391	1	1	440	2	3	28	2196	0	0	0
4.394	1	1	440	5	3	28	2196	0	0	0
4.397	1	1	440	8	3	28	2196	0	0	0
4.399	1	1	440	10	3	28	2196	0	0	0
4.402	1	1	441	3	3	28	2196	0	0	0
4.405	1	1	441	6	3	28	2196	0	0	0
4.407	1	1	441	8	3	28	2196	0	0	0
4.41	1	1	442	1	3	28	2196	0	0	0
4.412	1	1	442	3	3	28	2196	0	0	0
4.415	1	1	442	6	3	28	2196	0	0	0
4.418	1	1	442	9	3	28	2196	0	0	0
4.421	1	1	443	2	3	28	2196	0	0	0
4.424	1	1	443	5	3	28	2196	0	0	0
4.426	1	1	443	7	3	28	2196	0	0	0
4.429	1	1	443	10	3	28	2196	0	0	0
4.432	1	1	444	3	3	28	2196	0	0	0
4.435	1	1	444	6	3	28	2196	0	0	0
4.437	1	1	444	8	3	28	2196	0	0	0
4.439	1	1	444	10	3	28	2196	0	0	0
4.442	1	1	445	3	3	28	2196	0	0	0
4.445	1	1	445	6	3	28	2196	0	0	0
4.448	1	1	445	9	3	28	2196	0	0	0
4.451	1	1	446	2	3	28	2196	0	0	0
4.453	1	1	446	4	3	28	2196	0	0	0
4.456	1	1	446	7	3	28	2196	0	0	0
4.459	1	1	446	10	3	28	2196	0	0	0
4.462	1	1	447	3	3	28	2196	0	0	0
4.464	1	1	447	5	3	28	2196	0	0	0
4.466	1	1	447	7	3	28	2196	0	0	0
4.469	1	1	447	10	3	28	2196	0	0	0
4.472	1	1	448	3	3	28	2196	0	0	0
4.475	1	1	448	6	3	28	2196	0	0	0
4.478	1	1	448	9	3	28	2196	0	0	0
4.481	1	1	449	2	3	28	2196	0	0	0
4.483	1	1	449	4	3	28	2196	0	0	0
4.486	1	1	449	7	3	28	2196	0	0	0
4.489	1	1	449	10	3	28	2196	0	0	0
4.492	1	1	450	3	3	28	2196	0	0	0
4.494	1	1	450	5	3	28	2196	0	0	0
4.496	1	1	450	7	3	28	2196	0	0	0
4.499	1	1	450	10	3	28	2196	0	0	0
4.502	1	1	451	3	3	28	2196	0	0	0
4.505	1	1	451	6	3	28	2196	0	0	0
4.508	1	1	451	9	3	28	2196	0	0	0
4.51	1	1	452	1	3	28	2196	0	0	0
4.513	1	1	452	4	3	28	2196	0	0	0
4.516	1	1	452	7	3	28	2196	0	0	0
4.519	1	1	452	10	3	28	2196	0	0	0
4.521	1	1	453	2	3	28	2196	0	0	0
4.523	1	1	453	4	3	28	2196	0	0	0
4.526	1	1	453	7	3	28	2196	0	0	0
4.529	1	1	453	10	3	28	2196	0	0	0
4.532	1	1	454	3	3	28	2196	0	0	0
4.535	1	1	454	6	3	28	2196	0	0	0
4.537	1	1	454	8	3	28	2196	0	0	0
4.54	1	1	455	1	3	28	2196	0	0	0
4.543	1	1	455	4	3	28	2196	0	0	0
4.546	1	1	455	7	3	28	2196	0	0	0
4.548	1	1	455	9	3	28	2196	0	0	0
4.55	1	1	456	1	3	28	2196	0	0	0
4.553	1	1	456	4	3	28	2196	0	0	0
4.556	1	1	456	7	3	28	2196	0	0	0
4.559	1	1	456	10	3	28	2196	0	0	0
4.562	1	1	457	3	3	28	2196	0	0	0
4.564	1	1	457	5	3	28	2196	0	0	0
4.567	1	1	457	8	3	28	2196	0	0	0
4.57	1	1	458	1	3	28	2196	0	0	0
4.573	1	1	458	4	3	28	2196	0	0	0
4.576	1	1	458	7	3	28	2196	0	0	0
4.578	1	1	458	9	3	28	2196	0	0	0
4.58	1	1	459	1	3	28	2196	0	0	0
4.583	1	1	459	4	3	28	2196	0	0	0
4.586	1	1	459	7	3	28	2196	0	0	0
4.589	1	1	459	10	3	28	2196	0	0	0
4.592	1	1	460	3	3	28	2196	0	0	0
4.594	1	1	460	5	3	28	2196	0	0	0
4.597	1	1	460	8	3	28	2196	0	0	0
4.6	1	1	461	1	3	28	2196	0	0	0
4.603	1	1	461	4	3	28	2196	0	0	0
4.605	1	1	461	6	3	28	2196	0	0	0
4.607	1	1	461	8	3	28	2196	0	0	0
4.61	1	1	462	1	3	28	2196	0	0	0
4.613	1	1	462	4	3	28	2196	0	0	0
4.616	1	1	462	7	3	28	2196	0	0	0
4.619	1	1	462	10	3	28	2196	0	0	0
4.621	1	1	463	2	3	28	2196	0	0	0
4.624	1	1	463	5	3	28	2196	0	0	0
4.627	1	1	463	8	3	28	2196	0	0	0
4.63	1	1	464	1	3	28	2196	0	0	0
4.632	1	1	464	3	3	28	2196	0	0	0
4.634	1	1	464	5	3	28	2196	0	0	0
4.637	1	1	464	8	3	28	2196	0	0	0
4.64	1	1	465	1	3	28	2196	0	0	0
4.643	1	1	465	4	3	28	2196	0	0	0
4.646	1	1	465	7	3	28	2196	0	0	0
4.648	1	1	465	9	3	28	2196	0	0	0
4.651	1	1	466	2	3	28	2196	0	0	0
4.654	1	1	466	5	3	28	2196	0	0	0
4.657	1	1	466	8	3	28	2196	0	0	0
4.66	1	1	467	1	3	28	2196	0	0	0
4.662	1	1	467	3	3	28	2196	0	0	0
4.664	1	1	467	5	3	28	2196	0	0	0
4.667	1	1	467	8	3	28	2196	0	0	0
4.67	1	1	468	1	3	28	2196	0	0	0
4.673	1	1	468	4	3	28	2196	0	0	0
4.676	1	1	468	7	3	28	2196	0	0	0
4.678	1	1	468	9	3	28	2196	0	0	0
4.681	1	1	469	2	3	28	2196	0	0	0
4.684	1	1	469	5	3	28	2196	0	0	0
4.687	1	1	469	8	3	28	2196	0	0	0
4.689	1	1	469	10	3	28	2196	0	0	0
4.691	1	1	470	2	3	28	2196	0	0	0
4.694	1	1	470	5	3	28	2196	0	0	0
4.697	1	1	470	8	3	28	2196	0	0	0
4.7	1	1	471	1	3	28	2196	0	0	0
4.703	1	1	471	4	3	28	2196	0	0	0
4.705	1	1	471	6	3	28	2196	0	0	0
4.708	1	1	471	9	3	28	2196	0	0	0
4.711	1	1	472	2	3	28	2196	0	0	0
4.714	1	1	472	5	3	28	2196	0	0	0
4.717	1	1	472	8	3	28	2196	0	0	0
4.718	1	1	472	9	3	28	2196	0	0	0
4.721	1	1	473	2	3	28	2196	0	0	0
4.724	1	1	473	5	3	28	2196	0	0	0
4.727	1	1	473	8	3	28	2196	0	0	0
4.73	1	1	474	1	3	28	2196	0	0	0
4.732	1	1	474	3	3	28	2196	0	0	0
4.735	1	1	474	6	3	28	2196	0	0	0
4.738	1	1	474	9	3	28	2196	0	0	0
4.741	1	1	475	2	3	28	2196	0	0	0
4.744	1	1	475	5	3	28	2196	0	0	0
4.746	1	1	475	7	3	28	2196	0	0	0
4.748	1	1	475	9	3	28	2196	0	0	0
4.751	1	1	476	2	3	28	2196	0	0	0
4.754	1	1	476	5	3	28	2196	0	0	0
4.757	1	1	476	8	3	28	2196	0	0	0
4.76	1	1	477	1	3	28	2196	0	0	0
4.762	1	1	477	3	3	28	2196	0	0	0
4.765	1	1	477	6	3	28	2196	0	0	0
4.768	1	1	477	9	3	28	2196	0	0	0
4.771	1	1	478	2	3	28	2196	0	0	0
4.773	1	1	478	4	3	28	2196	0	0	0
4.775	1	1	478	6	3	28	2196	0	0	0
4.778	1	1	478	9	3	28	2196	0	0	0
4.781	1	1	479	2	3	28	2196	0	0	0
4.784	1	1	479	5	3	28	2196	0	0	0
4.787	1	1	479	8	3	28	2196	0	0	0
4.789	1	1	479	10	3	28	2196	0	0	0
4.792	1	1	480	3	3	28	2196	0	0	0
4.795	1	1	480	6	3	28	2196	0	0	0
4.798	1	1	480	9	3	28	2196	0	0	0
4.801	1	1	481	2	3	28	2196	0	0	0
4.802	1	1	481	3	3	28	2196	0	0	0
4.805	1	1	481	6	3	28	2196	0	0	0
4.808	1	1	481	9	3	28	2196	0	0	0
4.811	1	1	482	2	3	28	2196	0	0	0
4.814	1	1	482	5	3	28	2196	0	0	0
4.816	1	1	482	7	3	28	2196	0	0	0
4.819	1	1	482	10	3	28	2196	0	0	0
4.822	1	1	483	3	3	28	2196	0	0	0
4.825	1	1	483	6	3	28	2196	0	0	0
4.828	1	1	483	9	3	28	2196	0	0	0
4.83	1	1	484	1	3	28	2196	0	0	0
4.832	1	1	484	3	3	28	2196	0	0	0
4.835	1	1	484	6	3	28	2196	0	0	0
4.838	1	1	484	9	3	28	2196	0	0	0
4.841	1	1	485	2	3	28	2196	0	0	0
4.844	1	1	485	5	3	28	2196	0	0	0
4.846	1	1	485	7	3	28	2196	0	0	0
4.849	1	1	485	10	3	28	2196	0	0	0
4.852	1	1	486	3	3	28	2196	0	0	0
4.855	1	1	486	6	3	28	2196	0	0	0
4.858	1	1	486	9	3	28	2196	0	0	0
4.859	1	1	486	10	3	28	2196	0	0	0
4.862	1	1	487	3	3	28	2196	0	0	0
4.865	1	1	487	6	3	28	2196	0	0	0
4.868	1	1	487	9	3	28	2196	0	0	0
4.871	1	1	488	2	3	28	2196	0	0	0
4.873	1	1	488	4	3	28	2196	0	0	0
4.876	1	1	488	7	3	28	2196	0	0	0
4.879	1	1	488	10	3	28	2196	0	0	0
4.882	1	1	489	3	3	28	2196	0	0	0
4.885	1	1	489	6	3	28	2196	0	0	0
4.886	1	1	489	7	3	28	2196	0	0	0
4.889	1	1	489	10	3	28	2196	0	0	0
4.892	1	1	490	3	3	28	2196	0	0	0
4.895	1	1	490	6	3	28	2196	0	0	0
4.898	1	1	490	9	3	28	2196	0	0	0
4.9	1	1	491	1	3	28	2196	0	0	0
4.903	1	1	491	4	3	28	2196	0	0	0
4.906	1	1	491	7	3	28	2196	0	0	0
4.909	1	1	491	10	3	28	2196	0	0	0
4.912	1	1	492	3	3	28	2196	0	0	0
4.913	1	1	492	4	3	28	2196	0	0	0
4.916	1	1	492	7	3	28	2196	0	0	0
4.919	1	1	492	10	3	28	2196	0	0	0
4.922	1	1	493	3	3	28	2196	0	0	0
4.925	1	1	493	6	3	28	2196	0	0	0
4.928	1	1	493	9	3	28	2196	0	0	0
4.93	1	1	494	1	3	28	2196	0	0	0
4.933	1	1	494	4	3	28	2196	0	0	0
4.936	1	1	494	7	3	28	2196	0	0	0
4.939	1	1	494	10	3	28	2196	0	0	0
4.942	1	1	495	3	3	28	2196	0	0	0
4.943	1	1	495	4	3	28	2196	0	0	0
4.946	1	1	495	7	3	28	2196	0	0	0
4.949	1	1	495	10	3	28	2196	0	0	0
4.952	1	1	496	3	3	28	2196	0	0	0
4.955	1	1	496	6	3	28	2196	0	0	0
4.957	1	1	496	8	3	28	2196	0	0	0
4.96	1	1	497	1	3	28	2196	0	0	0
4.963	1	1	497	4	3	28	2196	0	0	0
4.966	1	1	497	7	3	28	2196	0	0	0
4.969	1	1	497	10	3	28	2196	0	0	0
4.97	1	1	498	1	3	28	2196	0	0	0
4.973	1	1	498	4	3	28	2196	0	0	0
4.976	1	1	498	7	3	28	2196	0	0	0
4.979	1	1	498	10	3	28	2196	0	0	0
4.982	1	1	499	3	3	28	2196	0	0	0
4.984	1	1	499	5	3	28	2196	0	0	0
4.987	1	1	499	8	3	28	2196	0	0	0
4.99	1	1	500	1	3	28	2196	0	0	0
4.993	1	1	500	4	3	28	2196	0	0	0
4.996	1	1	500	7	3	28	2196	0	0	0
4.997	1	1	500	8	3	28	2196	0	0	0
