% time	cellId	IMSI	frame	sframe	RNTI	mcsTb1	sizeTb1	mcsTb2	sizeTb2	ccId
0.022	1	2	3	3	2	0	81	0	0	0
0.025	1	2	3	6	2	0	81	0	0	0
0.027	1	2	3	8	2	8	421	0	0	0
0.03	1	2	4	1	2	8	421	0	0	0
0.032	1	2	4	3	2	8	421	0	0	0
0.035	1	2	4	6	2	8	421	0	0	0
0.038	1	2	4	9	2	8	421	0	0	0
0.041	1	2	5	2	2	8	421	0	0	0
0.044	1	2	5	5	2	8	421	0	0	0
0.048	1	2	5	9	2	8	421	0	0	0
0.051	1	2	6	2	2	8	421	0	0	0
0.054	1	2	6	5	2	8	421	0	0	0
0.057	1	2	6	8	2	8	421	0	0	0
0.059	1	2	6	10	2	8	421	0	0	0
0.062	1	2	7	3	2	8	421	0	0	0
0.065	1	2	7	6	2	8	421	0	0	0
0.068	1	2	7	9	2	8	421	0	0	0
0.071	1	2	8	2	2	8	421	0	0	0
0.075	1	2	8	6	2	8	421	0	0	0
0.078	1	2	8	9	2	8	421	0	0	0
0.081	1	2	9	2	2	8	421	0	0	0
0.084	1	2	9	5	2	8	421	0	0	0
0.086	1	2	9	7	2	8	421	0	0	0
0.089	1	2	9	10	2	8	421	0	0	0
0.092	1	2	10	3	2	8	421	0	0	0
0.095	1	2	10	6	2	8	421	0	0	0
0.098	1	2	10	9	2	8	421	0	0	0
0.102	1	2	11	3	2	8	421	0	0	0
0.105	1	2	11	6	2	8	421	0	0	0
0.108	1	2	11	9	2	8	421	0	0	0
0.111	1	2	12	2	2	8	421	0	0	0
0.114	1	2	12	5	2	8	421	0	0	0
0.116	1	2	12	7	2	8	421	0	0	0
0.119	1	2	12	10	2	8	421	0	0	0
0.122	1	2	13	3	2	8	421	0	0	0
0.125	1	2	13	6	2	8	421	0	0	0
0.128	1	2	13	9	2	8	421	0	0	0
0.132	1	2	14	3	2	8	421	0	0	0
0.135	1	2	14	6	2	8	421	0	0	0
0.138	1	2	14	9	2	8	421	0	0	0
0.141	1	2	15	2	2	8	421	0	0	0
0.143	1	2	15	4	2	8	421	0	0	0
0.146	1	2	15	7	2	8	421	0	0	0
0.149	1	2	15	10	2	8	421	0	0	0
0.152	1	2	16	3	2	8	421	0	0	0
0.155	1	2	16	6	2	8	421	0	0	0
0.159	1	2	16	10	2	8	421	0	0	0
0.162	1	2	17	3	2	8	421	0	0	0
0.165	1	2	17	6	2	8	421	0	0	0
0.168	1	2	17	9	2	8	421	0	0	0
0.17	1	2	18	1	2	8	421	0	0	0
0.173	1	2	18	4	2	8	421	0	0	0
0.176	1	2	18	7	2	8	421	0	0	0
0.179	1	2	18	10	2	8	421	0	0	0
0.182	1	2	19	3	2	8	421	0	0	0
0.186	1	2	19	7	2	8	421	0	0	0
0.189	1	2	19	10	2	8	421	0	0	0
0.192	1	2	20	3	2	8	421	0	0	0
0.195	1	2	20	6	2	8	421	0	0	0
0.197	1	2	20	8	2	8	421	0	0	0
0.2	1	2	21	1	2	8	421	0	0	0
0.203	1	2	21	4	2	8	421	0	0	0
0.206	1	2	21	7	2	8	421	0	0	0
0.209	1	2	21	10	2	8	421	0	0	0
0.212	1	2	22	3	2	8	421	0	0	0
0.216	1	2	22	7	2	8	421	0	0	0
0.219	1	2	22	10	2	8	421	0	0	0
0.222	1	2	23	3	2	8	421	0	0	0
0.225	1	2	23	6	2	8	421	0	0	0
0.227	1	2	23	8	2	8	421	0	0	0
0.23	1	2	24	1	2	8	421	0	0	0
0.233	1	2	24	4	2	8	421	0	0	0
0.236	1	2	24	7	2	8	421	0	0	0
0.239	1	2	24	10	2	8	421	0	0	0
0.243	1	2	25	4	2	8	421	0	0	0
0.246	1	2	25	7	2	8	421	0	0	0
0.249	1	2	25	10	2	8	421	0	0	0
0.252	1	2	26	3	2	8	421	0	0	0
0.254	1	2	26	5	2	8	421	0	0	0
0.257	1	2	26	8	2	8	421	0	0	0
0.26	1	2	27	1	2	8	421	0	0	0
0.263	1	2	27	4	2	8	421	0	0	0
0.266	1	2	27	7	2	8	421	0	0	0
0.269	1	2	27	10	2	8	421	0	0	0
0.273	1	2	28	4	2	8	421	0	0	0
0.276	1	2	28	7	2	8	421	0	0	0
0.279	1	2	28	10	2	8	421	0	0	0
0.281	1	2	29	2	2	8	421	0	0	0
0.284	1	2	29	5	2	8	421	0	0	0
0.287	1	2	29	8	2	8	421	0	0	0
0.29	1	2	30	1	2	8	421	0	0	0
0.293	1	2	30	4	2	8	421	0	0	0
0.296	1	2	30	7	2	8	421	0	0	0
0.3	1	2	31	1	2	8	421	0	0	0
0.303	1	2	31	4	2	8	421	0	0	0
0.306	1	2	31	7	2	8	421	0	0	0
0.309	1	2	31	10	2	8	421	0	0	0
0.311	1	2	32	2	2	8	421	0	0	0
0.314	1	2	32	5	2	8	421	0	0	0
0.317	1	2	32	8	2	8	421	0	0	0
0.32	1	2	33	1	2	8	421	0	0	0
0.323	1	2	33	4	2	8	421	0	0	0
0.327	1	2	33	8	2	8	421	0	0	0
0.33	1	2	34	1	2	8	421	0	0	0
0.333	1	2	34	4	2	8	421	0	0	0
0.336	1	2	34	7	2	8	421	0	0	0
0.338	1	2	34	9	2	8	421	0	0	0
0.341	1	2	35	2	2	8	421	0	0	0
0.344	1	2	35	5	2	8	421	0	0	0
0.347	1	2	35	8	2	8	421	0	0	0
0.35	1	2	36	1	2	8	421	0	0	0
0.353	1	2	36	4	2	8	421	0	0	0
0.357	1	2	36	8	2	8	421	0	0	0
0.36	1	2	37	1	2	8	421	0	0	0
0.363	1	2	37	4	2	8	421	0	0	0
0.365	1	2	37	6	2	8	421	0	0	0
0.368	1	2	37	9	2	8	421	0	0	0
0.371	1	2	38	2	2	8	421	0	0	0
0.374	1	2	38	5	2	8	421	0	0	0
0.377	1	2	38	8	2	8	421	0	0	0
0.38	1	2	39	1	2	8	421	0	0	0
0.384	1	2	39	5	2	8	421	0	0	0
0.387	1	2	39	8	2	8	421	0	0	0
0.39	1	2	40	1	2	8	421	0	0	0
0.392	1	2	40	3	2	8	421	0	0	0
0.395	1	2	40	6	2	8	421	0	0	0
0.398	1	2	40	9	2	8	421	0	0	0
0.401	1	2	41	2	2	8	421	0	0	0
0.404	1	2	41	5	2	8	421	0	0	0
0.407	1	2	41	8	2	8	421	0	0	0
0.41	1	2	42	1	2	8	421	0	0	0
0.414	1	2	42	5	2	8	421	0	0	0
0.417	1	2	42	8	2	8	421	0	0	0
0.42	1	2	43	1	2	8	421	0	0	0
0.422	1	2	43	3	2	8	421	0	0	0
0.425	1	2	43	6	2	8	421	0	0	0
0.428	1	2	43	9	2	8	421	0	0	0
0.431	1	2	44	2	2	8	421	0	0	0
0.434	1	2	44	5	2	8	421	0	0	0
0.437	1	2	44	8	2	8	421	0	0	0
0.441	1	2	45	2	2	8	421	0	0	0
0.444	1	2	45	5	2	8	421	0	0	0
0.447	1	2	45	8	2	8	421	0	0	0
0.449	1	2	45	10	2	8	421	0	0	0
0.452	1	2	46	3	2	8	421	0	0	0
0.455	1	2	46	6	2	8	421	0	0	0
0.458	1	2	46	9	2	8	421	0	0	0
0.461	1	2	47	2	2	8	421	0	0	0
0.464	1	2	47	5	2	8	421	0	0	0
0.468	1	2	47	9	2	8	421	0	0	0
0.471	1	2	48	2	2	8	421	0	0	0
0.474	1	2	48	5	2	8	421	0	0	0
0.476	1	2	48	7	2	8	421	0	0	0
0.479	1	2	48	10	2	8	421	0	0	0
0.482	1	2	49	3	2	8	421	0	0	0
0.485	1	2	49	6	2	8	421	0	0	0
0.488	1	2	49	9	2	8	421	0	0	0
0.491	1	2	50	2	2	8	421	0	0	0
0.494	1	2	50	5	2	8	421	0	0	0
0.498	1	2	50	9	2	8	421	0	0	0
0.501	1	2	51	2	2	8	421	0	0	0
0.503	1	2	51	4	2	8	421	0	0	0
0.506	1	2	51	7	2	8	421	0	0	0
0.509	1	2	51	10	2	8	421	0	0	0
0.512	1	2	52	3	2	8	421	0	0	0
0.515	1	2	52	6	2	8	421	0	0	0
0.518	1	2	52	9	2	8	421	0	0	0
0.521	1	2	53	2	2	8	421	0	0	0
0.525	1	2	53	6	2	8	421	0	0	0
0.528	1	2	53	9	2	8	421	0	0	0
0.531	1	2	54	2	2	8	421	0	0	0
0.533	1	2	54	4	2	8	421	0	0	0
0.536	1	2	54	7	2	8	421	0	0	0
0.539	1	2	54	10	2	8	421	0	0	0
0.542	1	2	55	3	2	8	421	0	0	0
0.545	1	2	55	6	2	8	421	0	0	0
0.548	1	2	55	9	2	8	421	0	0	0
0.551	1	2	56	2	2	8	421	0	0	0
0.555	1	2	56	6	2	8	421	0	0	0
0.558	1	2	56	9	2	8	421	0	0	0
0.56	1	2	57	1	2	8	421	0	0	0
0.563	1	2	57	4	2	8	421	0	0	0
0.566	1	2	57	7	2	8	421	0	0	0
0.569	1	2	57	10	2	8	421	0	0	0
0.572	1	2	58	3	2	8	421	0	0	0
0.575	1	2	58	6	2	8	421	0	0	0
0.578	1	2	58	9	2	8	421	0	0	0
0.582	1	2	59	3	2	8	421	0	0	0
0.585	1	2	59	6	2	8	421	0	0	0
0.587	1	2	59	8	2	8	421	0	0	0
0.59	1	2	60	1	2	8	421	0	0	0
0.593	1	2	60	4	2	8	421	0	0	0
0.596	1	2	60	7	2	8	421	0	0	0
0.599	1	2	60	10	2	8	421	0	0	0
0.602	1	2	61	3	2	8	421	0	0	0
0.605	1	2	61	6	2	8	421	0	0	0
0.609	1	2	61	10	2	8	421	0	0	0
0.612	1	2	62	3	2	8	421	0	0	0
0.614	1	2	62	5	2	8	421	0	0	0
0.617	1	2	62	8	2	8	421	0	0	0
0.62	1	2	63	1	2	8	421	0	0	0
0.623	1	2	63	4	2	8	421	0	0	0
0.626	1	2	63	7	2	8	421	0	0	0
0.629	1	2	63	10	2	8	421	0	0	0
0.632	1	2	64	3	2	8	421	0	0	0
0.635	1	2	64	6	2	8	421	0	0	0
0.639	1	2	64	10	2	8	421	0	0	0
0.642	1	2	65	3	2	8	421	0	0	0
0.644	1	2	65	5	2	8	421	0	0	0
0.647	1	2	65	8	2	8	421	0	0	0
0.65	1	2	66	1	2	8	421	0	0	0
0.653	1	2	66	4	2	8	421	0	0	0
0.656	1	2	66	7	2	8	421	0	0	0
0.659	1	2	66	10	2	8	421	0	0	0
0.662	1	2	67	3	2	8	421	0	0	0
0.666	1	2	67	7	2	8	421	0	0	0
0.669	1	2	67	10	2	8	421	0	0	0
0.671	1	2	68	2	2	8	421	0	0	0
0.674	1	2	68	5	2	8	421	0	0	0
0.677	1	2	68	8	2	8	421	0	0	0
0.68	1	2	69	1	2	8	421	0	0	0
0.683	1	2	69	4	2	8	421	0	0	0
0.686	1	2	69	7	2	8	421	0	0	0
0.689	1	2	69	10	2	8	421	0	0	0
0.693	1	2	70	4	2	8	421	0	0	0
0.696	1	2	70	7	2	8	421	0	0	0
0.698	1	2	70	9	2	8	421	0	0	0
0.701	1	2	71	2	2	8	421	0	0	0
0.704	1	2	71	5	2	8	421	0	0	0
0.707	1	2	71	8	2	8	421	0	0	0
0.71	1	2	72	1	2	8	421	0	0	0
0.713	1	2	72	4	2	8	421	0	0	0
0.716	1	2	72	7	2	8	421	0	0	0
0.719	1	2	72	10	2	8	421	0	0	0
0.723	1	2	73	4	2	8	421	0	0	0
0.725	1	2	73	6	2	8	421	0	0	0
0.728	1	2	73	9	2	8	421	0	0	0
0.731	1	2	74	2	2	8	421	0	0	0
0.734	1	2	74	5	2	8	421	0	0	0
0.737	1	2	74	8	2	8	421	0	0	0
0.74	1	2	75	1	2	8	421	0	0	0
0.743	1	2	75	4	2	8	421	0	0	0
0.746	1	2	75	7	2	8	421	0	0	0
0.75	1	2	76	1	2	8	421	0	0	0
0.753	1	2	76	4	2	8	421	0	0	0
0.755	1	2	76	6	2	8	421	0	0	0
0.758	1	2	76	9	2	8	421	0	0	0
0.761	1	2	77	2	2	8	421	0	0	0
0.764	1	2	77	5	2	8	421	0	0	0
0.767	1	2	77	8	2	8	421	0	0	0
0.77	1	2	78	1	2	8	421	0	0	0
0.773	1	2	78	4	2	8	421	0	0	0
0.776	1	2	78	7	2	8	421	0	0	0
0.78	1	2	79	1	2	8	421	0	0	0
0.782	1	2	79	3	2	8	421	0	0	0
0.785	1	2	79	6	2	8	421	0	0	0
0.788	1	2	79	9	2	8	421	0	0	0
0.791	1	2	80	2	2	8	421	0	0	0
0.794	1	2	80	5	2	8	421	0	0	0
0.797	1	2	80	8	2	8	421	0	0	0
0.8	1	2	81	1	2	8	421	0	0	0
0.803	1	2	81	4	2	8	421	0	0	0
0.807	1	2	81	8	2	8	421	0	0	0
0.809	1	2	81	10	2	8	421	0	0	0
0.812	1	2	82	3	2	8	421	0	0	0
0.815	1	2	82	6	2	8	421	0	0	0
0.818	1	2	82	9	2	8	421	0	0	0
0.821	1	2	83	2	2	8	421	0	0	0
0.824	1	2	83	5	2	8	421	0	0	0
0.827	1	2	83	8	2	8	421	0	0	0
0.83	1	2	84	1	2	8	421	0	0	0
0.834	1	2	84	5	2	8	421	0	0	0
0.836	1	2	84	7	2	8	421	0	0	0
0.839	1	2	84	10	2	8	421	0	0	0
0.842	1	2	85	3	2	8	421	0	0	0
0.845	1	2	85	6	2	8	421	0	0	0
0.848	1	2	85	9	2	8	421	0	0	0
0.851	1	2	86	2	2	8	421	0	0	0
0.854	1	2	86	5	2	8	421	0	0	0
0.857	1	2	86	8	2	8	421	0	0	0
0.86	1	2	87	1	2	8	421	0	0	0
0.864	1	2	87	5	2	8	421	0	0	0
0.866	1	2	87	7	2	8	421	0	0	0
0.869	1	2	87	10	2	8	421	0	0	0
0.872	1	2	88	3	2	8	421	0	0	0
0.875	1	2	88	6	2	8	421	0	0	0
0.878	1	2	88	9	2	8	421	0	0	0
0.881	1	2	89	2	2	8	421	0	0	0
0.884	1	2	89	5	2	8	421	0	0	0
0.887	1	2	89	8	2	8	421	0	0	0
0.891	1	2	90	2	2	8	421	0	0	0
0.893	1	2	90	4	2	8	421	0	0	0
0.896	1	2	90	7	2	8	421	0	0	0
0.899	1	2	90	10	2	8	421	0	0	0
0.902	1	2	91	3	2	8	421	0	0	0
0.905	1	2	91	6	2	8	421	0	0	0
0.908	1	2	91	9	2	8	421	0	0	0
0.911	1	2	92	2	2	8	421	0	0	0
0.914	1	2	92	5	2	8	421	0	0	0
0.917	1	2	92	8	2	8	421	0	0	0
0.92	1	2	93	1	2	8	421	0	0	0
0.923	1	2	93	4	2	8	421	0	0	0
0.926	1	2	93	7	2	8	421	0	0	0
0.929	1	2	93	10	2	8	421	0	0	0
0.932	1	2	94	3	2	8	421	0	0	0
0.935	1	2	94	6	2	8	421	0	0	0
0.938	1	2	94	9	2	8	421	0	0	0
0.941	1	2	95	2	2	8	421	0	0	0
0.944	1	2	95	5	2	8	421	0	0	0
0.947	1	2	95	8	2	8	421	0	0	0
0.95	1	2	96	1	2	8	421	0	0	0
0.953	1	2	96	4	2	8	421	0	0	0
0.956	1	2	96	7	2	8	421	0	0	0
0.959	1	2	96	10	2	8	421	0	0	0
0.962	1	2	97	3	2	8	421	0	0	0
0.965	1	2	97	6	2	8	421	0	0	0
0.968	1	2	97	9	2	8	421	0	0	0
0.971	1	2	98	2	2	8	421	0	0	0
0.975	1	2	98	6	2	8	421	0	0	0
0.977	1	2	98	8	2	8	421	0	0	0
0.98	1	2	99	1	2	8	421	0	0	0
0.983	1	2	99	4	2	8	421	0	0	0
0.986	1	2	99	7	2	8	421	0	0	0
0.989	1	2	99	10	2	8	421	0	0	0
0.992	1	2	100	3	2	8	421	0	0	0
0.995	1	2	100	6	2	8	421	0	0	0
0.998	1	2	100	9	2	8	421	0	0	0
1.001	1	2	101	2	2	8	421	0	0	0
1.004	1	2	101	5	2	8	421	0	0	0
1.007	1	2	101	8	2	8	421	0	0	0
1.01	1	2	102	1	2	8	421	0	0	0
1.013	1	2	102	4	2	8	421	0	0	0
1.016	1	2	102	7	2	8	421	0	0	0
1.019	1	2	102	10	2	8	421	0	0	0
1.022	1	2	103	3	2	8	421	0	0	0
1.025	1	2	103	6	2	8	421	0	0	0
1.028	1	2	103	9	2	8	421	0	0	0
1.031	1	2	104	2	2	8	421	0	0	0
1.034	1	2	104	5	2	8	421	0	0	0
1.037	1	2	104	8	2	8	421	0	0	0
1.04	1	2	105	1	2	8	421	0	0	0
1.043	1	2	105	4	2	8	421	0	0	0
1.046	1	2	105	7	2	8	421	0	0	0
1.049	1	2	105	10	2	8	421	0	0	0
1.052	1	2	106	3	2	8	421	0	0	0
1.055	1	2	106	6	2	8	421	0	0	0
1.058	1	2	106	9	2	8	421	0	0	0
1.061	1	2	107	2	2	8	421	0	0	0
1.064	1	2	107	5	2	8	421	0	0	0
1.067	1	2	107	8	2	8	421	0	0	0
1.07	1	2	108	1	2	8	421	0	0	0
1.073	1	2	108	4	2	8	421	0	0	0
1.076	1	2	108	7	2	8	421	0	0	0
1.079	1	2	108	10	2	8	421	0	0	0
1.082	1	2	109	3	2	8	421	0	0	0
1.085	1	2	109	6	2	8	421	0	0	0
1.088	1	2	109	9	2	8	421	0	0	0
1.091	1	2	110	2	2	8	421	0	0	0
1.094	1	2	110	5	2	8	421	0	0	0
1.097	1	2	110	8	2	8	421	0	0	0
1.1	1	2	111	1	2	8	421	0	0	0
1.103	1	2	111	4	2	8	421	0	0	0
1.106	1	2	111	7	2	8	421	0	0	0
1.109	1	2	111	10	2	8	421	0	0	0
1.112	1	2	112	3	2	8	421	0	0	0
1.115	1	2	112	6	2	8	421	0	0	0
1.118	1	2	112	9	2	8	421	0	0	0
1.121	1	2	113	2	2	8	421	0	0	0
1.124	1	2	113	5	2	8	421	0	0	0
1.127	1	2	113	8	2	8	421	0	0	0
1.13	1	2	114	1	2	8	421	0	0	0
1.133	1	2	114	4	2	8	421	0	0	0
1.136	1	2	114	7	2	8	421	0	0	0
1.139	1	2	114	10	2	8	421	0	0	0
1.141	1	2	115	2	2	8	421	0	0	0
1.145	1	2	115	6	2	8	421	0	0	0
1.148	1	2	115	9	2	8	421	0	0	0
1.151	1	2	116	2	2	8	421	0	0	0
1.154	1	2	116	5	2	8	421	0	0	0
1.157	1	2	116	8	2	8	421	0	0	0
1.16	1	2	117	1	2	8	421	0	0	0
1.163	1	2	117	4	2	8	421	0	0	0
1.166	1	2	117	7	2	8	421	0	0	0
1.168	1	2	117	9	2	8	421	0	0	0
1.172	1	2	118	3	2	8	421	0	0	0
1.175	1	2	118	6	2	8	421	0	0	0
1.178	1	2	118	9	2	8	421	0	0	0
1.181	1	2	119	2	2	8	421	0	0	0
1.184	1	2	119	5	2	8	421	0	0	0
1.187	1	2	119	8	2	8	421	0	0	0
1.19	1	2	120	1	2	8	421	0	0	0
1.193	1	2	120	4	2	8	421	0	0	0
1.196	1	2	120	7	2	8	421	0	0	0
1.199	1	2	120	10	2	8	421	0	0	0
1.202	1	2	121	3	2	8	421	0	0	0
1.205	1	2	121	6	2	8	421	0	0	0
1.208	1	2	121	9	2	8	421	0	0	0
1.211	1	2	122	2	2	8	421	0	0	0
1.214	1	2	122	5	2	8	421	0	0	0
1.217	1	2	122	8	2	8	421	0	0	0
1.22	1	2	123	1	2	8	421	0	0	0
1.223	1	2	123	4	2	8	421	0	0	0
1.225	1	2	123	6	2	8	421	0	0	0
1.229	1	2	123	10	2	8	421	0	0	0
1.232	1	2	124	3	2	8	421	0	0	0
1.235	1	2	124	6	2	8	421	0	0	0
1.238	1	2	124	9	2	8	421	0	0	0
1.241	1	2	125	2	2	8	421	0	0	0
1.244	1	2	125	5	2	8	421	0	0	0
1.247	1	2	125	8	2	8	421	0	0	0
1.25	1	2	126	1	2	8	421	0	0	0
1.252	1	2	126	3	2	8	421	0	0	0
1.256	1	2	126	7	2	8	421	0	0	0
1.259	1	2	126	10	2	8	421	0	0	0
1.262	1	2	127	3	2	8	421	0	0	0
1.265	1	2	127	6	2	8	421	0	0	0
1.268	1	2	127	9	2	8	421	0	0	0
1.271	1	2	128	2	2	8	421	0	0	0
1.274	1	2	128	5	2	8	421	0	0	0
1.277	1	2	128	8	2	8	421	0	0	0
1.279	1	2	128	10	2	8	421	0	0	0
1.282	1	2	129	3	2	8	421	0	0	0
1.286	1	2	129	7	2	8	421	0	0	0
1.289	1	2	129	10	2	8	421	0	0	0
1.292	1	2	130	3	2	8	421	0	0	0
1.295	1	2	130	6	2	8	421	0	0	0
1.298	1	2	130	9	2	8	421	0	0	0
1.301	1	2	131	2	2	8	421	0	0	0
1.304	1	2	131	5	2	8	421	0	0	0
1.307	1	2	131	8	2	8	421	0	0	0
1.309	1	2	131	10	2	8	421	0	0	0
1.313	1	2	132	4	2	8	421	0	0	0
1.316	1	2	132	7	2	8	421	0	0	0
1.319	1	2	132	10	2	8	421	0	0	0
1.322	1	2	133	3	2	8	421	0	0	0
1.325	1	2	133	6	2	8	421	0	0	0
1.328	1	2	133	9	2	8	421	0	0	0
1.331	1	2	134	2	2	8	421	0	0	0
1.334	1	2	134	5	2	8	421	0	0	0
1.336	1	2	134	7	2	8	421	0	0	0
1.34	1	2	135	1	2	8	421	0	0	0
1.343	1	2	135	4	2	8	421	0	0	0
1.346	1	2	135	7	2	8	421	0	0	0
1.349	1	2	135	10	2	8	421	0	0	0
1.352	1	2	136	3	2	8	421	0	0	0
1.355	1	2	136	6	2	8	421	0	0	0
1.358	1	2	136	9	2	8	421	0	0	0
1.361	1	2	137	2	2	8	421	0	0	0
1.363	1	2	137	4	2	8	421	0	0	0
1.366	1	2	137	7	2	8	421	0	0	0
1.37	1	2	138	1	2	8	421	0	0	0
1.373	1	2	138	4	2	8	421	0	0	0
1.376	1	2	138	7	2	8	421	0	0	0
1.379	1	2	138	10	2	8	421	0	0	0
1.382	1	2	139	3	2	8	421	0	0	0
1.385	1	2	139	6	2	8	421	0	0	0
1.388	1	2	139	9	2	8	421	0	0	0
1.39	1	2	140	1	2	8	421	0	0	0
1.393	1	2	140	4	2	8	421	0	0	0
1.397	1	2	140	8	2	8	421	0	0	0
1.4	1	2	141	1	2	8	421	0	0	0
1.403	1	2	141	4	2	8	421	0	0	0
1.406	1	2	141	7	2	8	421	0	0	0
1.409	1	2	141	10	2	8	421	0	0	0
1.412	1	2	142	3	2	8	421	0	0	0
1.415	1	2	142	6	2	8	421	0	0	0
1.418	1	2	142	9	2	8	421	0	0	0
1.42	1	2	143	1	2	8	421	0	0	0
1.424	1	2	143	5	2	8	421	0	0	0
1.427	1	2	143	8	2	8	421	0	0	0
1.43	1	2	144	1	2	8	421	0	0	0
1.433	1	2	144	4	2	8	421	0	0	0
1.436	1	2	144	7	2	8	421	0	0	0
1.439	1	2	144	10	2	8	421	0	0	0
1.442	1	2	145	3	2	8	421	0	0	0
1.445	1	2	145	6	2	8	421	0	0	0
1.447	1	2	145	8	2	8	421	0	0	0
1.45	1	2	146	1	2	8	421	0	0	0
1.454	1	2	146	5	2	8	421	0	0	0
1.457	1	2	146	8	2	8	421	0	0	0
1.46	1	2	147	1	2	8	421	0	0	0
1.463	1	2	147	4	2	8	421	0	0	0
1.466	1	2	147	7	2	8	421	0	0	0
1.469	1	2	147	10	2	8	421	0	0	0
1.472	1	2	148	3	2	8	421	0	0	0
1.474	1	2	148	5	2	8	421	0	0	0
1.477	1	2	148	8	2	8	421	0	0	0
1.481	1	2	149	2	2	8	421	0	0	0
1.484	1	2	149	5	2	8	421	0	0	0
1.487	1	2	149	8	2	8	421	0	0	0
1.49	1	2	150	1	2	8	421	0	0	0
1.493	1	2	150	4	2	8	421	0	0	0
1.496	1	2	150	7	2	8	421	0	0	0
1.499	1	2	150	10	2	8	421	0	0	0
1.502	1	2	151	3	2	8	421	0	0	0
1.504	1	2	151	5	2	8	421	0	0	0
1.507	1	2	151	8	2	8	421	0	0	0
1.511	1	2	152	2	2	8	421	0	0	0
1.514	1	2	152	5	2	8	421	0	0	0
1.517	1	2	152	8	2	8	421	0	0	0
1.52	1	2	153	1	2	8	421	0	0	0
1.523	1	2	153	4	2	8	421	0	0	0
1.526	1	2	153	7	2	8	421	0	0	0
1.529	1	2	153	10	2	8	421	0	0	0
1.531	1	2	154	2	2	8	421	0	0	0
1.534	1	2	154	5	2	8	421	0	0	0
1.538	1	2	154	9	2	8	421	0	0	0
1.541	1	2	155	2	2	8	421	0	0	0
1.544	1	2	155	5	2	8	421	0	0	0
1.547	1	2	155	8	2	8	421	0	0	0
1.55	1	2	156	1	2	8	421	0	0	0
1.553	1	2	156	4	2	8	421	0	0	0
1.556	1	2	156	7	2	8	421	0	0	0
1.558	1	2	156	9	2	8	421	0	0	0
1.561	1	2	157	2	2	8	421	0	0	0
1.565	1	2	157	6	2	8	421	0	0	0
1.568	1	2	157	9	2	8	421	0	0	0
1.571	1	2	158	2	2	8	421	0	0	0
1.574	1	2	158	5	2	8	421	0	0	0
1.577	1	2	158	8	2	8	421	0	0	0
1.58	1	2	159	1	2	8	421	0	0	0
1.583	1	2	159	4	2	8	421	0	0	0
1.585	1	2	159	6	2	8	421	0	0	0
1.588	1	2	159	9	2	8	421	0	0	0
1.591	1	2	160	2	2	8	421	0	0	0
1.595	1	2	160	6	2	8	421	0	0	0
1.598	1	2	160	9	2	8	421	0	0	0
1.601	1	2	161	2	2	8	421	0	0	0
1.604	1	2	161	5	2	8	421	0	0	0
1.607	1	2	161	8	2	8	421	0	0	0
1.61	1	2	162	1	2	8	421	0	0	0
1.612	1	2	162	3	2	8	421	0	0	0
1.615	1	2	162	6	2	8	421	0	0	0
1.618	1	2	162	9	2	8	421	0	0	0
1.622	1	2	163	3	2	8	421	0	0	0
1.625	1	2	163	6	2	8	421	0	0	0
1.628	1	2	163	9	2	8	421	0	0	0
1.631	1	2	164	2	2	8	421	0	0	0
1.634	1	2	164	5	2	8	421	0	0	0
1.637	1	2	164	8	2	8	421	0	0	0
1.64	1	2	165	1	2	8	421	0	0	0
1.642	1	2	165	3	2	8	421	0	0	0
1.645	1	2	165	6	2	8	421	0	0	0
1.648	1	2	165	9	2	8	421	0	0	0
1.652	1	2	166	3	2	8	421	0	0	0
1.655	1	2	166	6	2	8	421	0	0	0
1.658	1	2	166	9	2	8	421	0	0	0
1.661	1	2	167	2	2	8	421	0	0	0
1.664	1	2	167	5	2	8	421	0	0	0
1.667	1	2	167	8	2	8	421	0	0	0
1.669	1	2	167	10	2	8	421	0	0	0
1.672	1	2	168	3	2	8	421	0	0	0
1.675	1	2	168	6	2	8	421	0	0	0
1.679	1	2	168	10	2	8	421	0	0	0
1.682	1	2	169	3	2	8	421	0	0	0
1.685	1	2	169	6	2	8	421	0	0	0
1.688	1	2	169	9	2	8	421	0	0	0
1.691	1	2	170	2	2	8	421	0	0	0
1.694	1	2	170	5	2	8	421	0	0	0
1.696	1	2	170	7	2	8	421	0	0	0
1.699	1	2	170	10	2	8	421	0	0	0
1.702	1	2	171	3	2	8	421	0	0	0
1.706	1	2	171	7	2	8	421	0	0	0
1.709	1	2	171	10	2	8	421	0	0	0
1.712	1	2	172	3	2	8	421	0	0	0
1.715	1	2	172	6	2	8	421	0	0	0
1.718	1	2	172	9	2	8	421	0	0	0
1.721	1	2	173	2	2	8	421	0	0	0
1.724	1	2	173	5	2	8	421	0	0	0
1.726	1	2	173	7	2	8	421	0	0	0
1.729	1	2	173	10	2	8	421	0	0	0
1.732	1	2	174	3	2	8	421	0	0	0
1.736	1	2	174	7	2	8	421	0	0	0
1.739	1	2	174	10	2	8	421	0	0	0
1.742	1	2	175	3	2	8	421	0	0	0
1.745	1	2	175	6	2	8	421	0	0	0
1.748	1	2	175	9	2	8	421	0	0	0
1.751	1	2	176	2	2	8	421	0	0	0
1.753	1	2	176	4	2	8	421	0	0	0
1.756	1	2	176	7	2	8	421	0	0	0
1.759	1	2	176	10	2	8	421	0	0	0
1.763	1	2	177	4	2	8	421	0	0	0
1.766	1	2	177	7	2	8	421	0	0	0
1.769	1	2	177	10	2	8	421	0	0	0
1.772	1	2	178	3	2	8	421	0	0	0
1.775	1	2	178	6	2	8	421	0	0	0
1.778	1	2	178	9	2	8	421	0	0	0
1.78	1	2	179	1	2	8	421	0	0	0
1.783	1	2	179	4	2	8	421	0	0	0
1.786	1	2	179	7	2	8	421	0	0	0
1.789	1	2	179	10	2	8	421	0	0	0
1.793	1	2	180	4	2	8	421	0	0	0
1.796	1	2	180	7	2	8	421	0	0	0
1.799	1	2	180	10	2	8	421	0	0	0
1.802	1	2	181	3	2	8	421	0	0	0
1.805	1	2	181	6	2	8	421	0	0	0
1.807	1	2	181	8	2	8	421	0	0	0
1.81	1	2	182	1	2	8	421	0	0	0
1.813	1	2	182	4	2	8	421	0	0	0
1.816	1	2	182	7	2	8	421	0	0	0
1.82	1	2	183	1	2	8	421	0	0	0
1.823	1	2	183	4	2	8	421	0	0	0
1.826	1	2	183	7	2	8	421	0	0	0
1.829	1	2	183	10	2	8	421	0	0	0
1.832	1	2	184	3	2	8	421	0	0	0
1.835	1	2	184	6	2	8	421	0	0	0
1.837	1	2	184	8	2	8	421	0	0	0
1.84	1	2	185	1	2	8	421	0	0	0
1.843	1	2	185	4	2	8	421	0	0	0
1.847	1	2	185	8	2	8	421	0	0	0
1.85	1	2	186	1	2	8	421	0	0	0
1.853	1	2	186	4	2	8	421	0	0	0
1.856	1	2	186	7	2	8	421	0	0	0
1.859	1	2	186	10	2	8	421	0	0	0
1.862	1	2	187	3	2	8	421	0	0	0
1.864	1	2	187	5	2	8	421	0	0	0
1.867	1	2	187	8	2	8	421	0	0	0
1.87	1	2	188	1	2	8	421	0	0	0
1.873	1	2	188	4	2	8	421	0	0	0
1.877	1	2	188	8	2	8	421	0	0	0
1.88	1	2	189	1	2	8	421	0	0	0
1.883	1	2	189	4	2	8	421	0	0	0
1.886	1	2	189	7	2	8	421	0	0	0
1.889	1	2	189	10	2	8	421	0	0	0
1.891	1	2	190	2	2	8	421	0	0	0
1.894	1	2	190	5	2	8	421	0	0	0
1.897	1	2	190	8	2	8	421	0	0	0
1.9	1	2	191	1	2	8	421	0	0	0
1.904	1	2	191	5	2	8	421	0	0	0
1.907	1	2	191	8	2	8	421	0	0	0
1.91	1	2	192	1	2	8	421	0	0	0
1.913	1	2	192	4	2	8	421	0	0	0
1.916	1	2	192	7	2	8	421	0	0	0
1.918	1	2	192	9	2	8	421	0	0	0
1.921	1	2	193	2	2	8	421	0	0	0
1.924	1	2	193	5	2	8	421	0	0	0
1.927	1	2	193	8	2	8	421	0	0	0
1.93	1	2	194	1	2	8	421	0	0	0
1.934	1	2	194	5	2	8	421	0	0	0
1.937	1	2	194	8	2	8	421	0	0	0
1.94	1	2	195	1	2	8	421	0	0	0
1.943	1	2	195	4	2	8	421	0	0	0
1.946	1	2	195	7	2	8	421	0	0	0
1.948	1	2	195	9	2	8	421	0	0	0
1.951	1	2	196	2	2	8	421	0	0	0
1.954	1	2	196	5	2	8	421	0	0	0
1.957	1	2	196	8	2	8	421	0	0	0
1.961	1	2	197	2	2	8	421	0	0	0
1.964	1	2	197	5	2	8	421	0	0	0
1.967	1	2	197	8	2	8	421	0	0	0
1.97	1	2	198	1	2	8	421	0	0	0
1.973	1	2	198	4	2	8	421	0	0	0
1.975	1	2	198	6	2	8	421	0	0	0
1.978	1	2	198	9	2	8	421	0	0	0
1.981	1	2	199	2	2	8	421	0	0	0
1.984	1	2	199	5	2	8	421	0	0	0
1.988	1	2	199	9	2	8	421	0	0	0
1.991	1	2	200	2	2	8	421	0	0	0
1.994	1	2	200	5	2	8	421	0	0	0
1.997	1	2	200	8	2	8	421	0	0	0
2	1	2	201	1	2	8	421	0	0	0
2.002	1	2	201	3	2	8	421	0	0	0
2.005	1	2	201	6	2	8	421	0	0	0
2.008	1	2	201	9	2	8	421	0	0	0
2.011	1	2	202	2	2	8	421	0	0	0
2.014	1	2	202	5	2	8	421	0	0	0
2.018	1	2	202	9	2	8	421	0	0	0
2.021	1	2	203	2	2	8	421	0	0	0
2.024	1	2	203	5	2	8	421	0	0	0
2.027	1	2	203	8	2	8	421	0	0	0
2.029	1	2	203	10	2	8	421	0	0	0
2.032	1	2	204	3	2	8	421	0	0	0
2.035	1	2	204	6	2	8	421	0	0	0
2.038	1	2	204	9	2	8	421	0	0	0
2.041	1	2	205	2	2	8	421	0	0	0
2.045	1	2	205	6	2	8	421	0	0	0
2.048	1	2	205	9	2	8	421	0	0	0
2.051	1	2	206	2	2	8	421	0	0	0
2.054	1	2	206	5	2	8	421	0	0	0
2.057	1	2	206	8	2	8	421	0	0	0
2.059	1	2	206	10	2	8	421	0	0	0
2.062	1	2	207	3	2	8	421	0	0	0
2.065	1	2	207	6	2	8	421	0	0	0
2.068	1	2	207	9	2	8	421	0	0	0
2.072	1	2	208	3	2	8	421	0	0	0
2.075	1	2	208	6	2	8	421	0	0	0
2.078	1	2	208	9	2	8	421	0	0	0
2.081	1	2	209	2	2	8	421	0	0	0
2.084	1	2	209	5	2	8	421	0	0	0
2.086	1	2	209	7	2	8	421	0	0	0
2.089	1	2	209	10	2	8	421	0	0	0
2.092	1	2	210	3	2	8	421	0	0	0
2.095	1	2	210	6	2	8	421	0	0	0
2.098	1	2	210	9	2	8	421	0	0	0
2.102	1	2	211	3	2	8	421	0	0	0
2.105	1	2	211	6	2	8	421	0	0	0
2.108	1	2	211	9	2	8	421	0	0	0
2.111	1	2	212	2	2	8	421	0	0	0
2.113	1	2	212	4	2	8	421	0	0	0
2.116	1	2	212	7	2	8	421	0	0	0
2.119	1	2	212	10	2	8	421	0	0	0
2.122	1	2	213	3	2	8	421	0	0	0
2.125	1	2	213	6	2	8	421	0	0	0
2.129	1	2	213	10	2	8	421	0	0	0
2.132	1	2	214	3	2	8	421	0	0	0
2.135	1	2	214	6	2	8	421	0	0	0
2.138	1	2	214	9	2	8	421	0	0	0
2.14	1	2	215	1	2	8	421	0	0	0
2.143	1	2	215	4	2	8	421	0	0	0
2.146	1	2	215	7	2	8	421	0	0	0
2.149	1	2	215	10	2	8	421	0	0	0
2.152	1	2	216	3	2	8	421	0	0	0
2.155	1	2	216	6	2	8	421	0	0	0
2.159	1	2	216	10	2	8	421	0	0	0
2.162	1	2	217	3	2	8	421	0	0	0
2.165	1	2	217	6	2	8	421	0	0	0
2.168	1	2	217	9	2	8	421	0	0	0
2.17	1	2	218	1	2	8	421	0	0	0
2.173	1	2	218	4	2	8	421	0	0	0
2.176	1	2	218	7	2	8	421	0	0	0
2.179	1	2	218	10	2	8	421	0	0	0
2.182	1	2	219	3	2	8	421	0	0	0
2.186	1	2	219	7	2	8	421	0	0	0
2.189	1	2	219	10	2	8	421	0	0	0
2.192	1	2	220	3	2	8	421	0	0	0
2.195	1	2	220	6	2	8	421	0	0	0
2.197	1	2	220	8	2	8	421	0	0	0
2.2	1	2	221	1	2	8	421	0	0	0
2.203	1	2	221	4	2	8	421	0	0	0
2.206	1	2	221	7	2	8	421	0	0	0
2.209	1	2	221	10	2	8	421	0	0	0
2.213	1	2	222	4	2	8	421	0	0	0
2.216	1	2	222	7	2	8	421	0	0	0
2.219	1	2	222	10	2	8	421	0	0	0
2.222	1	2	223	3	2	8	421	0	0	0
2.224	1	2	223	5	2	8	421	0	0	0
2.227	1	2	223	8	2	8	421	0	0	0
2.23	1	2	224	1	2	8	421	0	0	0
2.233	1	2	224	4	2	8	421	0	0	0
2.236	1	2	224	7	2	8	421	0	0	0
2.239	1	2	224	10	2	8	421	0	0	0
2.243	1	2	225	4	2	8	421	0	0	0
2.246	1	2	225	7	2	8	421	0	0	0
2.249	1	2	225	10	2	8	421	0	0	0
2.251	1	2	226	2	2	8	421	0	0	0
2.254	1	2	226	5	2	8	421	0	0	0
2.257	1	2	226	8	2	8	421	0	0	0
2.26	1	2	227	1	2	8	421	0	0	0
2.263	1	2	227	4	2	8	421	0	0	0
2.266	1	2	227	7	2	8	421	0	0	0
2.27	1	2	228	1	2	8	421	0	0	0
2.273	1	2	228	4	2	8	421	0	0	0
2.276	1	2	228	7	2	8	421	0	0	0
2.279	1	2	228	10	2	8	421	0	0	0
2.281	1	2	229	2	2	8	421	0	0	0
2.284	1	2	229	5	2	8	421	0	0	0
2.287	1	2	229	8	2	8	421	0	0	0
2.29	1	2	230	1	2	8	421	0	0	0
2.293	1	2	230	4	2	8	421	0	0	0
2.297	1	2	230	8	2	8	421	0	0	0
2.3	1	2	231	1	2	8	421	0	0	0
2.303	1	2	231	4	2	8	421	0	0	0
2.306	1	2	231	7	2	8	421	0	0	0
2.308	1	2	231	9	2	8	421	0	0	0
2.311	1	2	232	2	2	8	421	0	0	0
2.314	1	2	232	5	2	8	421	0	0	0
2.317	1	2	232	8	2	8	421	0	0	0
2.32	1	2	233	1	2	8	421	0	0	0
2.323	1	2	233	4	2	8	421	0	0	0
2.327	1	2	233	8	2	8	421	0	0	0
2.33	1	2	234	1	2	8	421	0	0	0
2.333	1	2	234	4	2	8	421	0	0	0
2.335	1	2	234	6	2	8	421	0	0	0
2.338	1	2	234	9	2	8	421	0	0	0
2.341	1	2	235	2	2	8	421	0	0	0
2.344	1	2	235	5	2	8	421	0	0	0
2.347	1	2	235	8	2	8	421	0	0	0
2.35	1	2	236	1	2	8	421	0	0	0
2.354	1	2	236	5	2	8	421	0	0	0
2.357	1	2	236	8	2	8	421	0	0	0
2.36	1	2	237	1	2	8	421	0	0	0
2.362	1	2	237	3	2	8	421	0	0	0
2.365	1	2	237	6	2	8	421	0	0	0
2.368	1	2	237	9	2	8	421	0	0	0
2.371	1	2	238	2	2	8	421	0	0	0
2.374	1	2	238	5	2	8	421	0	0	0
2.377	1	2	238	8	2	8	421	0	0	0
2.38	1	2	239	1	2	8	421	0	0	0
2.384	1	2	239	5	2	8	421	0	0	0
2.387	1	2	239	8	2	8	421	0	0	0
2.39	1	2	240	1	2	8	421	0	0	0
2.392	1	2	240	3	2	8	421	0	0	0
2.395	1	2	240	6	2	8	421	0	0	0
2.398	1	2	240	9	2	8	421	0	0	0
2.401	1	2	241	2	2	8	421	0	0	0
2.404	1	2	241	5	2	8	421	0	0	0
2.407	1	2	241	8	2	8	421	0	0	0
2.411	1	2	242	2	2	8	421	0	0	0
2.414	1	2	242	5	2	8	421	0	0	0
2.417	1	2	242	8	2	8	421	0	0	0
2.419	1	2	242	10	2	8	421	0	0	0
2.422	1	2	243	3	2	8	421	0	0	0
2.425	1	2	243	6	2	8	421	0	0	0
2.428	1	2	243	9	2	8	421	0	0	0
2.431	1	2	244	2	2	8	421	0	0	0
2.434	1	2	244	5	2	8	421	0	0	0
2.438	1	2	244	9	2	8	421	0	0	0
2.441	1	2	245	2	2	8	421	0	0	0
2.444	1	2	245	5	2	8	421	0	0	0
2.446	1	2	245	7	2	8	421	0	0	0
2.449	1	2	245	10	2	8	421	0	0	0
2.452	1	2	246	3	2	8	421	0	0	0
2.455	1	2	246	6	2	8	421	0	0	0
2.458	1	2	246	9	2	8	421	0	0	0
2.461	1	2	247	2	2	8	421	0	0	0
2.464	1	2	247	5	2	8	421	0	0	0
2.468	1	2	247	9	2	8	421	0	0	0
2.471	1	2	248	2	2	8	421	0	0	0
2.473	1	2	248	4	2	8	421	0	0	0
2.476	1	2	248	7	2	8	421	0	0	0
2.479	1	2	248	10	2	8	421	0	0	0
2.482	1	2	249	3	2	8	421	0	0	0
2.485	1	2	249	6	2	8	421	0	0	0
2.488	1	2	249	9	2	8	421	0	0	0
2.491	1	2	250	2	2	8	421	0	0	0
2.495	1	2	250	6	2	8	421	0	0	0
2.498	1	2	250	9	2	8	421	0	0	0
2.501	1	2	251	2	2	8	421	0	0	0
2.503	1	2	251	4	2	8	421	0	0	0
2.506	1	2	251	7	2	8	421	0	0	0
2.509	1	2	251	10	2	8	421	0	0	0
2.512	1	2	252	3	2	8	421	0	0	0
2.515	1	2	252	6	2	8	421	0	0	0
2.518	1	2	252	9	2	8	421	0	0	0
2.521	1	2	253	2	2	8	421	0	0	0
2.525	1	2	253	6	2	8	421	0	0	0
2.528	1	2	253	9	2	8	421	0	0	0
2.53	1	2	254	1	2	8	421	0	0	0
2.533	1	2	254	4	2	8	421	0	0	0
2.536	1	2	254	7	2	8	421	0	0	0
2.539	1	2	254	10	2	8	421	0	0	0
2.542	1	2	255	3	2	8	421	0	0	0
2.545	1	2	255	6	2	8	421	0	0	0
2.548	1	2	255	9	2	8	421	0	0	0
2.552	1	2	256	3	2	8	421	0	0	0
2.555	1	2	256	6	2	8	421	0	0	0
2.557	1	2	256	8	2	8	421	0	0	0
2.56	1	2	257	1	2	8	421	0	0	0
2.563	1	2	257	4	2	8	421	0	0	0
2.566	1	2	257	7	2	8	421	0	0	0
2.569	1	2	257	10	2	8	421	0	0	0
2.572	1	2	258	3	2	8	421	0	0	0
2.575	1	2	258	6	2	8	421	0	0	0
2.579	1	2	258	10	2	8	421	0	0	0
2.582	1	2	259	3	2	8	421	0	0	0
2.584	1	2	259	5	2	8	421	0	0	0
2.587	1	2	259	8	2	8	421	0	0	0
2.59	1	2	260	1	2	8	421	0	0	0
2.593	1	2	260	4	2	8	421	0	0	0
2.596	1	2	260	7	2	8	421	0	0	0
2.599	1	2	260	10	2	8	421	0	0	0
2.602	1	2	261	3	2	8	421	0	0	0
2.605	1	2	261	6	2	8	421	0	0	0
2.609	1	2	261	10	2	8	421	0	0	0
2.612	1	2	262	3	2	8	421	0	0	0
2.614	1	2	262	5	2	8	421	0	0	0
2.617	1	2	262	8	2	8	421	0	0	0
2.62	1	2	263	1	2	8	421	0	0	0
2.623	1	2	263	4	2	8	421	0	0	0
2.626	1	2	263	7	2	8	421	0	0	0
2.629	1	2	263	10	2	8	421	0	0	0
2.632	1	2	264	3	2	8	421	0	0	0
2.636	1	2	264	7	2	8	421	0	0	0
2.639	1	2	264	10	2	8	421	0	0	0
2.641	1	2	265	2	2	8	421	0	0	0
2.644	1	2	265	5	2	8	421	0	0	0
2.647	1	2	265	8	2	8	421	0	0	0
2.65	1	2	266	1	2	8	421	0	0	0
2.653	1	2	266	4	2	8	421	0	0	0
2.656	1	2	266	7	2	8	421	0	0	0
2.659	1	2	266	10	2	8	421	0	0	0
2.663	1	2	267	4	2	8	421	0	0	0
2.666	1	2	267	7	2	8	421	0	0	0
2.668	1	2	267	9	2	8	421	0	0	0
2.671	1	2	268	2	2	8	421	0	0	0
2.674	1	2	268	5	2	8	421	0	0	0
2.677	1	2	268	8	2	8	421	0	0	0
2.68	1	2	269	1	2	8	421	0	0	0
2.683	1	2	269	4	2	8	421	0	0	0
2.686	1	2	269	7	2	8	421	0	0	0
2.689	1	2	269	10	2	8	421	0	0	0
2.693	1	2	270	4	2	8	421	0	0	0
2.695	1	2	270	6	2	8	421	0	0	0
2.698	1	2	270	9	2	8	421	0	0	0
2.701	1	2	271	2	2	8	421	0	0	0
2.704	1	2	271	5	2	8	421	0	0	0
2.707	1	2	271	8	2	8	421	0	0	0
2.71	1	2	272	1	2	8	421	0	0	0
2.713	1	2	272	4	2	8	421	0	0	0
2.716	1	2	272	7	2	8	421	0	0	0
2.72	1	2	273	1	2	8	421	0	0	0
2.723	1	2	273	4	2	8	421	0	0	0
2.725	1	2	273	6	2	8	421	0	0	0
2.728	1	2	273	9	2	8	421	0	0	0
2.731	1	2	274	2	2	8	421	0	0	0
2.734	1	2	274	5	2	8	421	0	0	0
2.737	1	2	274	8	2	8	421	0	0	0
2.74	1	2	275	1	2	8	421	0	0	0
2.743	1	2	275	4	2	8	421	0	0	0
2.746	1	2	275	7	2	8	421	0	0	0
2.75	1	2	276	1	2	8	421	0	0	0
2.752	1	2	276	3	2	8	421	0	0	0
2.755	1	2	276	6	2	8	421	0	0	0
2.758	1	2	276	9	2	8	421	0	0	0
2.761	1	2	277	2	2	8	421	0	0	0
2.764	1	2	277	5	2	8	421	0	0	0
2.767	1	2	277	8	2	8	421	0	0	0
2.77	1	2	278	1	2	8	421	0	0	0
2.773	1	2	278	4	2	8	421	0	0	0
2.777	1	2	278	8	2	8	421	0	0	0
2.779	1	2	278	10	2	8	421	0	0	0
2.782	1	2	279	3	2	8	421	0	0	0
2.785	1	2	279	6	2	8	421	0	0	0
2.788	1	2	279	9	2	8	421	0	0	0
2.791	1	2	280	2	2	8	421	0	0	0
2.794	1	2	280	5	2	8	421	0	0	0
2.797	1	2	280	8	2	8	421	0	0	0
2.8	1	2	281	1	2	8	421	0	0	0
2.804	1	2	281	5	2	8	421	0	0	0
2.806	1	2	281	7	2	8	421	0	0	0
2.809	1	2	281	10	2	8	421	0	0	0
2.812	1	2	282	3	2	8	421	0	0	0
2.815	1	2	282	6	2	8	421	0	0	0
2.818	1	2	282	9	2	8	421	0	0	0
2.821	1	2	283	2	2	8	421	0	0	0
2.824	1	2	283	5	2	8	421	0	0	0
2.827	1	2	283	8	2	8	421	0	0	0
2.83	1	2	284	1	2	8	421	0	0	0
2.834	1	2	284	5	2	8	421	0	0	0
2.836	1	2	284	7	2	8	421	0	0	0
2.839	1	2	284	10	2	8	421	0	0	0
2.842	1	2	285	3	2	8	421	0	0	0
2.845	1	2	285	6	2	8	421	0	0	0
2.848	1	2	285	9	2	8	421	0	0	0
2.851	1	2	286	2	2	8	421	0	0	0
2.854	1	2	286	5	2	8	421	0	0	0
2.857	1	2	286	8	2	8	421	0	0	0
2.861	1	2	287	2	2	8	421	0	0	0
2.863	1	2	287	4	2	8	421	0	0	0
2.866	1	2	287	7	2	8	421	0	0	0
2.869	1	2	287	10	2	8	421	0	0	0
2.872	1	2	288	3	2	8	421	0	0	0
2.875	1	2	288	6	2	8	421	0	0	0
2.878	1	2	288	9	2	8	421	0	0	0
2.881	1	2	289	2	2	8	421	0	0	0
2.884	1	2	289	5	2	8	421	0	0	0
2.887	1	2	289	8	2	8	421	0	0	0
2.89	1	2	290	1	2	8	421	0	0	0
2.893	1	2	290	4	2	8	421	0	0	0
2.896	1	2	290	7	2	8	421	0	0	0
2.899	1	2	290	10	2	8	421	0	0	0
2.902	1	2	291	3	2	8	421	0	0	0
2.905	1	2	291	6	2	8	421	0	0	0
2.908	1	2	291	9	2	8	421	0	0	0
2.911	1	2	292	2	2	8	421	0	0	0
2.914	1	2	292	5	2	8	421	0	0	0
2.917	1	2	292	8	2	8	421	0	0	0
2.92	1	2	293	1	2	8	421	0	0	0
2.923	1	2	293	4	2	8	421	0	0	0
2.926	1	2	293	7	2	8	421	0	0	0
2.929	1	2	293	10	2	8	421	0	0	0
2.932	1	2	294	3	2	8	421	0	0	0
2.935	1	2	294	6	2	8	421	0	0	0
2.938	1	2	294	9	2	8	421	0	0	0
2.941	1	2	295	2	2	8	421	0	0	0
2.945	1	2	295	6	2	8	421	0	0	0
2.947	1	2	295	8	2	8	421	0	0	0
2.95	1	2	296	1	2	8	421	0	0	0
2.953	1	2	296	4	2	8	421	0	0	0
2.956	1	2	296	7	2	8	421	0	0	0
2.959	1	2	296	10	2	8	421	0	0	0
2.962	1	2	297	3	2	8	421	0	0	0
2.965	1	2	297	6	2	8	421	0	0	0
2.968	1	2	297	9	2	8	421	0	0	0
2.971	1	2	298	2	2	8	421	0	0	0
2.974	1	2	298	5	2	8	421	0	0	0
2.977	1	2	298	8	2	8	421	0	0	0
2.98	1	2	299	1	2	8	421	0	0	0
2.983	1	2	299	4	2	8	421	0	0	0
2.986	1	2	299	7	2	8	421	0	0	0
2.989	1	2	299	10	2	8	421	0	0	0
2.992	1	2	300	3	2	8	421	0	0	0
2.995	1	2	300	6	2	8	421	0	0	0
2.998	1	2	300	9	2	8	421	0	0	0
3.001	1	2	301	2	2	8	421	0	0	0
3.004	1	2	301	5	2	8	421	0	0	0
3.007	1	2	301	8	2	8	421	0	0	0
3.01	1	2	302	1	2	8	421	0	0	0
3.013	1	2	302	4	2	8	421	0	0	0
3.016	1	2	302	7	2	8	421	0	0	0
3.019	1	2	302	10	2	8	421	0	0	0
3.022	1	2	303	3	2	8	421	0	0	0
3.025	1	2	303	6	2	8	421	0	0	0
3.028	1	2	303	9	2	8	421	0	0	0
3.031	1	2	304	2	2	8	421	0	0	0
3.034	1	2	304	5	2	8	421	0	0	0
3.037	1	2	304	8	2	8	421	0	0	0
3.04	1	2	305	1	2	8	421	0	0	0
3.043	1	2	305	4	2	8	421	0	0	0
3.046	1	2	305	7	2	8	421	0	0	0
3.049	1	2	305	10	2	8	421	0	0	0
3.052	1	2	306	3	2	8	421	0	0	0
3.055	1	2	306	6	2	8	421	0	0	0
3.058	1	2	306	9	2	8	421	0	0	0
3.061	1	2	307	2	2	8	421	0	0	0
3.064	1	2	307	5	2	8	421	0	0	0
3.067	1	2	307	8	2	8	421	0	0	0
3.07	1	2	308	1	2	8	421	0	0	0
3.073	1	2	308	4	2	8	421	0	0	0
3.076	1	2	308	7	2	8	421	0	0	0
3.079	1	2	308	10	2	8	421	0	0	0
3.082	1	2	309	3	2	8	421	0	0	0
3.085	1	2	309	6	2	8	421	0	0	0
3.088	1	2	309	9	2	8	421	0	0	0
3.091	1	2	310	2	2	8	421	0	0	0
3.094	1	2	310	5	2	8	421	0	0	0
3.097	1	2	310	8	2	8	421	0	0	0
3.1	1	2	311	1	2	8	421	0	0	0
3.103	1	2	311	4	2	8	421	0	0	0
3.106	1	2	311	7	2	8	421	0	0	0
3.109	1	2	311	10	2	8	421	0	0	0
3.111	1	2	312	2	2	8	421	0	0	0
3.115	1	2	312	6	2	8	421	0	0	0
3.118	1	2	312	9	2	8	421	0	0	0
3.121	1	2	313	2	2	8	421	0	0	0
3.124	1	2	313	5	2	8	421	0	0	0
3.127	1	2	313	8	2	8	421	0	0	0
3.13	1	2	314	1	2	8	421	0	0	0
3.133	1	2	314	4	2	8	421	0	0	0
3.136	1	2	314	7	2	8	421	0	0	0
3.138	1	2	314	9	2	8	421	0	0	0
3.142	1	2	315	3	2	8	421	0	0	0
3.145	1	2	315	6	2	8	421	0	0	0
3.148	1	2	315	9	2	8	421	0	0	0
3.151	1	2	316	2	2	8	421	0	0	0
3.154	1	2	316	5	2	8	421	0	0	0
3.157	1	2	316	8	2	8	421	0	0	0
3.16	1	2	317	1	2	8	421	0	0	0
3.163	1	2	317	4	2	8	421	0	0	0
3.166	1	2	317	7	2	8	421	0	0	0
3.169	1	2	317	10	2	8	421	0	0	0
3.172	1	2	318	3	2	8	421	0	0	0
3.175	1	2	318	6	2	8	421	0	0	0
3.178	1	2	318	9	2	8	421	0	0	0
3.181	1	2	319	2	2	8	421	0	0	0
3.184	1	2	319	5	2	8	421	0	0	0
3.187	1	2	319	8	2	8	421	0	0	0
3.19	1	2	320	1	2	8	421	0	0	0
3.193	1	2	320	4	2	8	421	0	0	0
3.195	1	2	320	6	2	8	421	0	0	0
3.199	1	2	320	10	2	8	421	0	0	0
3.202	1	2	321	3	2	8	421	0	0	0
3.205	1	2	321	6	2	8	421	0	0	0
3.208	1	2	321	9	2	8	421	0	0	0
3.211	1	2	322	2	2	8	421	0	0	0
3.214	1	2	322	5	2	8	421	0	0	0
3.217	1	2	322	8	2	8	421	0	0	0
3.22	1	2	323	1	2	8	421	0	0	0
3.222	1	2	323	3	2	8	421	0	0	0
3.226	1	2	323	7	2	8	421	0	0	0
3.229	1	2	323	10	2	8	421	0	0	0
3.232	1	2	324	3	2	8	421	0	0	0
3.235	1	2	324	6	2	8	421	0	0	0
3.238	1	2	324	9	2	8	421	0	0	0
3.241	1	2	325	2	2	8	421	0	0	0
3.244	1	2	325	5	2	8	421	0	0	0
3.247	1	2	325	8	2	8	421	0	0	0
3.249	1	2	325	10	2	8	421	0	0	0
3.252	1	2	326	3	2	8	421	0	0	0
3.256	1	2	326	7	2	8	421	0	0	0
3.259	1	2	326	10	2	8	421	0	0	0
3.262	1	2	327	3	2	8	421	0	0	0
3.265	1	2	327	6	2	8	421	0	0	0
3.268	1	2	327	9	2	8	421	0	0	0
3.271	1	2	328	2	2	8	421	0	0	0
3.274	1	2	328	5	2	8	421	0	0	0
3.277	1	2	328	8	2	8	421	0	0	0
3.279	1	2	328	10	2	8	421	0	0	0
3.283	1	2	329	4	2	8	421	0	0	0
3.286	1	2	329	7	2	8	421	0	0	0
3.289	1	2	329	10	2	8	421	0	0	0
3.292	1	2	330	3	2	8	421	0	0	0
3.295	1	2	330	6	2	8	421	0	0	0
3.298	1	2	330	9	2	8	421	0	0	0
3.301	1	2	331	2	2	8	421	0	0	0
3.304	1	2	331	5	2	8	421	0	0	0
3.306	1	2	331	7	2	8	421	0	0	0
3.31	1	2	332	1	2	8	421	0	0	0
3.313	1	2	332	4	2	8	421	0	0	0
3.316	1	2	332	7	2	8	421	0	0	0
3.319	1	2	332	10	2	8	421	0	0	0
3.322	1	2	333	3	2	8	421	0	0	0
3.325	1	2	333	6	2	8	421	0	0	0
3.328	1	2	333	9	2	8	421	0	0	0
3.331	1	2	334	2	2	8	421	0	0	0
3.333	1	2	334	4	2	8	421	0	0	0
3.336	1	2	334	7	2	8	421	0	0	0
3.34	1	2	335	1	2	8	421	0	0	0
3.343	1	2	335	4	2	8	421	0	0	0
3.346	1	2	335	7	2	8	421	0	0	0
3.349	1	2	335	10	2	8	421	0	0	0
3.352	1	2	336	3	2	8	421	0	0	0
3.355	1	2	336	6	2	8	421	0	0	0
3.358	1	2	336	9	2	8	421	0	0	0
3.36	1	2	337	1	2	8	421	0	0	0
3.363	1	2	337	4	2	8	421	0	0	0
3.367	1	2	337	8	2	8	421	0	0	0
3.37	1	2	338	1	2	8	421	0	0	0
3.373	1	2	338	4	2	8	421	0	0	0
3.376	1	2	338	7	2	8	421	0	0	0
3.379	1	2	338	10	2	8	421	0	0	0
3.382	1	2	339	3	2	8	421	0	0	0
3.385	1	2	339	6	2	8	421	0	0	0
3.388	1	2	339	9	2	8	421	0	0	0
3.39	1	2	340	1	2	8	421	0	0	0
3.394	1	2	340	5	2	8	421	0	0	0
3.397	1	2	340	8	2	8	421	0	0	0
3.4	1	2	341	1	2	8	421	0	0	0
3.403	1	2	341	4	2	8	421	0	0	0
3.406	1	2	341	7	2	8	421	0	0	0
3.409	1	2	341	10	2	8	421	0	0	0
3.412	1	2	342	3	2	8	421	0	0	0
3.415	1	2	342	6	2	8	421	0	0	0
3.417	1	2	342	8	2	8	421	0	0	0
3.42	1	2	343	1	2	8	421	0	0	0
3.424	1	2	343	5	2	8	421	0	0	0
3.427	1	2	343	8	2	8	421	0	0	0
3.43	1	2	344	1	2	8	421	0	0	0
3.433	1	2	344	4	2	8	421	0	0	0
3.436	1	2	344	7	2	8	421	0	0	0
3.439	1	2	344	10	2	8	421	0	0	0
3.442	1	2	345	3	2	8	421	0	0	0
3.444	1	2	345	5	2	8	421	0	0	0
3.447	1	2	345	8	2	8	421	0	0	0
3.451	1	2	346	2	2	8	421	0	0	0
3.454	1	2	346	5	2	8	421	0	0	0
3.457	1	2	346	8	2	8	421	0	0	0
3.46	1	2	347	1	2	8	421	0	0	0
3.463	1	2	347	4	2	8	421	0	0	0
3.466	1	2	347	7	2	8	421	0	0	0
3.469	1	2	347	10	2	8	421	0	0	0
3.472	1	2	348	3	2	8	421	0	0	0
3.474	1	2	348	5	2	8	421	0	0	0
3.477	1	2	348	8	2	8	421	0	0	0
3.481	1	2	349	2	2	8	421	0	0	0
3.484	1	2	349	5	2	8	421	0	0	0
3.487	1	2	349	8	2	8	421	0	0	0
3.49	1	2	350	1	2	8	421	0	0	0
3.493	1	2	350	4	2	8	421	0	0	0
3.496	1	2	350	7	2	8	421	0	0	0
3.499	1	2	350	10	2	8	421	0	0	0
3.501	1	2	351	2	2	8	421	0	0	0
3.504	1	2	351	5	2	8	421	0	0	0
3.508	1	2	351	9	2	8	421	0	0	0
3.511	1	2	352	2	2	8	421	0	0	0
3.514	1	2	352	5	2	8	421	0	0	0
3.517	1	2	352	8	2	8	421	0	0	0
3.52	1	2	353	1	2	8	421	0	0	0
3.523	1	2	353	4	2	8	421	0	0	0
3.526	1	2	353	7	2	8	421	0	0	0
3.528	1	2	353	9	2	8	421	0	0	0
3.531	1	2	354	2	2	8	421	0	0	0
3.535	1	2	354	6	2	8	421	0	0	0
3.538	1	2	354	9	2	8	421	0	0	0
3.541	1	2	355	2	2	8	421	0	0	0
3.544	1	2	355	5	2	8	421	0	0	0
3.547	1	2	355	8	2	8	421	0	0	0
3.55	1	2	356	1	2	8	421	0	0	0
3.553	1	2	356	4	2	8	421	0	0	0
3.555	1	2	356	6	2	8	421	0	0	0
3.558	1	2	356	9	2	8	421	0	0	0
3.561	1	2	357	2	2	8	421	0	0	0
3.565	1	2	357	6	2	8	421	0	0	0
3.568	1	2	357	9	2	8	421	0	0	0
3.571	1	2	358	2	2	8	421	0	0	0
3.574	1	2	358	5	2	8	421	0	0	0
3.577	1	2	358	8	2	8	421	0	0	0
3.58	1	2	359	1	2	8	421	0	0	0
3.582	1	2	359	3	2	8	421	0	0	0
3.585	1	2	359	6	2	8	421	0	0	0
3.588	1	2	359	9	2	8	421	0	0	0
3.592	1	2	360	3	2	8	421	0	0	0
3.595	1	2	360	6	2	8	421	0	0	0
3.598	1	2	360	9	2	8	421	0	0	0
3.601	1	2	361	2	2	8	421	0	0	0
3.604	1	2	361	5	2	8	421	0	0	0
3.607	1	2	361	8	2	8	421	0	0	0
3.61	1	2	362	1	2	8	421	0	0	0
3.612	1	2	362	3	2	8	421	0	0	0
3.615	1	2	362	6	2	8	421	0	0	0
3.618	1	2	362	9	2	8	421	0	0	0
3.622	1	2	363	3	2	8	421	0	0	0
3.625	1	2	363	6	2	8	421	0	0	0
3.628	1	2	363	9	2	8	421	0	0	0
3.631	1	2	364	2	2	8	421	0	0	0
3.634	1	2	364	5	2	8	421	0	0	0
3.637	1	2	364	8	2	8	421	0	0	0
3.639	1	2	364	10	2	8	421	0	0	0
3.642	1	2	365	3	2	8	421	0	0	0
3.645	1	2	365	6	2	8	421	0	0	0
3.649	1	2	365	10	2	8	421	0	0	0
3.652	1	2	366	3	2	8	421	0	0	0
3.655	1	2	366	6	2	8	421	0	0	0
3.658	1	2	366	9	2	8	421	0	0	0
3.661	1	2	367	2	2	8	421	0	0	0
3.664	1	2	367	5	2	8	421	0	0	0
3.666	1	2	367	7	2	8	421	0	0	0
3.669	1	2	367	10	2	8	421	0	0	0
3.672	1	2	368	3	2	8	421	0	0	0
3.676	1	2	368	7	2	8	421	0	0	0
3.679	1	2	368	10	2	8	421	0	0	0
3.682	1	2	369	3	2	8	421	0	0	0
3.685	1	2	369	6	2	8	421	0	0	0
3.688	1	2	369	9	2	8	421	0	0	0
3.691	1	2	370	2	2	8	421	0	0	0
3.694	1	2	370	5	2	8	421	0	0	0
3.696	1	2	370	7	2	8	421	0	0	0
3.699	1	2	370	10	2	8	421	0	0	0
3.702	1	2	371	3	2	8	421	0	0	0
3.706	1	2	371	7	2	8	421	0	0	0
3.709	1	2	371	10	2	8	421	0	0	0
3.712	1	2	372	3	2	8	421	0	0	0
3.715	1	2	372	6	2	8	421	0	0	0
3.718	1	2	372	9	2	8	421	0	0	0
3.721	1	2	373	2	2	8	421	0	0	0
3.723	1	2	373	4	2	8	421	0	0	0
3.726	1	2	373	7	2	8	421	0	0	0
3.729	1	2	373	10	2	8	421	0	0	0
3.733	1	2	374	4	2	8	421	0	0	0
3.736	1	2	374	7	2	8	421	0	0	0
3.739	1	2	374	10	2	8	421	0	0	0
3.742	1	2	375	3	2	8	421	0	0	0
3.745	1	2	375	6	2	8	421	0	0	0
3.748	1	2	375	9	2	8	421	0	0	0
3.75	1	2	376	1	2	8	421	0	0	0
3.753	1	2	376	4	2	8	421	0	0	0
3.756	1	2	376	7	2	8	421	0	0	0
3.759	1	2	376	10	2	8	421	0	0	0
3.763	1	2	377	4	2	8	421	0	0	0
3.766	1	2	377	7	2	8	421	0	0	0
3.769	1	2	377	10	2	8	421	0	0	0
3.772	1	2	378	3	2	8	421	0	0	0
3.775	1	2	378	6	2	8	421	0	0	0
3.777	1	2	378	8	2	8	421	0	0	0
3.78	1	2	379	1	2	8	421	0	0	0
3.783	1	2	379	4	2	8	421	0	0	0
3.786	1	2	379	7	2	8	421	0	0	0
3.79	1	2	380	1	2	8	421	0	0	0
3.793	1	2	380	4	2	8	421	0	0	0
3.796	1	2	380	7	2	8	421	0	0	0
3.799	1	2	380	10	2	8	421	0	0	0
3.802	1	2	381	3	2	8	421	0	0	0
3.805	1	2	381	6	2	8	421	0	0	0
3.807	1	2	381	8	2	8	421	0	0	0
3.81	1	2	382	1	2	8	421	0	0	0
3.813	1	2	382	4	2	8	421	0	0	0
3.817	1	2	382	8	2	8	421	0	0	0
3.82	1	2	383	1	2	8	421	0	0	0
3.823	1	2	383	4	2	8	421	0	0	0
3.826	1	2	383	7	2	8	421	0	0	0
3.829	1	2	383	10	2	8	421	0	0	0
3.832	1	2	384	3	2	8	421	0	0	0
3.834	1	2	384	5	2	8	421	0	0	0
3.837	1	2	384	8	2	8	421	0	0	0
3.84	1	2	385	1	2	8	421	0	0	0
3.843	1	2	385	4	2	8	421	0	0	0
3.847	1	2	385	8	2	8	421	0	0	0
3.85	1	2	386	1	2	8	421	0	0	0
3.853	1	2	386	4	2	8	421	0	0	0
3.856	1	2	386	7	2	8	421	0	0	0
3.859	1	2	386	10	2	8	421	0	0	0
3.861	1	2	387	2	2	8	421	0	0	0
3.864	1	2	387	5	2	8	421	0	0	0
3.867	1	2	387	8	2	8	421	0	0	0
3.87	1	2	388	1	2	8	421	0	0	0
3.874	1	2	388	5	2	8	421	0	0	0
3.877	1	2	388	8	2	8	421	0	0	0
3.88	1	2	389	1	2	8	421	0	0	0
3.883	1	2	389	4	2	8	421	0	0	0
3.886	1	2	389	7	2	8	421	0	0	0
3.888	1	2	389	9	2	8	421	0	0	0
3.891	1	2	390	2	2	8	421	0	0	0
3.894	1	2	390	5	2	8	421	0	0	0
3.897	1	2	390	8	2	8	421	0	0	0
3.9	1	2	391	1	2	8	421	0	0	0
3.904	1	2	391	5	2	8	421	0	0	0
3.907	1	2	391	8	2	8	421	0	0	0
3.91	1	2	392	1	2	8	421	0	0	0
3.913	1	2	392	4	2	8	421	0	0	0
3.916	1	2	392	7	2	8	421	0	0	0
3.918	1	2	392	9	2	8	421	0	0	0
3.921	1	2	393	2	2	8	421	0	0	0
3.924	1	2	393	5	2	8	421	0	0	0
3.927	1	2	393	8	2	8	421	0	0	0
3.931	1	2	394	2	2	8	421	0	0	0
3.934	1	2	394	5	2	8	421	0	0	0
3.937	1	2	394	8	2	8	421	0	0	0
3.94	1	2	395	1	2	8	421	0	0	0
3.943	1	2	395	4	2	8	421	0	0	0
3.945	1	2	395	6	2	8	421	0	0	0
3.948	1	2	395	9	2	8	421	0	0	0
3.951	1	2	396	2	2	8	421	0	0	0
3.954	1	2	396	5	2	8	421	0	0	0
3.958	1	2	396	9	2	8	421	0	0	0
3.961	1	2	397	2	2	8	421	0	0	0
3.964	1	2	397	5	2	8	421	0	0	0
3.967	1	2	397	8	2	8	421	0	0	0
3.97	1	2	398	1	2	8	421	0	0	0
3.972	1	2	398	3	2	8	421	0	0	0
3.975	1	2	398	6	2	8	421	0	0	0
3.978	1	2	398	9	2	8	421	0	0	0
3.981	1	2	399	2	2	8	421	0	0	0
3.984	1	2	399	5	2	8	421	0	0	0
3.988	1	2	399	9	2	8	421	0	0	0
3.991	1	2	400	2	2	8	421	0	0	0
3.994	1	2	400	5	2	8	421	0	0	0
3.997	1	2	400	8	2	8	421	0	0	0
3.999	1	2	400	10	2	8	421	0	0	0
4.002	1	2	401	3	2	8	421	0	0	0
4.005	1	2	401	6	2	8	421	0	0	0
4.008	1	2	401	9	2	8	421	0	0	0
4.011	1	2	402	2	2	8	421	0	0	0
4.015	1	2	402	6	2	8	421	0	0	0
4.018	1	2	402	9	2	8	421	0	0	0
4.021	1	2	403	2	2	8	421	0	0	0
4.024	1	2	403	5	2	8	421	0	0	0
4.027	1	2	403	8	2	8	421	0	0	0
4.029	1	2	403	10	2	8	421	0	0	0
4.032	1	2	404	3	2	8	421	0	0	0
4.035	1	2	404	6	2	8	421	0	0	0
4.038	1	2	404	9	2	8	421	0	0	0
4.042	1	2	405	3	2	8	421	0	0	0
4.045	1	2	405	6	2	8	421	0	0	0
4.048	1	2	405	9	2	8	421	0	0	0
4.051	1	2	406	2	2	8	421	0	0	0
4.054	1	2	406	5	2	8	421	0	0	0
4.056	1	2	406	7	2	8	421	0	0	0
4.059	1	2	406	10	2	8	421	0	0	0
4.062	1	2	407	3	2	8	421	0	0	0
4.065	1	2	407	6	2	8	421	0	0	0
4.068	1	2	407	9	2	8	421	0	0	0
4.072	1	2	408	3	2	8	421	0	0	0
4.075	1	2	408	6	2	8	421	0	0	0
4.078	1	2	408	9	2	8	421	0	0	0
4.081	1	2	409	2	2	8	421	0	0	0
4.083	1	2	409	4	2	8	421	0	0	0
4.086	1	2	409	7	2	8	421	0	0	0
4.089	1	2	409	10	2	8	421	0	0	0
4.092	1	2	410	3	2	8	421	0	0	0
4.095	1	2	410	6	2	8	421	0	0	0
4.099	1	2	410	10	2	8	421	0	0	0
4.102	1	2	411	3	2	8	421	0	0	0
4.105	1	2	411	6	2	8	421	0	0	0
4.108	1	2	411	9	2	8	421	0	0	0
4.11	1	2	412	1	2	8	421	0	0	0
4.113	1	2	412	4	2	8	421	0	0	0
4.116	1	2	412	7	2	8	421	0	0	0
4.119	1	2	412	10	2	8	421	0	0	0
4.122	1	2	413	3	2	8	421	0	0	0
4.125	1	2	413	6	2	8	421	0	0	0
4.129	1	2	413	10	2	8	421	0	0	0
4.132	1	2	414	3	2	8	421	0	0	0
4.135	1	2	414	6	2	8	421	0	0	0
4.138	1	2	414	9	2	8	421	0	0	0
4.14	1	2	415	1	2	8	421	0	0	0
4.143	1	2	415	4	2	8	421	0	0	0
4.146	1	2	415	7	2	8	421	0	0	0
4.149	1	2	415	10	2	8	421	0	0	0
4.152	1	2	416	3	2	8	421	0	0	0
4.156	1	2	416	7	2	8	421	0	0	0
4.159	1	2	416	10	2	8	421	0	0	0
4.162	1	2	417	3	2	8	421	0	0	0
4.165	1	2	417	6	2	8	421	0	0	0
4.167	1	2	417	8	2	8	421	0	0	0
4.17	1	2	418	1	2	8	421	0	0	0
4.173	1	2	418	4	2	8	421	0	0	0
4.176	1	2	418	7	2	8	421	0	0	0
4.179	1	2	418	10	2	8	421	0	0	0
4.183	1	2	419	4	2	8	421	0	0	0
4.186	1	2	419	7	2	8	421	0	0	0
4.189	1	2	419	10	2	8	421	0	0	0
4.192	1	2	420	3	2	8	421	0	0	0
4.194	1	2	420	5	2	8	421	0	0	0
4.197	1	2	420	8	2	8	421	0	0	0
4.2	1	2	421	1	2	8	421	0	0	0
4.203	1	2	421	4	2	8	421	0	0	0
4.206	1	2	421	7	2	8	421	0	0	0
4.209	1	2	421	10	2	8	421	0	0	0
4.213	1	2	422	4	2	8	421	0	0	0
4.216	1	2	422	7	2	8	421	0	0	0
4.219	1	2	422	10	2	8	421	0	0	0
4.221	1	2	423	2	2	8	421	0	0	0
4.224	1	2	423	5	2	8	421	0	0	0
4.227	1	2	423	8	2	8	421	0	0	0
4.23	1	2	424	1	2	8	421	0	0	0
4.233	1	2	424	4	2	8	421	0	0	0
4.236	1	2	424	7	2	8	421	0	0	0
4.24	1	2	425	1	2	8	421	0	0	0
4.243	1	2	425	4	2	8	421	0	0	0
4.246	1	2	425	7	2	8	421	0	0	0
4.249	1	2	425	10	2	8	421	0	0	0
4.251	1	2	426	2	2	8	421	0	0	0
4.254	1	2	426	5	2	8	421	0	0	0
4.257	1	2	426	8	2	8	421	0	0	0
4.26	1	2	427	1	2	8	421	0	0	0
4.263	1	2	427	4	2	8	421	0	0	0
4.267	1	2	427	8	2	8	421	0	0	0
4.27	1	2	428	1	2	8	421	0	0	0
4.273	1	2	428	4	2	8	421	0	0	0
4.276	1	2	428	7	2	8	421	0	0	0
4.278	1	2	428	9	2	8	421	0	0	0
4.281	1	2	429	2	2	8	421	0	0	0
4.284	1	2	429	5	2	8	421	0	0	0
4.287	1	2	429	8	2	8	421	0	0	0
4.29	1	2	430	1	2	8	421	0	0	0
4.293	1	2	430	4	2	8	421	0	0	0
4.297	1	2	430	8	2	8	421	0	0	0
4.3	1	2	431	1	2	8	421	0	0	0
4.303	1	2	431	4	2	8	421	0	0	0
4.305	1	2	431	6	2	8	421	0	0	0
4.308	1	2	431	9	2	8	421	0	0	0
4.311	1	2	432	2	2	8	421	0	0	0
4.314	1	2	432	5	2	8	421	0	0	0
4.317	1	2	432	8	2	8	421	0	0	0
4.32	1	2	433	1	2	8	421	0	0	0
4.324	1	2	433	5	2	8	421	0	0	0
4.327	1	2	433	8	2	8	421	0	0	0
4.33	1	2	434	1	2	8	421	0	0	0
4.332	1	2	434	3	2	8	421	0	0	0
4.335	1	2	434	6	2	8	421	0	0	0
4.338	1	2	434	9	2	8	421	0	0	0
4.341	1	2	435	2	2	8	421	0	0	0
4.344	1	2	435	5	2	8	421	0	0	0
4.347	1	2	435	8	2	8	421	0	0	0
4.35	1	2	436	1	2	8	421	0	0	0
4.354	1	2	436	5	2	8	421	0	0	0
4.357	1	2	436	8	2	8	421	0	0	0
4.36	1	2	437	1	2	8	421	0	0	0
4.362	1	2	437	3	2	8	421	0	0	0
4.365	1	2	437	6	2	8	421	0	0	0
4.368	1	2	437	9	2	8	421	0	0	0
4.371	1	2	438	2	2	8	421	0	0	0
4.374	1	2	438	5	2	8	421	0	0	0
4.377	1	2	438	8	2	8	421	0	0	0
4.381	1	2	439	2	2	8	421	0	0	0
4.384	1	2	439	5	2	8	421	0	0	0
4.387	1	2	439	8	2	8	421	0	0	0
4.389	1	2	439	10	2	8	421	0	0	0
4.392	1	2	440	3	2	8	421	0	0	0
4.395	1	2	440	6	2	8	421	0	0	0
4.398	1	2	440	9	2	8	421	0	0	0
4.401	1	2	441	2	2	8	421	0	0	0
4.404	1	2	441	5	2	8	421	0	0	0
4.408	1	2	441	9	2	8	421	0	0	0
4.411	1	2	442	2	2	8	421	0	0	0
4.414	1	2	442	5	2	8	421	0	0	0
4.416	1	2	442	7	2	8	421	0	0	0
4.419	1	2	442	10	2	8	421	0	0	0
4.422	1	2	443	3	2	8	421	0	0	0
4.425	1	2	443	6	2	8	421	0	0	0
4.428	1	2	443	9	2	8	421	0	0	0
4.431	1	2	444	2	2	8	421	0	0	0
4.434	1	2	444	5	2	8	421	0	0	0
4.438	1	2	444	9	2	8	421	0	0	0
4.441	1	2	445	2	2	8	421	0	0	0
4.443	1	2	445	4	2	8	421	0	0	0
4.446	1	2	445	7	2	8	421	0	0	0
4.449	1	2	445	10	2	8	421	0	0	0
4.452	1	2	446	3	2	8	421	0	0	0
4.455	1	2	446	6	2	8	421	0	0	0
4.458	1	2	446	9	2	8	421	0	0	0
4.461	1	2	447	2	2	8	421	0	0	0
4.465	1	2	447	6	2	8	421	0	0	0
4.468	1	2	447	9	2	8	421	0	0	0
4.471	1	2	448	2	2	8	421	0	0	0
4.473	1	2	448	4	2	8	421	0	0	0
4.476	1	2	448	7	2	8	421	0	0	0
4.479	1	2	448	10	2	8	421	0	0	0
4.482	1	2	449	3	2	8	421	0	0	0
4.485	1	2	449	6	2	8	421	0	0	0
4.488	1	2	449	9	2	8	421	0	0	0
4.491	1	2	450	2	2	8	421	0	0	0
4.495	1	2	450	6	2	8	421	0	0	0
4.498	1	2	450	9	2	8	421	0	0	0
4.5	1	2	451	1	2	8	421	0	0	0
4.503	1	2	451	4	2	8	421	0	0	0
4.506	1	2	451	7	2	8	421	0	0	0
4.509	1	2	451	10	2	8	421	0	0	0
4.512	1	2	452	3	2	8	421	0	0	0
4.515	1	2	452	6	2	8	421	0	0	0
4.518	1	2	452	9	2	8	421	0	0	0
4.522	1	2	453	3	2	8	421	0	0	0
4.525	1	2	453	6	2	8	421	0	0	0
4.527	1	2	453	8	2	8	421	0	0	0
4.53	1	2	454	1	2	8	421	0	0	0
4.533	1	2	454	4	2	8	421	0	0	0
4.536	1	2	454	7	2	8	421	0	0	0
4.539	1	2	454	10	2	8	421	0	0	0
4.542	1	2	455	3	2	8	421	0	0	0
4.545	1	2	455	6	2	8	421	0	0	0
4.549	1	2	455	10	2	8	421	0	0	0
4.552	1	2	456	3	2	8	421	0	0	0
4.554	1	2	456	5	2	8	421	0	0	0
4.557	1	2	456	8	2	8	421	0	0	0
4.56	1	2	457	1	2	8	421	0	0	0
4.563	1	2	457	4	2	8	421	0	0	0
4.566	1	2	457	7	2	8	421	0	0	0
4.569	1	2	457	10	2	8	421	0	0	0
4.572	1	2	458	3	2	8	421	0	0	0
4.575	1	2	458	6	2	8	421	0	0	0
4.579	1	2	458	10	2	8	421	0	0	0
4.582	1	2	459	3	2	8	421	0	0	0
4.584	1	2	459	5	2	8	421	0	0	0
4.587	1	2	459	8	2	8	421	0	0	0
4.59	1	2	460	1	2	8	421	0	0	0
4.593	1	2	460	4	2	8	421	0	0	0
4.596	1	2	460	7	2	8	421	0	0	0
4.599	1	2	460	10	2	8	421	0	0	0
4.602	1	2	461	3	2	8	421	0	0	0
4.606	1	2	461	7	2	8	421	0	0	0
4.609	1	2	461	10	2	8	421	0	0	0
4.611	1	2	462	2	2	8	421	0	0	0
4.614	1	2	462	5	2	8	421	0	0	0
4.617	1	2	462	8	2	8	421	0	0	0
4.62	1	2	463	1	2	8	421	0	0	0
4.623	1	2	463	4	2	8	421	0	0	0
4.626	1	2	463	7	2	8	421	0	0	0
4.629	1	2	463	10	2	8	421	0	0	0
4.633	1	2	464	4	2	8	421	0	0	0
4.636	1	2	464	7	2	8	421	0	0	0
4.638	1	2	464	9	2	8	421	0	0	0
4.641	1	2	465	2	2	8	421	0	0	0
4.644	1	2	465	5	2	8	421	0	0	0
4.647	1	2	465	8	2	8	421	0	0	0
4.65	1	2	466	1	2	8	421	0	0	0
4.653	1	2	466	4	2	8	421	0	0	0
4.656	1	2	466	7	2	8	421	0	0	0
4.659	1	2	466	10	2	8	421	0	0	0
4.663	1	2	467	4	2	8	421	0	0	0
4.665	1	2	467	6	2	8	421	0	0	0
4.668	1	2	467	9	2	8	421	0	0	0
4.671	1	2	468	2	2	8	421	0	0	0
4.674	1	2	468	5	2	8	421	0	0	0
4.677	1	2	468	8	2	8	421	0	0	0
4.68	1	2	469	1	2	8	421	0	0	0
4.683	1	2	469	4	2	8	421	0	0	0
4.686	1	2	469	7	2	8	421	0	0	0
4.69	1	2	470	1	2	8	421	0	0	0
4.693	1	2	470	4	2	8	421	0	0	0
4.695	1	2	470	6	2	8	421	0	0	0
4.698	1	2	470	9	2	8	421	0	0	0
4.701	1	2	471	2	2	8	421	0	0	0
4.704	1	2	471	5	2	8	421	0	0	0
4.707	1	2	471	8	2	8	421	0	0	0
4.71	1	2	472	1	2	8	421	0	0	0
4.713	1	2	472	4	2	8	421	0	0	0
4.716	1	2	472	7	2	8	421	0	0	0
4.72	1	2	473	1	2	8	421	0	0	0
4.722	1	2	473	3	2	8	421	0	0	0
4.725	1	2	473	6	2	8	421	0	0	0
4.728	1	2	473	9	2	8	421	0	0	0
4.731	1	2	474	2	2	8	421	0	0	0
4.734	1	2	474	5	2	8	421	0	0	0
4.737	1	2	474	8	2	8	421	0	0	0
4.74	1	2	475	1	2	8	421	0	0	0
4.743	1	2	475	4	2	8	421	0	0	0
4.747	1	2	475	8	2	8	421	0	0	0
4.749	1	2	475	10	2	8	421	0	0	0
4.752	1	2	476	3	2	8	421	0	0	0
4.755	1	2	476	6	2	8	421	0	0	0
4.758	1	2	476	9	2	8	421	0	0	0
4.761	1	2	477	2	2	8	421	0	0	0
4.764	1	2	477	5	2	8	421	0	0	0
4.767	1	2	477	8	2	8	421	0	0	0
4.77	1	2	478	1	2	8	421	0	0	0
4.774	1	2	478	5	2	8	421	0	0	0
4.776	1	2	478	7	2	8	421	0	0	0
4.779	1	2	478	10	2	8	421	0	0	0
4.782	1	2	479	3	2	8	421	0	0	0
4.785	1	2	479	6	2	8	421	0	0	0
4.788	1	2	479	9	2	8	421	0	0	0
4.791	1	2	480	2	2	8	421	0	0	0
4.794	1	2	480	5	2	8	421	0	0	0
4.797	1	2	480	8	2	8	421	0	0	0
4.8	1	2	481	1	2	8	421	0	0	0
4.804	1	2	481	5	2	8	421	0	0	0
4.806	1	2	481	7	2	8	421	0	0	0
4.809	1	2	481	10	2	8	421	0	0	0
4.812	1	2	482	3	2	8	421	0	0	0
4.815	1	2	482	6	2	8	421	0	0	0
4.818	1	2	482	9	2	8	421	0	0	0
4.821	1	2	483	2	2	8	421	0	0	0
4.824	1	2	483	5	2	8	421	0	0	0
4.827	1	2	483	8	2	8	421	0	0	0
4.831	1	2	484	2	2	8	421	0	0	0
4.833	1	2	484	4	2	8	421	0	0	0
4.836	1	2	484	7	2	8	421	0	0	0
4.839	1	2	484	10	2	8	421	0	0	0
4.842	1	2	485	3	2	8	421	0	0	0
4.845	1	2	485	6	2	8	421	0	0	0
4.848	1	2	485	9	2	8	421	0	0	0
4.851	1	2	486	2	2	8	421	0	0	0
4.854	1	2	486	5	2	8	421	0	0	0
4.857	1	2	486	8	2	8	421	0	0	0
4.86	1	2	487	1	2	8	421	0	0	0
4.863	1	2	487	4	2	8	421	0	0	0
4.866	1	2	487	7	2	8	421	0	0	0
4.869	1	2	487	10	2	8	421	0	0	0
4.872	1	2	488	3	2	8	421	0	0	0
4.875	1	2	488	6	2	8	421	0	0	0
4.878	1	2	488	9	2	8	421	0	0	0
4.881	1	2	489	2	2	8	421	0	0	0
4.884	1	2	489	5	2	8	421	0	0	0
4.887	1	2	489	8	2	8	421	0	0	0
4.89	1	2	490	1	2	8	421	0	0	0
4.893	1	2	490	4	2	8	421	0	0	0
4.896	1	2	490	7	2	8	421	0	0	0
4.899	1	2	490	10	2	8	421	0	0	0
4.902	1	2	491	3	2	8	421	0	0	0
4.905	1	2	491	6	2	8	421	0	0	0
4.908	1	2	491	9	2	8	421	0	0	0
4.911	1	2	492	2	2	8	421	0	0	0
4.915	1	2	492	6	2	8	421	0	0	0
4.917	1	2	492	8	2	8	421	0	0	0
4.92	1	2	493	1	2	8	421	0	0	0
4.923	1	2	493	4	2	8	421	0	0	0
4.926	1	2	493	7	2	8	421	0	0	0
4.929	1	2	493	10	2	8	421	0	0	0
4.932	1	2	494	3	2	8	421	0	0	0
4.935	1	2	494	6	2	8	421	0	0	0
4.938	1	2	494	9	2	8	421	0	0	0
4.941	1	2	495	2	2	8	421	0	0	0
4.944	1	2	495	5	2	8	421	0	0	0
4.947	1	2	495	8	2	8	421	0	0	0
4.95	1	2	496	1	2	8	421	0	0	0
4.953	1	2	496	4	2	8	421	0	0	0
4.956	1	2	496	7	2	8	421	0	0	0
4.959	1	2	496	10	2	8	421	0	0	0
4.962	1	2	497	3	2	8	421	0	0	0
4.965	1	2	497	6	2	8	421	0	0	0
4.968	1	2	497	9	2	8	421	0	0	0
4.971	1	2	498	2	2	8	421	0	0	0
4.974	1	2	498	5	2	8	421	0	0	0
4.977	1	2	498	8	2	8	421	0	0	0
4.98	1	2	499	1	2	8	421	0	0	0
4.983	1	2	499	4	2	8	421	0	0	0
4.986	1	2	499	7	2	8	421	0	0	0
4.989	1	2	499	10	2	8	421	0	0	0
4.992	1	2	500	3	2	8	421	0	0	0
4.995	1	2	500	6	2	8	421	0	0	0
4.998	1	2	500	9	2	8	421	0	0	0
