% time	cellId	IMSI	frame	sframe	RNTI	mcsTb1	sizeTb1	mcsTb2	sizeTb2	ccId
0.021	1	3	3	2	1	0	81	0	0	0
0.024	1	3	3	5	1	0	81	0	0	0
0.029	1	3	3	10	1	2	133	0	0	0
0.033	1	3	4	4	1	2	133	0	0	0
0.036	1	3	4	7	1	2	133	0	0	0
0.04	1	3	5	1	1	2	133	0	0	0
0.043	1	3	5	4	1	2	133	0	0	0
0.046	1	3	5	7	1	2	133	0	0	0
0.049	1	3	5	10	1	2	133	0	0	0
0.053	1	3	6	4	1	2	133	0	0	0
0.056	1	3	6	7	1	2	133	0	0	0
0.06	1	3	7	1	1	2	133	0	0	0
0.063	1	3	7	4	1	2	133	0	0	0
0.067	1	3	7	8	1	2	133	0	0	0
0.07	1	3	8	1	1	2	133	0	0	0
0.073	1	3	8	4	1	2	133	0	0	0
0.076	1	3	8	7	1	2	133	0	0	0
0.08	1	3	9	1	1	2	133	0	0	0
0.083	1	3	9	4	1	2	133	0	0	0
0.087	1	3	9	8	1	2	133	0	0	0
0.09	1	3	10	1	1	2	133	0	0	0
0.094	1	3	10	5	1	2	133	0	0	0
0.097	1	3	10	8	1	2	133	0	0	0
0.1	1	3	11	1	1	2	133	0	0	0
0.103	1	3	11	4	1	2	133	0	0	0
0.106	1	3	11	7	1	2	133	0	0	0
0.11	1	3	12	1	1	2	133	0	0	0
0.113	1	3	12	4	1	2	133	0	0	0
0.117	1	3	12	8	1	2	133	0	0	0
0.12	1	3	13	1	1	2	133	0	0	0
0.124	1	3	13	5	1	2	133	0	0	0
0.127	1	3	13	8	1	2	133	0	0	0
0.13	1	3	14	1	1	2	133	0	0	0
0.133	1	3	14	4	1	2	133	0	0	0
0.137	1	3	14	8	1	2	133	0	0	0
0.14	1	3	15	1	1	2	133	0	0	0
0.144	1	3	15	5	1	2	133	0	0	0
0.147	1	3	15	8	1	2	133	0	0	0
0.151	1	3	16	2	1	2	133	0	0	0
0.154	1	3	16	5	1	2	133	0	0	0
0.157	1	3	16	8	1	2	133	0	0	0
0.16	1	3	17	1	1	2	133	0	0	0
0.164	1	3	17	5	1	2	133	0	0	0
0.167	1	3	17	8	1	2	133	0	0	0
0.171	1	3	18	2	1	2	133	0	0	0
0.174	1	3	18	5	1	2	133	0	0	0
0.178	1	3	18	9	1	2	133	0	0	0
0.181	1	3	19	2	1	2	133	0	0	0
0.184	1	3	19	5	1	2	133	0	0	0
0.187	1	3	19	8	1	2	133	0	0	0
0.19	1	3	20	1	1	2	133	0	0	0
0.194	1	3	20	5	1	2	133	0	0	0
0.198	1	3	20	9	1	2	133	0	0	0
0.201	1	3	21	2	1	2	133	0	0	0
0.204	1	3	21	5	1	2	133	0	0	0
0.208	1	3	21	9	1	2	133	0	0	0
0.211	1	3	22	2	1	2	133	0	0	0
0.214	1	3	22	5	1	2	133	0	0	0
0.217	1	3	22	8	1	2	133	0	0	0
0.221	1	3	23	2	1	2	133	0	0	0
0.224	1	3	23	5	1	2	133	0	0	0
0.228	1	3	23	9	1	2	133	0	0	0
0.231	1	3	24	2	1	2	133	0	0	0
0.235	1	3	24	6	1	2	133	0	0	0
0.238	1	3	24	9	1	2	133	0	0	0
0.241	1	3	25	2	1	2	133	0	0	0
0.244	1	3	25	5	1	2	133	0	0	0
0.248	1	3	25	9	1	2	133	0	0	0
0.251	1	3	26	2	1	2	133	0	0	0
0.255	1	3	26	6	1	2	133	0	0	0
0.258	1	3	26	9	1	2	133	0	0	0
0.262	1	3	27	3	1	2	133	0	0	0
0.265	1	3	27	6	1	2	133	0	0	0
0.268	1	3	27	9	1	2	133	0	0	0
0.271	1	3	28	2	1	2	133	0	0	0
0.274	1	3	28	5	1	2	133	0	0	0
0.278	1	3	28	9	1	2	133	0	0	0
0.282	1	3	29	3	1	2	133	0	0	0
0.285	1	3	29	6	1	2	133	0	0	0
0.288	1	3	29	9	1	2	133	0	0	0
0.292	1	3	30	3	1	2	133	0	0	0
0.295	1	3	30	6	1	2	133	0	0	0
0.298	1	3	30	9	1	2	133	0	0	0
0.301	1	3	31	2	1	2	133	0	0	0
0.305	1	3	31	6	1	2	133	0	0	0
0.308	1	3	31	9	1	2	133	0	0	0
0.312	1	3	32	3	1	2	133	0	0	0
0.315	1	3	32	6	1	2	133	0	0	0
0.319	1	3	32	10	1	2	133	0	0	0
0.322	1	3	33	3	1	2	133	0	0	0
0.325	1	3	33	6	1	2	133	0	0	0
0.328	1	3	33	9	1	2	133	0	0	0
0.332	1	3	34	3	1	2	133	0	0	0
0.335	1	3	34	6	1	2	133	0	0	0
0.339	1	3	34	10	1	2	133	0	0	0
0.342	1	3	35	3	1	2	133	0	0	0
0.346	1	3	35	7	1	2	133	0	0	0
0.349	1	3	35	10	1	2	133	0	0	0
0.352	1	3	36	3	1	2	133	0	0	0
0.355	1	3	36	6	1	2	133	0	0	0
0.358	1	3	36	9	1	2	133	0	0	0
0.362	1	3	37	3	1	2	133	0	0	0
0.366	1	3	37	7	1	2	133	0	0	0
0.369	1	3	37	10	1	2	133	0	0	0
0.372	1	3	38	3	1	2	133	0	0	0
0.376	1	3	38	7	1	2	133	0	0	0
0.379	1	3	38	10	1	2	133	0	0	0
0.382	1	3	39	3	1	2	133	0	0	0
0.385	1	3	39	6	1	2	133	0	0	0
0.389	1	3	39	10	1	2	133	0	0	0
0.393	1	3	40	4	1	2	133	0	0	0
0.396	1	3	40	7	1	2	133	0	0	0
0.399	1	3	40	10	1	2	133	0	0	0
0.403	1	3	41	4	1	2	133	0	0	0
0.406	1	3	41	7	1	2	133	0	0	0
0.409	1	3	41	10	1	2	133	0	0	0
0.412	1	3	42	3	1	2	133	0	0	0
0.416	1	3	42	7	1	2	133	0	0	0
0.419	1	3	42	10	1	2	133	0	0	0
0.423	1	3	43	4	1	2	133	0	0	0
0.426	1	3	43	7	1	2	133	0	0	0
0.43	1	3	44	1	1	2	133	0	0	0
0.433	1	3	44	4	1	2	133	0	0	0
0.436	1	3	44	7	1	2	133	0	0	0
0.439	1	3	44	10	1	2	133	0	0	0
0.442	1	3	45	3	1	2	133	0	0	0
0.446	1	3	45	7	1	2	133	0	0	0
0.45	1	3	46	1	1	2	133	0	0	0
0.453	1	3	46	4	1	2	133	0	0	0
0.456	1	3	46	7	1	2	133	0	0	0
0.46	1	3	47	1	1	2	133	0	0	0
0.463	1	3	47	4	1	2	133	0	0	0
0.466	1	3	47	7	1	2	133	0	0	0
0.469	1	3	47	10	1	2	133	0	0	0
0.473	1	3	48	4	1	2	133	0	0	0
0.477	1	3	48	8	1	2	133	0	0	0
0.48	1	3	49	1	1	2	133	0	0	0
0.483	1	3	49	4	1	2	133	0	0	0
0.487	1	3	49	8	1	2	133	0	0	0
0.49	1	3	50	1	1	2	133	0	0	0
0.493	1	3	50	4	1	2	133	0	0	0
0.496	1	3	50	7	1	2	133	0	0	0
0.5	1	3	51	1	1	2	133	0	0	0
0.504	1	3	51	5	1	2	133	0	0	0
0.507	1	3	51	8	1	2	133	0	0	0
0.51	1	3	52	1	1	2	133	0	0	0
0.514	1	3	52	5	1	2	133	0	0	0
0.517	1	3	52	8	1	2	133	0	0	0
0.52	1	3	53	1	1	2	133	0	0	0
0.523	1	3	53	4	1	2	133	0	0	0
0.527	1	3	53	8	1	2	133	0	0	0
0.53	1	3	54	1	1	2	133	0	0	0
0.534	1	3	54	5	1	2	133	0	0	0
0.537	1	3	54	8	1	2	133	0	0	0
0.54	1	3	55	1	1	2	133	0	0	0
0.544	1	3	55	5	1	2	133	0	0	0
0.547	1	3	55	8	1	2	133	0	0	0
0.55	1	3	56	1	1	2	133	0	0	0
0.553	1	3	56	4	1	2	133	0	0	0
0.557	1	3	56	8	1	2	133	0	0	0
0.561	1	3	57	2	1	2	133	0	0	0
0.564	1	3	57	5	1	2	133	0	0	0
0.567	1	3	57	8	1	2	133	0	0	0
0.571	1	3	58	2	1	2	133	0	0	0
0.574	1	3	58	5	1	2	133	0	0	0
0.577	1	3	58	8	1	2	133	0	0	0
0.58	1	3	59	1	1	2	133	0	0	0
0.584	1	3	59	5	1	2	133	0	0	0
0.588	1	3	59	9	1	2	133	0	0	0
0.591	1	3	60	2	1	2	133	0	0	0
0.594	1	3	60	5	1	2	133	0	0	0
0.598	1	3	60	9	1	2	133	0	0	0
0.601	1	3	61	2	1	2	133	0	0	0
0.604	1	3	61	5	1	2	133	0	0	0
0.607	1	3	61	8	1	2	133	0	0	0
0.611	1	3	62	2	1	2	133	0	0	0
0.615	1	3	62	6	1	2	133	0	0	0
0.618	1	3	62	9	1	2	133	0	0	0
0.621	1	3	63	2	1	2	133	0	0	0
0.625	1	3	63	6	1	2	133	0	0	0
0.628	1	3	63	9	1	2	133	0	0	0
0.631	1	3	64	2	1	2	133	0	0	0
0.634	1	3	64	5	1	2	133	0	0	0
0.637	1	3	64	8	1	2	133	0	0	0
0.641	1	3	65	2	1	2	133	0	0	0
0.645	1	3	65	6	1	2	133	0	0	0
0.648	1	3	65	9	1	2	133	0	0	0
0.651	1	3	66	2	1	2	133	0	0	0
0.655	1	3	66	6	1	2	133	0	0	0
0.658	1	3	66	9	1	2	133	0	0	0
0.661	1	3	67	2	1	2	133	0	0	0
0.664	1	3	67	5	1	2	133	0	0	0
0.668	1	3	67	9	1	2	133	0	0	0
0.672	1	3	68	3	1	2	133	0	0	0
0.675	1	3	68	6	1	2	133	0	0	0
0.678	1	3	68	9	1	2	133	0	0	0
0.682	1	3	69	3	1	2	133	0	0	0
0.685	1	3	69	6	1	2	133	0	0	0
0.688	1	3	69	9	1	2	133	0	0	0
0.691	1	3	70	2	1	2	133	0	0	0
0.695	1	3	70	6	1	2	133	0	0	0
0.699	1	3	70	10	1	2	133	0	0	0
0.702	1	3	71	3	1	2	133	0	0	0
0.705	1	3	71	6	1	2	133	0	0	0
0.709	1	3	71	10	1	2	133	0	0	0
0.712	1	3	72	3	1	2	133	0	0	0
0.715	1	3	72	6	1	2	133	0	0	0
0.718	1	3	72	9	1	2	133	0	0	0
0.721	1	3	73	2	1	2	133	0	0	0
0.726	1	3	73	7	1	2	133	0	0	0
0.729	1	3	73	10	1	2	133	0	0	0
0.732	1	3	74	3	1	2	133	0	0	0
0.735	1	3	74	6	1	2	133	0	0	0
0.739	1	3	74	10	1	2	133	0	0	0
0.742	1	3	75	3	1	2	133	0	0	0
0.745	1	3	75	6	1	2	133	0	0	0
0.748	1	3	75	9	1	2	133	0	0	0
0.752	1	3	76	3	1	2	133	0	0	0
0.756	1	3	76	7	1	2	133	0	0	0
0.759	1	3	76	10	1	2	133	0	0	0
0.762	1	3	77	3	1	2	133	0	0	0
0.766	1	3	77	7	1	2	133	0	0	0
0.769	1	3	77	10	1	2	133	0	0	0
0.772	1	3	78	3	1	2	133	0	0	0
0.775	1	3	78	6	1	2	133	0	0	0
0.779	1	3	78	10	1	2	133	0	0	0
0.783	1	3	79	4	1	2	133	0	0	0
0.786	1	3	79	7	1	2	133	0	0	0
0.789	1	3	79	10	1	2	133	0	0	0
0.793	1	3	80	4	1	2	133	0	0	0
0.796	1	3	80	7	1	2	133	0	0	0
0.799	1	3	80	10	1	2	133	0	0	0
0.802	1	3	81	3	1	2	133	0	0	0
0.805	1	3	81	6	1	2	133	0	0	0
0.81	1	3	82	1	1	2	133	0	0	0
0.813	1	3	82	4	1	2	133	0	0	0
0.816	1	3	82	7	1	2	133	0	0	0
0.819	1	3	82	10	1	2	133	0	0	0
0.823	1	3	83	4	1	2	133	0	0	0
0.826	1	3	83	7	1	2	133	0	0	0
0.829	1	3	83	10	1	2	133	0	0	0
0.832	1	3	84	3	1	2	133	0	0	0
0.837	1	3	84	8	1	2	133	0	0	0
0.84	1	3	85	1	1	2	133	0	0	0
0.843	1	3	85	4	1	2	133	0	0	0
0.846	1	3	85	7	1	2	133	0	0	0
0.85	1	3	86	1	1	2	133	0	0	0
0.853	1	3	86	4	1	2	133	0	0	0
0.856	1	3	86	7	1	2	133	0	0	0
0.859	1	3	86	10	1	2	133	0	0	0
0.863	1	3	87	4	1	2	133	0	0	0
0.867	1	3	87	8	1	2	133	0	0	0
0.87	1	3	88	1	1	2	133	0	0	0
0.873	1	3	88	4	1	2	133	0	0	0
0.877	1	3	88	8	1	2	133	0	0	0
0.88	1	3	89	1	1	2	133	0	0	0
0.883	1	3	89	4	1	2	133	0	0	0
0.886	1	3	89	7	1	2	133	0	0	0
0.889	1	3	89	10	1	2	133	0	0	0
0.894	1	3	90	5	1	2	133	0	0	0
0.897	1	3	90	8	1	2	133	0	0	0
0.9	1	3	91	1	1	2	133	0	0	0
0.903	1	3	91	4	1	2	133	0	0	0
0.907	1	3	91	8	1	2	133	0	0	0
0.91	1	3	92	1	1	2	133	0	0	0
0.913	1	3	92	4	1	2	133	0	0	0
0.916	1	3	92	7	1	2	133	0	0	0
0.921	1	3	93	2	1	2	133	0	0	0
0.924	1	3	93	5	1	2	133	0	0	0
0.927	1	3	93	8	1	2	133	0	0	0
0.93	1	3	94	1	1	2	133	0	0	0
0.934	1	3	94	5	1	2	133	0	0	0
0.937	1	3	94	8	1	2	133	0	0	0
0.94	1	3	95	1	1	2	133	0	0	0
0.943	1	3	95	4	1	2	133	0	0	0
0.948	1	3	95	9	1	2	133	0	0	0
0.951	1	3	96	2	1	2	133	0	0	0
0.954	1	3	96	5	1	2	133	0	0	0
0.957	1	3	96	8	1	2	133	0	0	0
0.961	1	3	97	2	1	2	133	0	0	0
0.964	1	3	97	5	1	2	133	0	0	0
0.967	1	3	97	8	1	2	133	0	0	0
0.97	1	3	98	1	1	2	133	0	0	0
0.974	1	3	98	5	1	2	133	0	0	0
0.978	1	3	98	9	1	2	133	0	0	0
0.981	1	3	99	2	1	2	133	0	0	0
0.984	1	3	99	5	1	2	133	0	0	0
0.987	1	3	99	8	1	2	133	0	0	0
0.991	1	3	100	2	1	2	133	0	0	0
0.994	1	3	100	5	1	2	133	0	0	0
0.997	1	3	100	8	1	2	133	0	0	0
1	1	3	101	1	1	2	133	0	0	0
1.005	1	3	101	6	1	2	133	0	0	0
1.008	1	3	101	9	1	2	133	0	0	0
1.011	1	3	102	2	1	2	133	0	0	0
1.014	1	3	102	5	1	2	133	0	0	0
1.018	1	3	102	9	1	2	133	0	0	0
1.021	1	3	103	2	1	2	133	0	0	0
1.024	1	3	103	5	1	2	133	0	0	0
1.027	1	3	103	8	1	2	133	0	0	0
1.032	1	3	104	3	1	2	133	0	0	0
1.035	1	3	104	6	1	2	133	0	0	0
1.038	1	3	104	9	1	2	133	0	0	0
1.041	1	3	105	2	1	2	133	0	0	0
1.045	1	3	105	6	1	2	133	0	0	0
1.048	1	3	105	9	1	2	133	0	0	0
1.051	1	3	106	2	1	2	133	0	0	0
1.054	1	3	106	5	1	2	133	0	0	0
1.059	1	3	106	10	1	2	133	0	0	0
1.062	1	3	107	3	1	2	133	0	0	0
1.065	1	3	107	6	1	2	133	0	0	0
1.068	1	3	107	9	1	2	133	0	0	0
1.072	1	3	108	3	1	2	133	0	0	0
1.075	1	3	108	6	1	2	133	0	0	0
1.078	1	3	108	9	1	2	133	0	0	0
1.081	1	3	109	2	1	2	133	0	0	0
1.084	1	3	109	5	1	2	133	0	0	0
1.089	1	3	109	10	1	2	133	0	0	0
1.092	1	3	110	3	1	2	133	0	0	0
1.095	1	3	110	6	1	2	133	0	0	0
1.098	1	3	110	9	1	2	133	0	0	0
1.102	1	3	111	3	1	2	133	0	0	0
1.105	1	3	111	6	1	2	133	0	0	0
1.108	1	3	111	9	1	2	133	0	0	0
1.111	1	3	112	2	1	2	133	0	0	0
1.116	1	3	112	7	1	2	133	0	0	0
1.119	1	3	112	10	1	2	133	0	0	0
1.122	1	3	113	3	1	2	133	0	0	0
1.125	1	3	113	6	1	2	133	0	0	0
1.129	1	3	113	10	1	2	133	0	0	0
1.132	1	3	114	3	1	2	133	0	0	0
1.135	1	3	114	6	1	2	133	0	0	0
1.138	1	3	114	9	1	2	133	0	0	0
1.143	1	3	115	4	1	2	133	0	0	0
1.146	1	3	115	7	1	2	133	0	0	0
1.149	1	3	115	10	1	2	133	0	0	0
1.152	1	3	116	3	1	2	133	0	0	0
1.156	1	3	116	7	1	2	133	0	0	0
1.159	1	3	116	10	1	2	133	0	0	0
1.162	1	3	117	3	1	2	133	0	0	0
1.165	1	3	117	6	1	2	133	0	0	0
1.169	1	3	117	10	1	2	133	0	0	0
1.173	1	3	118	4	1	2	133	0	0	0
1.176	1	3	118	7	1	2	133	0	0	0
1.179	1	3	118	10	1	2	133	0	0	0
1.182	1	3	119	3	1	2	133	0	0	0
1.186	1	3	119	7	1	2	133	0	0	0
1.189	1	3	119	10	1	2	133	0	0	0
1.192	1	3	120	3	1	2	133	0	0	0
1.195	1	3	120	6	1	2	133	0	0	0
1.2	1	3	121	1	1	2	133	0	0	0
1.203	1	3	121	4	1	2	133	0	0	0
1.206	1	3	121	7	1	2	133	0	0	0
1.209	1	3	121	10	1	2	133	0	0	0
1.213	1	3	122	4	1	2	133	0	0	0
1.216	1	3	122	7	1	2	133	0	0	0
1.219	1	3	122	10	1	2	133	0	0	0
1.222	1	3	123	3	1	2	133	0	0	0
1.227	1	3	123	8	1	2	133	0	0	0
1.23	1	3	124	1	1	2	133	0	0	0
1.233	1	3	124	4	1	2	133	0	0	0
1.236	1	3	124	7	1	2	133	0	0	0
1.24	1	3	125	1	1	2	133	0	0	0
1.243	1	3	125	4	1	2	133	0	0	0
1.246	1	3	125	7	1	2	133	0	0	0
1.249	1	3	125	10	1	2	133	0	0	0
1.253	1	3	126	4	1	2	133	0	0	0
1.257	1	3	126	8	1	2	133	0	0	0
1.26	1	3	127	1	1	2	133	0	0	0
1.263	1	3	127	4	1	2	133	0	0	0
1.266	1	3	127	7	1	2	133	0	0	0
1.27	1	3	128	1	1	2	133	0	0	0
1.273	1	3	128	4	1	2	133	0	0	0
1.276	1	3	128	7	1	2	133	0	0	0
1.28	1	3	129	1	1	2	133	0	0	0
1.284	1	3	129	5	1	2	133	0	0	0
1.287	1	3	129	8	1	2	133	0	0	0
1.29	1	3	130	1	1	2	133	0	0	0
1.293	1	3	130	4	1	2	133	0	0	0
1.297	1	3	130	8	1	2	133	0	0	0
1.3	1	3	131	1	1	2	133	0	0	0
1.303	1	3	131	4	1	2	133	0	0	0
1.306	1	3	131	7	1	2	133	0	0	0
1.311	1	3	132	2	1	2	133	0	0	0
1.314	1	3	132	5	1	2	133	0	0	0
1.317	1	3	132	8	1	2	133	0	0	0
1.32	1	3	133	1	1	2	133	0	0	0
1.324	1	3	133	5	1	2	133	0	0	0
1.327	1	3	133	8	1	2	133	0	0	0
1.33	1	3	134	1	1	2	133	0	0	0
1.333	1	3	134	4	1	2	133	0	0	0
1.337	1	3	134	8	1	2	133	0	0	0
1.341	1	3	135	2	1	2	133	0	0	0
1.344	1	3	135	5	1	2	133	0	0	0
1.347	1	3	135	8	1	2	133	0	0	0
1.35	1	3	136	1	1	2	133	0	0	0
1.354	1	3	136	5	1	2	133	0	0	0
1.357	1	3	136	8	1	2	133	0	0	0
1.36	1	3	137	1	1	2	133	0	0	0
1.364	1	3	137	5	1	2	133	0	0	0
1.368	1	3	137	9	1	2	133	0	0	0
1.371	1	3	138	2	1	2	133	0	0	0
1.374	1	3	138	5	1	2	133	0	0	0
1.377	1	3	138	8	1	2	133	0	0	0
1.381	1	3	139	2	1	2	133	0	0	0
1.384	1	3	139	5	1	2	133	0	0	0
1.387	1	3	139	8	1	2	133	0	0	0
1.391	1	3	140	2	1	2	133	0	0	0
1.395	1	3	140	6	1	2	133	0	0	0
1.398	1	3	140	9	1	2	133	0	0	0
1.401	1	3	141	2	1	2	133	0	0	0
1.404	1	3	141	5	1	2	133	0	0	0
1.408	1	3	141	9	1	2	133	0	0	0
1.411	1	3	142	2	1	2	133	0	0	0
1.414	1	3	142	5	1	2	133	0	0	0
1.417	1	3	142	8	1	2	133	0	0	0
1.422	1	3	143	3	1	2	133	0	0	0
1.425	1	3	143	6	1	2	133	0	0	0
1.428	1	3	143	9	1	2	133	0	0	0
1.431	1	3	144	2	1	2	133	0	0	0
1.434	1	3	144	5	1	2	133	0	0	0
1.438	1	3	144	9	1	2	133	0	0	0
1.441	1	3	145	2	1	2	133	0	0	0
1.444	1	3	145	5	1	2	133	0	0	0
1.448	1	3	145	9	1	2	133	0	0	0
1.452	1	3	146	3	1	2	133	0	0	0
1.455	1	3	146	6	1	2	133	0	0	0
1.458	1	3	146	9	1	2	133	0	0	0
1.461	1	3	147	2	1	2	133	0	0	0
1.465	1	3	147	6	1	2	133	0	0	0
1.468	1	3	147	9	1	2	133	0	0	0
1.471	1	3	148	2	1	2	133	0	0	0
1.475	1	3	148	6	1	2	133	0	0	0
1.479	1	3	148	10	1	2	133	0	0	0
1.482	1	3	149	3	1	2	133	0	0	0
1.485	1	3	149	6	1	2	133	0	0	0
1.488	1	3	149	9	1	2	133	0	0	0
1.492	1	3	150	3	1	2	133	0	0	0
1.495	1	3	150	6	1	2	133	0	0	0
1.498	1	3	150	9	1	2	133	0	0	0
1.501	1	3	151	2	1	2	133	0	0	0
1.506	1	3	151	7	1	2	133	0	0	0
1.509	1	3	151	10	1	2	133	0	0	0
1.512	1	3	152	3	1	2	133	0	0	0
1.515	1	3	152	6	1	2	133	0	0	0
1.519	1	3	152	10	1	2	133	0	0	0
1.522	1	3	153	3	1	2	133	0	0	0
1.525	1	3	153	6	1	2	133	0	0	0
1.528	1	3	153	9	1	2	133	0	0	0
1.532	1	3	154	3	1	2	133	0	0	0
1.536	1	3	154	7	1	2	133	0	0	0
1.539	1	3	154	10	1	2	133	0	0	0
1.542	1	3	155	3	1	2	133	0	0	0
1.545	1	3	155	6	1	2	133	0	0	0
1.549	1	3	155	10	1	2	133	0	0	0
1.552	1	3	156	3	1	2	133	0	0	0
1.555	1	3	156	6	1	2	133	0	0	0
1.559	1	3	156	10	1	2	133	0	0	0
1.563	1	3	157	4	1	2	133	0	0	0
1.566	1	3	157	7	1	2	133	0	0	0
1.569	1	3	157	10	1	2	133	0	0	0
1.572	1	3	158	3	1	2	133	0	0	0
1.576	1	3	158	7	1	2	133	0	0	0
1.579	1	3	158	10	1	2	133	0	0	0
1.582	1	3	159	3	1	2	133	0	0	0
1.586	1	3	159	7	1	2	133	0	0	0
1.59	1	3	160	1	1	2	133	0	0	0
1.593	1	3	160	4	1	2	133	0	0	0
1.596	1	3	160	7	1	2	133	0	0	0
1.599	1	3	160	10	1	2	133	0	0	0
1.603	1	3	161	4	1	2	133	0	0	0
1.606	1	3	161	7	1	2	133	0	0	0
1.609	1	3	161	10	1	2	133	0	0	0
1.613	1	3	162	4	1	2	133	0	0	0
1.616	1	3	162	7	1	2	133	0	0	0
1.62	1	3	163	1	1	2	133	0	0	0
1.623	1	3	163	4	1	2	133	0	0	0
1.626	1	3	163	7	1	2	133	0	0	0
1.629	1	3	163	10	1	2	133	0	0	0
1.633	1	3	164	4	1	2	133	0	0	0
1.636	1	3	164	7	1	2	133	0	0	0
1.639	1	3	164	10	1	2	133	0	0	0
1.643	1	3	165	4	1	2	133	0	0	0
1.647	1	3	165	8	1	2	133	0	0	0
1.65	1	3	166	1	1	2	133	0	0	0
1.653	1	3	166	4	1	2	133	0	0	0
1.656	1	3	166	7	1	2	133	0	0	0
1.66	1	3	167	1	1	2	133	0	0	0
1.663	1	3	167	4	1	2	133	0	0	0
1.666	1	3	167	7	1	2	133	0	0	0
1.67	1	3	168	1	1	2	133	0	0	0
1.674	1	3	168	5	1	2	133	0	0	0
1.677	1	3	168	8	1	2	133	0	0	0
1.68	1	3	169	1	1	2	133	0	0	0
1.683	1	3	169	4	1	2	133	0	0	0
1.687	1	3	169	8	1	2	133	0	0	0
1.69	1	3	170	1	1	2	133	0	0	0
1.693	1	3	170	4	1	2	133	0	0	0
1.697	1	3	170	8	1	2	133	0	0	0
1.7	1	3	171	1	1	2	133	0	0	0
1.704	1	3	171	5	1	2	133	0	0	0
1.707	1	3	171	8	1	2	133	0	0	0
1.71	1	3	172	1	1	2	133	0	0	0
1.713	1	3	172	4	1	2	133	0	0	0
1.717	1	3	172	8	1	2	133	0	0	0
1.72	1	3	173	1	1	2	133	0	0	0
1.723	1	3	173	4	1	2	133	0	0	0
1.727	1	3	173	8	1	2	133	0	0	0
1.731	1	3	174	2	1	2	133	0	0	0
1.734	1	3	174	5	1	2	133	0	0	0
1.737	1	3	174	8	1	2	133	0	0	0
1.74	1	3	175	1	1	2	133	0	0	0
1.744	1	3	175	5	1	2	133	0	0	0
1.747	1	3	175	8	1	2	133	0	0	0
1.75	1	3	176	1	1	2	133	0	0	0
1.754	1	3	176	5	1	2	133	0	0	0
1.758	1	3	176	9	1	2	133	0	0	0
1.761	1	3	177	2	1	2	133	0	0	0
1.764	1	3	177	5	1	2	133	0	0	0
1.767	1	3	177	8	1	2	133	0	0	0
1.771	1	3	178	2	1	2	133	0	0	0
1.774	1	3	178	5	1	2	133	0	0	0
1.777	1	3	178	8	1	2	133	0	0	0
1.781	1	3	179	2	1	2	133	0	0	0
1.784	1	3	179	5	1	2	133	0	0	0
1.788	1	3	179	9	1	2	133	0	0	0
1.791	1	3	180	2	1	2	133	0	0	0
1.794	1	3	180	5	1	2	133	0	0	0
1.797	1	3	180	8	1	2	133	0	0	0
1.801	1	3	181	2	1	2	133	0	0	0
1.804	1	3	181	5	1	2	133	0	0	0
1.808	1	3	181	9	1	2	133	0	0	0
1.811	1	3	182	2	1	2	133	0	0	0
1.815	1	3	182	6	1	2	133	0	0	0
1.818	1	3	182	9	1	2	133	0	0	0
1.821	1	3	183	2	1	2	133	0	0	0
1.824	1	3	183	5	1	2	133	0	0	0
1.828	1	3	183	9	1	2	133	0	0	0
1.831	1	3	184	2	1	2	133	0	0	0
1.834	1	3	184	5	1	2	133	0	0	0
1.838	1	3	184	9	1	2	133	0	0	0
1.842	1	3	185	3	1	2	133	0	0	0
1.845	1	3	185	6	1	2	133	0	0	0
1.848	1	3	185	9	1	2	133	0	0	0
1.851	1	3	186	2	1	2	133	0	0	0
1.855	1	3	186	6	1	2	133	0	0	0
1.858	1	3	186	9	1	2	133	0	0	0
1.861	1	3	187	2	1	2	133	0	0	0
1.865	1	3	187	6	1	2	133	0	0	0
1.869	1	3	187	10	1	2	133	0	0	0
1.872	1	3	188	3	1	2	133	0	0	0
1.875	1	3	188	6	1	2	133	0	0	0
1.878	1	3	188	9	1	2	133	0	0	0
1.881	1	3	189	2	1	2	133	0	0	0
1.885	1	3	189	6	1	2	133	0	0	0
1.888	1	3	189	9	1	2	133	0	0	0
1.892	1	3	190	3	1	2	133	0	0	0
1.895	1	3	190	6	1	2	133	0	0	0
1.899	1	3	190	10	1	2	133	0	0	0
1.902	1	3	191	3	1	2	133	0	0	0
1.905	1	3	191	6	1	2	133	0	0	0
1.908	1	3	191	9	1	2	133	0	0	0
1.912	1	3	192	3	1	2	133	0	0	0
1.915	1	3	192	6	1	2	133	0	0	0
1.919	1	3	192	10	1	2	133	0	0	0
1.922	1	3	193	3	1	2	133	0	0	0
1.926	1	3	193	7	1	2	133	0	0	0
1.929	1	3	193	10	1	2	133	0	0	0
1.932	1	3	194	3	1	2	133	0	0	0
1.935	1	3	194	6	1	2	133	0	0	0
1.939	1	3	194	10	1	2	133	0	0	0
1.942	1	3	195	3	1	2	133	0	0	0
1.945	1	3	195	6	1	2	133	0	0	0
1.949	1	3	195	10	1	2	133	0	0	0
1.953	1	3	196	4	1	2	133	0	0	0
1.956	1	3	196	7	1	2	133	0	0	0
1.959	1	3	196	10	1	2	133	0	0	0
1.962	1	3	197	3	1	2	133	0	0	0
1.965	1	3	197	6	1	2	133	0	0	0
1.969	1	3	197	10	1	2	133	0	0	0
1.972	1	3	198	3	1	2	133	0	0	0
1.976	1	3	198	7	1	2	133	0	0	0
1.979	1	3	198	10	1	2	133	0	0	0
1.983	1	3	199	4	1	2	133	0	0	0
1.986	1	3	199	7	1	2	133	0	0	0
1.989	1	3	199	10	1	2	133	0	0	0
1.992	1	3	200	3	1	2	133	0	0	0
1.996	1	3	200	7	1	2	133	0	0	0
1.999	1	3	200	10	1	2	133	0	0	0
2.003	1	3	201	4	1	2	133	0	0	0
2.006	1	3	201	7	1	2	133	0	0	0
2.01	1	3	202	1	1	2	133	0	0	0
2.013	1	3	202	4	1	2	133	0	0	0
2.016	1	3	202	7	1	2	133	0	0	0
2.019	1	3	202	10	1	2	133	0	0	0
2.023	1	3	203	4	1	2	133	0	0	0
2.026	1	3	203	7	1	2	133	0	0	0
2.03	1	3	204	1	1	2	133	0	0	0
2.033	1	3	204	4	1	2	133	0	0	0
2.037	1	3	204	8	1	2	133	0	0	0
2.04	1	3	205	1	1	2	133	0	0	0
2.043	1	3	205	4	1	2	133	0	0	0
2.046	1	3	205	7	1	2	133	0	0	0
2.05	1	3	206	1	1	2	133	0	0	0
2.053	1	3	206	4	1	2	133	0	0	0
2.056	1	3	206	7	1	2	133	0	0	0
2.06	1	3	207	1	1	2	133	0	0	0
2.063	1	3	207	4	1	2	133	0	0	0
2.067	1	3	207	8	1	2	133	0	0	0
2.07	1	3	208	1	1	2	133	0	0	0
2.073	1	3	208	4	1	2	133	0	0	0
2.076	1	3	208	7	1	2	133	0	0	0
2.08	1	3	209	1	1	2	133	0	0	0
2.083	1	3	209	4	1	2	133	0	0	0
2.087	1	3	209	8	1	2	133	0	0	0
2.09	1	3	210	1	1	2	133	0	0	0
2.094	1	3	210	5	1	2	133	0	0	0
2.097	1	3	210	8	1	2	133	0	0	0
2.1	1	3	211	1	1	2	133	0	0	0
2.103	1	3	211	4	1	2	133	0	0	0
2.107	1	3	211	8	1	2	133	0	0	0
2.11	1	3	212	1	1	2	133	0	0	0
2.114	1	3	212	5	1	2	133	0	0	0
2.117	1	3	212	8	1	2	133	0	0	0
2.121	1	3	213	2	1	2	133	0	0	0
2.124	1	3	213	5	1	2	133	0	0	0
2.127	1	3	213	8	1	2	133	0	0	0
2.13	1	3	214	1	1	2	133	0	0	0
2.134	1	3	214	5	1	2	133	0	0	0
2.137	1	3	214	8	1	2	133	0	0	0
2.141	1	3	215	2	1	2	133	0	0	0
2.144	1	3	215	5	1	2	133	0	0	0
2.147	1	3	215	8	1	2	133	0	0	0
2.151	1	3	216	2	1	2	133	0	0	0
2.154	1	3	216	5	1	2	133	0	0	0
2.157	1	3	216	8	1	2	133	0	0	0
2.16	1	3	217	1	1	2	133	0	0	0
2.164	1	3	217	5	1	2	133	0	0	0
2.167	1	3	217	8	1	2	133	0	0	0
2.171	1	3	218	2	1	2	133	0	0	0
2.174	1	3	218	5	1	2	133	0	0	0
2.178	1	3	218	9	1	2	133	0	0	0
2.181	1	3	219	2	1	2	133	0	0	0
2.184	1	3	219	5	1	2	133	0	0	0
2.187	1	3	219	8	1	2	133	0	0	0
2.191	1	3	220	2	1	2	133	0	0	0
2.194	1	3	220	5	1	2	133	0	0	0
2.198	1	3	220	9	1	2	133	0	0	0
2.201	1	3	221	2	1	2	133	0	0	0
2.205	1	3	221	6	1	2	133	0	0	0
2.208	1	3	221	9	1	2	133	0	0	0
2.211	1	3	222	2	1	2	133	0	0	0
2.214	1	3	222	5	1	2	133	0	0	0
2.218	1	3	222	9	1	2	133	0	0	0
2.221	1	3	223	2	1	2	133	0	0	0
2.225	1	3	223	6	1	2	133	0	0	0
2.228	1	3	223	9	1	2	133	0	0	0
2.232	1	3	224	3	1	2	133	0	0	0
2.235	1	3	224	6	1	2	133	0	0	0
2.238	1	3	224	9	1	2	133	0	0	0
2.241	1	3	225	2	1	2	133	0	0	0
2.244	1	3	225	5	1	2	133	0	0	0
2.248	1	3	225	9	1	2	133	0	0	0
2.252	1	3	226	3	1	2	133	0	0	0
2.255	1	3	226	6	1	2	133	0	0	0
2.258	1	3	226	9	1	2	133	0	0	0
2.262	1	3	227	3	1	2	133	0	0	0
2.265	1	3	227	6	1	2	133	0	0	0
2.268	1	3	227	9	1	2	133	0	0	0
2.271	1	3	228	2	1	2	133	0	0	0
2.275	1	3	228	6	1	2	133	0	0	0
2.278	1	3	228	9	1	2	133	0	0	0
2.282	1	3	229	3	1	2	133	0	0	0
2.285	1	3	229	6	1	2	133	0	0	0
2.289	1	3	229	10	1	2	133	0	0	0
2.292	1	3	230	3	1	2	133	0	0	0
2.295	1	3	230	6	1	2	133	0	0	0
2.298	1	3	230	9	1	2	133	0	0	0
2.302	1	3	231	3	1	2	133	0	0	0
2.305	1	3	231	6	1	2	133	0	0	0
2.309	1	3	231	10	1	2	133	0	0	0
2.312	1	3	232	3	1	2	133	0	0	0
2.316	1	3	232	7	1	2	133	0	0	0
2.319	1	3	232	10	1	2	133	0	0	0
2.322	1	3	233	3	1	2	133	0	0	0
2.325	1	3	233	6	1	2	133	0	0	0
2.328	1	3	233	9	1	2	133	0	0	0
2.332	1	3	234	3	1	2	133	0	0	0
2.336	1	3	234	7	1	2	133	0	0	0
2.339	1	3	234	10	1	2	133	0	0	0
2.342	1	3	235	3	1	2	133	0	0	0
2.346	1	3	235	7	1	2	133	0	0	0
2.349	1	3	235	10	1	2	133	0	0	0
2.352	1	3	236	3	1	2	133	0	0	0
2.355	1	3	236	6	1	2	133	0	0	0
2.359	1	3	236	10	1	2	133	0	0	0
2.363	1	3	237	4	1	2	133	0	0	0
2.366	1	3	237	7	1	2	133	0	0	0
2.369	1	3	237	10	1	2	133	0	0	0
2.373	1	3	238	4	1	2	133	0	0	0
2.376	1	3	238	7	1	2	133	0	0	0
2.379	1	3	238	10	1	2	133	0	0	0
2.382	1	3	239	3	1	2	133	0	0	0
2.386	1	3	239	7	1	2	133	0	0	0
2.389	1	3	239	10	1	2	133	0	0	0
2.393	1	3	240	4	1	2	133	0	0	0
2.396	1	3	240	7	1	2	133	0	0	0
2.4	1	3	241	1	1	2	133	0	0	0
2.403	1	3	241	4	1	2	133	0	0	0
2.406	1	3	241	7	1	2	133	0	0	0
2.409	1	3	241	10	1	2	133	0	0	0
2.412	1	3	242	3	1	2	133	0	0	0
2.416	1	3	242	7	1	2	133	0	0	0
2.42	1	3	243	1	1	2	133	0	0	0
2.423	1	3	243	4	1	2	133	0	0	0
2.426	1	3	243	7	1	2	133	0	0	0
2.43	1	3	244	1	1	2	133	0	0	0
2.433	1	3	244	4	1	2	133	0	0	0
2.436	1	3	244	7	1	2	133	0	0	0
2.439	1	3	244	10	1	2	133	0	0	0
2.443	1	3	245	4	1	2	133	0	0	0
2.447	1	3	245	8	1	2	133	0	0	0
2.45	1	3	246	1	1	2	133	0	0	0
2.453	1	3	246	4	1	2	133	0	0	0
2.457	1	3	246	8	1	2	133	0	0	0
2.46	1	3	247	1	1	2	133	0	0	0
2.463	1	3	247	4	1	2	133	0	0	0
2.466	1	3	247	7	1	2	133	0	0	0
2.47	1	3	248	1	1	2	133	0	0	0
2.474	1	3	248	5	1	2	133	0	0	0
2.477	1	3	248	8	1	2	133	0	0	0
2.48	1	3	249	1	1	2	133	0	0	0
2.484	1	3	249	5	1	2	133	0	0	0
2.487	1	3	249	8	1	2	133	0	0	0
2.49	1	3	250	1	1	2	133	0	0	0
2.493	1	3	250	4	1	2	133	0	0	0
2.497	1	3	250	8	1	2	133	0	0	0
2.5	1	3	251	1	1	2	133	0	0	0
2.504	1	3	251	5	1	2	133	0	0	0
2.507	1	3	251	8	1	2	133	0	0	0
2.51	1	3	252	1	1	2	133	0	0	0
2.514	1	3	252	5	1	2	133	0	0	0
2.517	1	3	252	8	1	2	133	0	0	0
2.52	1	3	253	1	1	2	133	0	0	0
2.523	1	3	253	4	1	2	133	0	0	0
2.527	1	3	253	8	1	2	133	0	0	0
2.531	1	3	254	2	1	2	133	0	0	0
2.534	1	3	254	5	1	2	133	0	0	0
2.537	1	3	254	8	1	2	133	0	0	0
2.541	1	3	255	2	1	2	133	0	0	0
2.544	1	3	255	5	1	2	133	0	0	0
2.547	1	3	255	8	1	2	133	0	0	0
2.55	1	3	256	1	1	2	133	0	0	0
2.554	1	3	256	5	1	2	133	0	0	0
2.558	1	3	256	9	1	2	133	0	0	0
2.561	1	3	257	2	1	2	133	0	0	0
2.564	1	3	257	5	1	2	133	0	0	0
2.568	1	3	257	9	1	2	133	0	0	0
2.571	1	3	258	2	1	2	133	0	0	0
2.574	1	3	258	5	1	2	133	0	0	0
2.577	1	3	258	8	1	2	133	0	0	0
2.581	1	3	259	2	1	2	133	0	0	0
2.585	1	3	259	6	1	2	133	0	0	0
2.588	1	3	259	9	1	2	133	0	0	0
2.591	1	3	260	2	1	2	133	0	0	0
2.595	1	3	260	6	1	2	133	0	0	0
2.598	1	3	260	9	1	2	133	0	0	0
2.601	1	3	261	2	1	2	133	0	0	0
2.604	1	3	261	5	1	2	133	0	0	0
2.607	1	3	261	8	1	2	133	0	0	0
2.611	1	3	262	2	1	2	133	0	0	0
2.615	1	3	262	6	1	2	133	0	0	0
2.618	1	3	262	9	1	2	133	0	0	0
2.621	1	3	263	2	1	2	133	0	0	0
2.625	1	3	263	6	1	2	133	0	0	0
2.628	1	3	263	9	1	2	133	0	0	0
2.631	1	3	264	2	1	2	133	0	0	0
2.634	1	3	264	5	1	2	133	0	0	0
2.638	1	3	264	9	1	2	133	0	0	0
2.642	1	3	265	3	1	2	133	0	0	0
2.645	1	3	265	6	1	2	133	0	0	0
2.648	1	3	265	9	1	2	133	0	0	0
2.652	1	3	266	3	1	2	133	0	0	0
2.655	1	3	266	6	1	2	133	0	0	0
2.658	1	3	266	9	1	2	133	0	0	0
2.661	1	3	267	2	1	2	133	0	0	0
2.665	1	3	267	6	1	2	133	0	0	0
2.669	1	3	267	10	1	2	133	0	0	0
2.672	1	3	268	3	1	2	133	0	0	0
2.675	1	3	268	6	1	2	133	0	0	0
2.679	1	3	268	10	1	2	133	0	0	0
2.682	1	3	269	3	1	2	133	0	0	0
2.685	1	3	269	6	1	2	133	0	0	0
2.688	1	3	269	9	1	2	133	0	0	0
2.691	1	3	270	2	1	2	133	0	0	0
2.696	1	3	270	7	1	2	133	0	0	0
2.699	1	3	270	10	1	2	133	0	0	0
2.702	1	3	271	3	1	2	133	0	0	0
2.705	1	3	271	6	1	2	133	0	0	0
2.709	1	3	271	10	1	2	133	0	0	0
2.712	1	3	272	3	1	2	133	0	0	0
2.715	1	3	272	6	1	2	133	0	0	0
2.718	1	3	272	9	1	2	133	0	0	0
2.722	1	3	273	3	1	2	133	0	0	0
2.726	1	3	273	7	1	2	133	0	0	0
2.729	1	3	273	10	1	2	133	0	0	0
2.732	1	3	274	3	1	2	133	0	0	0
2.736	1	3	274	7	1	2	133	0	0	0
2.739	1	3	274	10	1	2	133	0	0	0
2.742	1	3	275	3	1	2	133	0	0	0
2.745	1	3	275	6	1	2	133	0	0	0
2.749	1	3	275	10	1	2	133	0	0	0
2.753	1	3	276	4	1	2	133	0	0	0
2.756	1	3	276	7	1	2	133	0	0	0
2.759	1	3	276	10	1	2	133	0	0	0
2.763	1	3	277	4	1	2	133	0	0	0
2.766	1	3	277	7	1	2	133	0	0	0
2.769	1	3	277	10	1	2	133	0	0	0
2.772	1	3	278	3	1	2	133	0	0	0
2.775	1	3	278	6	1	2	133	0	0	0
2.78	1	3	279	1	1	2	133	0	0	0
2.783	1	3	279	4	1	2	133	0	0	0
2.786	1	3	279	7	1	2	133	0	0	0
2.789	1	3	279	10	1	2	133	0	0	0
2.793	1	3	280	4	1	2	133	0	0	0
2.796	1	3	280	7	1	2	133	0	0	0
2.799	1	3	280	10	1	2	133	0	0	0
2.802	1	3	281	3	1	2	133	0	0	0
2.807	1	3	281	8	1	2	133	0	0	0
2.81	1	3	282	1	1	2	133	0	0	0
2.813	1	3	282	4	1	2	133	0	0	0
2.816	1	3	282	7	1	2	133	0	0	0
2.82	1	3	283	1	1	2	133	0	0	0
2.823	1	3	283	4	1	2	133	0	0	0
2.826	1	3	283	7	1	2	133	0	0	0
2.829	1	3	283	10	1	2	133	0	0	0
2.833	1	3	284	4	1	2	133	0	0	0
2.837	1	3	284	8	1	2	133	0	0	0
2.84	1	3	285	1	1	2	133	0	0	0
2.843	1	3	285	4	1	2	133	0	0	0
2.847	1	3	285	8	1	2	133	0	0	0
2.85	1	3	286	1	1	2	133	0	0	0
2.853	1	3	286	4	1	2	133	0	0	0
2.856	1	3	286	7	1	2	133	0	0	0
2.859	1	3	286	10	1	2	133	0	0	0
2.864	1	3	287	5	1	2	133	0	0	0
2.867	1	3	287	8	1	2	133	0	0	0
2.87	1	3	288	1	1	2	133	0	0	0
2.873	1	3	288	4	1	2	133	0	0	0
2.877	1	3	288	8	1	2	133	0	0	0
2.88	1	3	289	1	1	2	133	0	0	0
2.883	1	3	289	4	1	2	133	0	0	0
2.886	1	3	289	7	1	2	133	0	0	0
2.891	1	3	290	2	1	2	133	0	0	0
2.894	1	3	290	5	1	2	133	0	0	0
2.897	1	3	290	8	1	2	133	0	0	0
2.9	1	3	291	1	1	2	133	0	0	0
2.904	1	3	291	5	1	2	133	0	0	0
2.907	1	3	291	8	1	2	133	0	0	0
2.91	1	3	292	1	1	2	133	0	0	0
2.913	1	3	292	4	1	2	133	0	0	0
2.918	1	3	292	9	1	2	133	0	0	0
2.921	1	3	293	2	1	2	133	0	0	0
2.924	1	3	293	5	1	2	133	0	0	0
2.927	1	3	293	8	1	2	133	0	0	0
2.931	1	3	294	2	1	2	133	0	0	0
2.934	1	3	294	5	1	2	133	0	0	0
2.937	1	3	294	8	1	2	133	0	0	0
2.94	1	3	295	1	1	2	133	0	0	0
2.944	1	3	295	5	1	2	133	0	0	0
2.948	1	3	295	9	1	2	133	0	0	0
2.951	1	3	296	2	1	2	133	0	0	0
2.954	1	3	296	5	1	2	133	0	0	0
2.957	1	3	296	8	1	2	133	0	0	0
2.961	1	3	297	2	1	2	133	0	0	0
2.964	1	3	297	5	1	2	133	0	0	0
2.967	1	3	297	8	1	2	133	0	0	0
2.97	1	3	298	1	1	2	133	0	0	0
2.975	1	3	298	6	1	2	133	0	0	0
2.978	1	3	298	9	1	2	133	0	0	0
2.981	1	3	299	2	1	2	133	0	0	0
2.984	1	3	299	5	1	2	133	0	0	0
2.988	1	3	299	9	1	2	133	0	0	0
2.991	1	3	300	2	1	2	133	0	0	0
2.994	1	3	300	5	1	2	133	0	0	0
2.997	1	3	300	8	1	2	133	0	0	0
3.002	1	3	301	3	1	2	133	0	0	0
3.005	1	3	301	6	1	2	133	0	0	0
3.008	1	3	301	9	1	2	133	0	0	0
3.011	1	3	302	2	1	2	133	0	0	0
3.015	1	3	302	6	1	2	133	0	0	0
3.018	1	3	302	9	1	2	133	0	0	0
3.021	1	3	303	2	1	2	133	0	0	0
3.024	1	3	303	5	1	2	133	0	0	0
3.029	1	3	303	10	1	2	133	0	0	0
3.032	1	3	304	3	1	2	133	0	0	0
3.035	1	3	304	6	1	2	133	0	0	0
3.038	1	3	304	9	1	2	133	0	0	0
3.042	1	3	305	3	1	2	133	0	0	0
3.045	1	3	305	6	1	2	133	0	0	0
3.048	1	3	305	9	1	2	133	0	0	0
3.051	1	3	306	2	1	2	133	0	0	0
3.054	1	3	306	5	1	2	133	0	0	0
3.059	1	3	306	10	1	2	133	0	0	0
3.062	1	3	307	3	1	2	133	0	0	0
3.065	1	3	307	6	1	2	133	0	0	0
3.068	1	3	307	9	1	2	133	0	0	0
3.072	1	3	308	3	1	2	133	0	0	0
3.075	1	3	308	6	1	2	133	0	0	0
3.078	1	3	308	9	1	2	133	0	0	0
3.081	1	3	309	2	1	2	133	0	0	0
3.086	1	3	309	7	1	2	133	0	0	0
3.089	1	3	309	10	1	2	133	0	0	0
3.092	1	3	310	3	1	2	133	0	0	0
3.095	1	3	310	6	1	2	133	0	0	0
3.099	1	3	310	10	1	2	133	0	0	0
3.102	1	3	311	3	1	2	133	0	0	0
3.105	1	3	311	6	1	2	133	0	0	0
3.108	1	3	311	9	1	2	133	0	0	0
3.113	1	3	312	4	1	2	133	0	0	0
3.116	1	3	312	7	1	2	133	0	0	0
3.119	1	3	312	10	1	2	133	0	0	0
3.122	1	3	313	3	1	2	133	0	0	0
3.126	1	3	313	7	1	2	133	0	0	0
3.129	1	3	313	10	1	2	133	0	0	0
3.132	1	3	314	3	1	2	133	0	0	0
3.135	1	3	314	6	1	2	133	0	0	0
3.139	1	3	314	10	1	2	133	0	0	0
3.143	1	3	315	4	1	2	133	0	0	0
3.146	1	3	315	7	1	2	133	0	0	0
3.149	1	3	315	10	1	2	133	0	0	0
3.152	1	3	316	3	1	2	133	0	0	0
3.156	1	3	316	7	1	2	133	0	0	0
3.159	1	3	316	10	1	2	133	0	0	0
3.162	1	3	317	3	1	2	133	0	0	0
3.165	1	3	317	6	1	2	133	0	0	0
3.17	1	3	318	1	1	2	133	0	0	0
3.173	1	3	318	4	1	2	133	0	0	0
3.176	1	3	318	7	1	2	133	0	0	0
3.179	1	3	318	10	1	2	133	0	0	0
3.183	1	3	319	4	1	2	133	0	0	0
3.186	1	3	319	7	1	2	133	0	0	0
3.189	1	3	319	10	1	2	133	0	0	0
3.192	1	3	320	3	1	2	133	0	0	0
3.197	1	3	320	8	1	2	133	0	0	0
3.2	1	3	321	1	1	2	133	0	0	0
3.203	1	3	321	4	1	2	133	0	0	0
3.206	1	3	321	7	1	2	133	0	0	0
3.21	1	3	322	1	1	2	133	0	0	0
3.213	1	3	322	4	1	2	133	0	0	0
3.216	1	3	322	7	1	2	133	0	0	0
3.219	1	3	322	10	1	2	133	0	0	0
3.223	1	3	323	4	1	2	133	0	0	0
3.227	1	3	323	8	1	2	133	0	0	0
3.23	1	3	324	1	1	2	133	0	0	0
3.233	1	3	324	4	1	2	133	0	0	0
3.236	1	3	324	7	1	2	133	0	0	0
3.24	1	3	325	1	1	2	133	0	0	0
3.243	1	3	325	4	1	2	133	0	0	0
3.246	1	3	325	7	1	2	133	0	0	0
3.25	1	3	326	1	1	2	133	0	0	0
3.254	1	3	326	5	1	2	133	0	0	0
3.257	1	3	326	8	1	2	133	0	0	0
3.26	1	3	327	1	1	2	133	0	0	0
3.263	1	3	327	4	1	2	133	0	0	0
3.267	1	3	327	8	1	2	133	0	0	0
3.27	1	3	328	1	1	2	133	0	0	0
3.273	1	3	328	4	1	2	133	0	0	0
3.276	1	3	328	7	1	2	133	0	0	0
3.281	1	3	329	2	1	2	133	0	0	0
3.284	1	3	329	5	1	2	133	0	0	0
3.287	1	3	329	8	1	2	133	0	0	0
3.29	1	3	330	1	1	2	133	0	0	0
3.294	1	3	330	5	1	2	133	0	0	0
3.297	1	3	330	8	1	2	133	0	0	0
3.3	1	3	331	1	1	2	133	0	0	0
3.303	1	3	331	4	1	2	133	0	0	0
3.307	1	3	331	8	1	2	133	0	0	0
3.311	1	3	332	2	1	2	133	0	0	0
3.314	1	3	332	5	1	2	133	0	0	0
3.317	1	3	332	8	1	2	133	0	0	0
3.32	1	3	333	1	1	2	133	0	0	0
3.324	1	3	333	5	1	2	133	0	0	0
3.327	1	3	333	8	1	2	133	0	0	0
3.33	1	3	334	1	1	2	133	0	0	0
3.334	1	3	334	5	1	2	133	0	0	0
3.338	1	3	334	9	1	2	133	0	0	0
3.341	1	3	335	2	1	2	133	0	0	0
3.344	1	3	335	5	1	2	133	0	0	0
3.347	1	3	335	8	1	2	133	0	0	0
3.351	1	3	336	2	1	2	133	0	0	0
3.354	1	3	336	5	1	2	133	0	0	0
3.357	1	3	336	8	1	2	133	0	0	0
3.361	1	3	337	2	1	2	133	0	0	0
3.365	1	3	337	6	1	2	133	0	0	0
3.368	1	3	337	9	1	2	133	0	0	0
3.371	1	3	338	2	1	2	133	0	0	0
3.374	1	3	338	5	1	2	133	0	0	0
3.378	1	3	338	9	1	2	133	0	0	0
3.381	1	3	339	2	1	2	133	0	0	0
3.384	1	3	339	5	1	2	133	0	0	0
3.387	1	3	339	8	1	2	133	0	0	0
3.392	1	3	340	3	1	2	133	0	0	0
3.395	1	3	340	6	1	2	133	0	0	0
3.398	1	3	340	9	1	2	133	0	0	0
3.401	1	3	341	2	1	2	133	0	0	0
3.404	1	3	341	5	1	2	133	0	0	0
3.408	1	3	341	9	1	2	133	0	0	0
3.411	1	3	342	2	1	2	133	0	0	0
3.414	1	3	342	5	1	2	133	0	0	0
3.418	1	3	342	9	1	2	133	0	0	0
3.422	1	3	343	3	1	2	133	0	0	0
3.425	1	3	343	6	1	2	133	0	0	0
3.428	1	3	343	9	1	2	133	0	0	0
3.431	1	3	344	2	1	2	133	0	0	0
3.435	1	3	344	6	1	2	133	0	0	0
3.438	1	3	344	9	1	2	133	0	0	0
3.441	1	3	345	2	1	2	133	0	0	0
3.445	1	3	345	6	1	2	133	0	0	0
3.449	1	3	345	10	1	2	133	0	0	0
3.452	1	3	346	3	1	2	133	0	0	0
3.455	1	3	346	6	1	2	133	0	0	0
3.458	1	3	346	9	1	2	133	0	0	0
3.462	1	3	347	3	1	2	133	0	0	0
3.465	1	3	347	6	1	2	133	0	0	0
3.468	1	3	347	9	1	2	133	0	0	0
3.471	1	3	348	2	1	2	133	0	0	0
3.476	1	3	348	7	1	2	133	0	0	0
3.479	1	3	348	10	1	2	133	0	0	0
3.482	1	3	349	3	1	2	133	0	0	0
3.485	1	3	349	6	1	2	133	0	0	0
3.489	1	3	349	10	1	2	133	0	0	0
3.492	1	3	350	3	1	2	133	0	0	0
3.495	1	3	350	6	1	2	133	0	0	0
3.498	1	3	350	9	1	2	133	0	0	0
3.502	1	3	351	3	1	2	133	0	0	0
3.506	1	3	351	7	1	2	133	0	0	0
3.509	1	3	351	10	1	2	133	0	0	0
3.512	1	3	352	3	1	2	133	0	0	0
3.515	1	3	352	6	1	2	133	0	0	0
3.519	1	3	352	10	1	2	133	0	0	0
3.522	1	3	353	3	1	2	133	0	0	0
3.525	1	3	353	6	1	2	133	0	0	0
3.529	1	3	353	10	1	2	133	0	0	0
3.533	1	3	354	4	1	2	133	0	0	0
3.536	1	3	354	7	1	2	133	0	0	0
3.539	1	3	354	10	1	2	133	0	0	0
3.542	1	3	355	3	1	2	133	0	0	0
3.546	1	3	355	7	1	2	133	0	0	0
3.549	1	3	355	10	1	2	133	0	0	0
3.552	1	3	356	3	1	2	133	0	0	0
3.556	1	3	356	7	1	2	133	0	0	0
3.56	1	3	357	1	1	2	133	0	0	0
3.563	1	3	357	4	1	2	133	0	0	0
3.566	1	3	357	7	1	2	133	0	0	0
3.569	1	3	357	10	1	2	133	0	0	0
3.573	1	3	358	4	1	2	133	0	0	0
3.576	1	3	358	7	1	2	133	0	0	0
3.579	1	3	358	10	1	2	133	0	0	0
3.583	1	3	359	4	1	2	133	0	0	0
3.586	1	3	359	7	1	2	133	0	0	0
3.59	1	3	360	1	1	2	133	0	0	0
3.593	1	3	360	4	1	2	133	0	0	0
3.596	1	3	360	7	1	2	133	0	0	0
3.599	1	3	360	10	1	2	133	0	0	0
3.603	1	3	361	4	1	2	133	0	0	0
3.606	1	3	361	7	1	2	133	0	0	0
3.609	1	3	361	10	1	2	133	0	0	0
3.613	1	3	362	4	1	2	133	0	0	0
3.617	1	3	362	8	1	2	133	0	0	0
3.62	1	3	363	1	1	2	133	0	0	0
3.623	1	3	363	4	1	2	133	0	0	0
3.626	1	3	363	7	1	2	133	0	0	0
3.63	1	3	364	1	1	2	133	0	0	0
3.633	1	3	364	4	1	2	133	0	0	0
3.636	1	3	364	7	1	2	133	0	0	0
3.64	1	3	365	1	1	2	133	0	0	0
3.644	1	3	365	5	1	2	133	0	0	0
3.647	1	3	365	8	1	2	133	0	0	0
3.65	1	3	366	1	1	2	133	0	0	0
3.653	1	3	366	4	1	2	133	0	0	0
3.657	1	3	366	8	1	2	133	0	0	0
3.66	1	3	367	1	1	2	133	0	0	0
3.663	1	3	367	4	1	2	133	0	0	0
3.667	1	3	367	8	1	2	133	0	0	0
3.67	1	3	368	1	1	2	133	0	0	0
3.674	1	3	368	5	1	2	133	0	0	0
3.677	1	3	368	8	1	2	133	0	0	0
3.68	1	3	369	1	1	2	133	0	0	0
3.683	1	3	369	4	1	2	133	0	0	0
3.687	1	3	369	8	1	2	133	0	0	0
3.69	1	3	370	1	1	2	133	0	0	0
3.693	1	3	370	4	1	2	133	0	0	0
3.697	1	3	370	8	1	2	133	0	0	0
3.701	1	3	371	2	1	2	133	0	0	0
3.704	1	3	371	5	1	2	133	0	0	0
3.707	1	3	371	8	1	2	133	0	0	0
3.71	1	3	372	1	1	2	133	0	0	0
3.714	1	3	372	5	1	2	133	0	0	0
3.717	1	3	372	8	1	2	133	0	0	0
3.72	1	3	373	1	1	2	133	0	0	0
3.724	1	3	373	5	1	2	133	0	0	0
3.728	1	3	373	9	1	2	133	0	0	0
3.731	1	3	374	2	1	2	133	0	0	0
3.734	1	3	374	5	1	2	133	0	0	0
3.737	1	3	374	8	1	2	133	0	0	0
3.741	1	3	375	2	1	2	133	0	0	0
3.744	1	3	375	5	1	2	133	0	0	0
3.747	1	3	375	8	1	2	133	0	0	0
3.751	1	3	376	2	1	2	133	0	0	0
3.754	1	3	376	5	1	2	133	0	0	0
3.758	1	3	376	9	1	2	133	0	0	0
3.761	1	3	377	2	1	2	133	0	0	0
3.764	1	3	377	5	1	2	133	0	0	0
3.767	1	3	377	8	1	2	133	0	0	0
3.771	1	3	378	2	1	2	133	0	0	0
3.774	1	3	378	5	1	2	133	0	0	0
3.778	1	3	378	9	1	2	133	0	0	0
3.781	1	3	379	2	1	2	133	0	0	0
3.785	1	3	379	6	1	2	133	0	0	0
3.788	1	3	379	9	1	2	133	0	0	0
3.791	1	3	380	2	1	2	133	0	0	0
3.794	1	3	380	5	1	2	133	0	0	0
3.798	1	3	380	9	1	2	133	0	0	0
3.801	1	3	381	2	1	2	133	0	0	0
3.804	1	3	381	5	1	2	133	0	0	0
3.808	1	3	381	9	1	2	133	0	0	0
3.812	1	3	382	3	1	2	133	0	0	0
3.815	1	3	382	6	1	2	133	0	0	0
3.818	1	3	382	9	1	2	133	0	0	0
3.821	1	3	383	2	1	2	133	0	0	0
3.825	1	3	383	6	1	2	133	0	0	0
3.828	1	3	383	9	1	2	133	0	0	0
3.831	1	3	384	2	1	2	133	0	0	0
3.835	1	3	384	6	1	2	133	0	0	0
3.839	1	3	384	10	1	2	133	0	0	0
3.842	1	3	385	3	1	2	133	0	0	0
3.845	1	3	385	6	1	2	133	0	0	0
3.848	1	3	385	9	1	2	133	0	0	0
3.851	1	3	386	2	1	2	133	0	0	0
3.855	1	3	386	6	1	2	133	0	0	0
3.858	1	3	386	9	1	2	133	0	0	0
3.862	1	3	387	3	1	2	133	0	0	0
3.865	1	3	387	6	1	2	133	0	0	0
3.869	1	3	387	10	1	2	133	0	0	0
3.872	1	3	388	3	1	2	133	0	0	0
3.875	1	3	388	6	1	2	133	0	0	0
3.878	1	3	388	9	1	2	133	0	0	0
3.882	1	3	389	3	1	2	133	0	0	0
3.885	1	3	389	6	1	2	133	0	0	0
3.889	1	3	389	10	1	2	133	0	0	0
3.892	1	3	390	3	1	2	133	0	0	0
3.896	1	3	390	7	1	2	133	0	0	0
3.899	1	3	390	10	1	2	133	0	0	0
3.902	1	3	391	3	1	2	133	0	0	0
3.905	1	3	391	6	1	2	133	0	0	0
3.909	1	3	391	10	1	2	133	0	0	0
3.912	1	3	392	3	1	2	133	0	0	0
3.915	1	3	392	6	1	2	133	0	0	0
3.919	1	3	392	10	1	2	133	0	0	0
3.923	1	3	393	4	1	2	133	0	0	0
3.926	1	3	393	7	1	2	133	0	0	0
3.929	1	3	393	10	1	2	133	0	0	0
3.932	1	3	394	3	1	2	133	0	0	0
3.935	1	3	394	6	1	2	133	0	0	0
3.939	1	3	394	10	1	2	133	0	0	0
3.942	1	3	395	3	1	2	133	0	0	0
3.946	1	3	395	7	1	2	133	0	0	0
3.949	1	3	395	10	1	2	133	0	0	0
3.953	1	3	396	4	1	2	133	0	0	0
3.956	1	3	396	7	1	2	133	0	0	0
3.959	1	3	396	10	1	2	133	0	0	0
3.962	1	3	397	3	1	2	133	0	0	0
3.966	1	3	397	7	1	2	133	0	0	0
3.969	1	3	397	10	1	2	133	0	0	0
3.973	1	3	398	4	1	2	133	0	0	0
3.976	1	3	398	7	1	2	133	0	0	0
3.98	1	3	399	1	1	2	133	0	0	0
3.983	1	3	399	4	1	2	133	0	0	0
3.986	1	3	399	7	1	2	133	0	0	0
3.989	1	3	399	10	1	2	133	0	0	0
3.993	1	3	400	4	1	2	133	0	0	0
3.996	1	3	400	7	1	2	133	0	0	0
4	1	3	401	1	1	2	133	0	0	0
4.003	1	3	401	4	1	2	133	0	0	0
4.007	1	3	401	8	1	2	133	0	0	0
4.01	1	3	402	1	1	2	133	0	0	0
4.013	1	3	402	4	1	2	133	0	0	0
4.016	1	3	402	7	1	2	133	0	0	0
4.02	1	3	403	1	1	2	133	0	0	0
4.023	1	3	403	4	1	2	133	0	0	0
4.026	1	3	403	7	1	2	133	0	0	0
4.03	1	3	404	1	1	2	133	0	0	0
4.033	1	3	404	4	1	2	133	0	0	0
4.037	1	3	404	8	1	2	133	0	0	0
4.04	1	3	405	1	1	2	133	0	0	0
4.043	1	3	405	4	1	2	133	0	0	0
4.046	1	3	405	7	1	2	133	0	0	0
4.05	1	3	406	1	1	2	133	0	0	0
4.053	1	3	406	4	1	2	133	0	0	0
4.057	1	3	406	8	1	2	133	0	0	0
4.06	1	3	407	1	1	2	133	0	0	0
4.064	1	3	407	5	1	2	133	0	0	0
4.067	1	3	407	8	1	2	133	0	0	0
4.07	1	3	408	1	1	2	133	0	0	0
4.073	1	3	408	4	1	2	133	0	0	0
4.077	1	3	408	8	1	2	133	0	0	0
4.08	1	3	409	1	1	2	133	0	0	0
4.084	1	3	409	5	1	2	133	0	0	0
4.087	1	3	409	8	1	2	133	0	0	0
4.091	1	3	410	2	1	2	133	0	0	0
4.094	1	3	410	5	1	2	133	0	0	0
4.097	1	3	410	8	1	2	133	0	0	0
4.1	1	3	411	1	1	2	133	0	0	0
4.104	1	3	411	5	1	2	133	0	0	0
4.107	1	3	411	8	1	2	133	0	0	0
4.111	1	3	412	2	1	2	133	0	0	0
4.114	1	3	412	5	1	2	133	0	0	0
4.117	1	3	412	8	1	2	133	0	0	0
4.121	1	3	413	2	1	2	133	0	0	0
4.124	1	3	413	5	1	2	133	0	0	0
4.127	1	3	413	8	1	2	133	0	0	0
4.13	1	3	414	1	1	2	133	0	0	0
4.134	1	3	414	5	1	2	133	0	0	0
4.137	1	3	414	8	1	2	133	0	0	0
4.141	1	3	415	2	1	2	133	0	0	0
4.144	1	3	415	5	1	2	133	0	0	0
4.148	1	3	415	9	1	2	133	0	0	0
4.151	1	3	416	2	1	2	133	0	0	0
4.154	1	3	416	5	1	2	133	0	0	0
4.157	1	3	416	8	1	2	133	0	0	0
4.161	1	3	417	2	1	2	133	0	0	0
4.164	1	3	417	5	1	2	133	0	0	0
4.168	1	3	417	9	1	2	133	0	0	0
4.171	1	3	418	2	1	2	133	0	0	0
4.175	1	3	418	6	1	2	133	0	0	0
4.178	1	3	418	9	1	2	133	0	0	0
4.181	1	3	419	2	1	2	133	0	0	0
4.184	1	3	419	5	1	2	133	0	0	0
4.188	1	3	419	9	1	2	133	0	0	0
4.191	1	3	420	2	1	2	133	0	0	0
4.195	1	3	420	6	1	2	133	0	0	0
4.198	1	3	420	9	1	2	133	0	0	0
4.202	1	3	421	3	1	2	133	0	0	0
4.205	1	3	421	6	1	2	133	0	0	0
4.208	1	3	421	9	1	2	133	0	0	0
4.211	1	3	422	2	1	2	133	0	0	0
4.214	1	3	422	5	1	2	133	0	0	0
4.218	1	3	422	9	1	2	133	0	0	0
4.222	1	3	423	3	1	2	133	0	0	0
4.225	1	3	423	6	1	2	133	0	0	0
4.228	1	3	423	9	1	2	133	0	0	0
4.232	1	3	424	3	1	2	133	0	0	0
4.235	1	3	424	6	1	2	133	0	0	0
4.238	1	3	424	9	1	2	133	0	0	0
4.241	1	3	425	2	1	2	133	0	0	0
4.245	1	3	425	6	1	2	133	0	0	0
4.248	1	3	425	9	1	2	133	0	0	0
4.252	1	3	426	3	1	2	133	0	0	0
4.255	1	3	426	6	1	2	133	0	0	0
4.259	1	3	426	10	1	2	133	0	0	0
4.262	1	3	427	3	1	2	133	0	0	0
4.265	1	3	427	6	1	2	133	0	0	0
4.268	1	3	427	9	1	2	133	0	0	0
4.272	1	3	428	3	1	2	133	0	0	0
4.275	1	3	428	6	1	2	133	0	0	0
4.279	1	3	428	10	1	2	133	0	0	0
4.282	1	3	429	3	1	2	133	0	0	0
4.286	1	3	429	7	1	2	133	0	0	0
4.289	1	3	429	10	1	2	133	0	0	0
4.292	1	3	430	3	1	2	133	0	0	0
4.295	1	3	430	6	1	2	133	0	0	0
4.298	1	3	430	9	1	2	133	0	0	0
4.302	1	3	431	3	1	2	133	0	0	0
4.306	1	3	431	7	1	2	133	0	0	0
4.309	1	3	431	10	1	2	133	0	0	0
4.312	1	3	432	3	1	2	133	0	0	0
4.316	1	3	432	7	1	2	133	0	0	0
4.319	1	3	432	10	1	2	133	0	0	0
4.322	1	3	433	3	1	2	133	0	0	0
4.325	1	3	433	6	1	2	133	0	0	0
4.329	1	3	433	10	1	2	133	0	0	0
4.333	1	3	434	4	1	2	133	0	0	0
4.336	1	3	434	7	1	2	133	0	0	0
4.339	1	3	434	10	1	2	133	0	0	0
4.343	1	3	435	4	1	2	133	0	0	0
4.346	1	3	435	7	1	2	133	0	0	0
4.349	1	3	435	10	1	2	133	0	0	0
4.352	1	3	436	3	1	2	133	0	0	0
4.356	1	3	436	7	1	2	133	0	0	0
4.359	1	3	436	10	1	2	133	0	0	0
4.363	1	3	437	4	1	2	133	0	0	0
4.366	1	3	437	7	1	2	133	0	0	0
4.37	1	3	438	1	1	2	133	0	0	0
4.373	1	3	438	4	1	2	133	0	0	0
4.376	1	3	438	7	1	2	133	0	0	0
4.379	1	3	438	10	1	2	133	0	0	0
4.382	1	3	439	3	1	2	133	0	0	0
4.386	1	3	439	7	1	2	133	0	0	0
4.39	1	3	440	1	1	2	133	0	0	0
4.393	1	3	440	4	1	2	133	0	0	0
4.396	1	3	440	7	1	2	133	0	0	0
4.4	1	3	441	1	1	2	133	0	0	0
4.403	1	3	441	4	1	2	133	0	0	0
4.406	1	3	441	7	1	2	133	0	0	0
4.409	1	3	441	10	1	2	133	0	0	0
4.413	1	3	442	4	1	2	133	0	0	0
4.417	1	3	442	8	1	2	133	0	0	0
4.42	1	3	443	1	1	2	133	0	0	0
4.423	1	3	443	4	1	2	133	0	0	0
4.427	1	3	443	8	1	2	133	0	0	0
4.43	1	3	444	1	1	2	133	0	0	0
4.433	1	3	444	4	1	2	133	0	0	0
4.436	1	3	444	7	1	2	133	0	0	0
4.44	1	3	445	1	1	2	133	0	0	0
4.444	1	3	445	5	1	2	133	0	0	0
4.447	1	3	445	8	1	2	133	0	0	0
4.45	1	3	446	1	1	2	133	0	0	0
4.454	1	3	446	5	1	2	133	0	0	0
4.457	1	3	446	8	1	2	133	0	0	0
4.46	1	3	447	1	1	2	133	0	0	0
4.463	1	3	447	4	1	2	133	0	0	0
4.467	1	3	447	8	1	2	133	0	0	0
4.47	1	3	448	1	1	2	133	0	0	0
4.474	1	3	448	5	1	2	133	0	0	0
4.477	1	3	448	8	1	2	133	0	0	0
4.48	1	3	449	1	1	2	133	0	0	0
4.484	1	3	449	5	1	2	133	0	0	0
4.487	1	3	449	8	1	2	133	0	0	0
4.49	1	3	450	1	1	2	133	0	0	0
4.493	1	3	450	4	1	2	133	0	0	0
4.497	1	3	450	8	1	2	133	0	0	0
4.501	1	3	451	2	1	2	133	0	0	0
4.504	1	3	451	5	1	2	133	0	0	0
4.507	1	3	451	8	1	2	133	0	0	0
4.511	1	3	452	2	1	2	133	0	0	0
4.514	1	3	452	5	1	2	133	0	0	0
4.517	1	3	452	8	1	2	133	0	0	0
4.52	1	3	453	1	1	2	133	0	0	0
4.524	1	3	453	5	1	2	133	0	0	0
4.528	1	3	453	9	1	2	133	0	0	0
4.531	1	3	454	2	1	2	133	0	0	0
4.534	1	3	454	5	1	2	133	0	0	0
4.538	1	3	454	9	1	2	133	0	0	0
4.541	1	3	455	2	1	2	133	0	0	0
4.544	1	3	455	5	1	2	133	0	0	0
4.547	1	3	455	8	1	2	133	0	0	0
4.551	1	3	456	2	1	2	133	0	0	0
4.555	1	3	456	6	1	2	133	0	0	0
4.558	1	3	456	9	1	2	133	0	0	0
4.561	1	3	457	2	1	2	133	0	0	0
4.565	1	3	457	6	1	2	133	0	0	0
4.568	1	3	457	9	1	2	133	0	0	0
4.571	1	3	458	2	1	2	133	0	0	0
4.574	1	3	458	5	1	2	133	0	0	0
4.577	1	3	458	8	1	2	133	0	0	0
4.581	1	3	459	2	1	2	133	0	0	0
4.585	1	3	459	6	1	2	133	0	0	0
4.588	1	3	459	9	1	2	133	0	0	0
4.591	1	3	460	2	1	2	133	0	0	0
4.595	1	3	460	6	1	2	133	0	0	0
4.598	1	3	460	9	1	2	133	0	0	0
4.601	1	3	461	2	1	2	133	0	0	0
4.604	1	3	461	5	1	2	133	0	0	0
4.608	1	3	461	9	1	2	133	0	0	0
4.612	1	3	462	3	1	2	133	0	0	0
4.615	1	3	462	6	1	2	133	0	0	0
4.618	1	3	462	9	1	2	133	0	0	0
4.622	1	3	463	3	1	2	133	0	0	0
4.625	1	3	463	6	1	2	133	0	0	0
4.628	1	3	463	9	1	2	133	0	0	0
4.631	1	3	464	2	1	2	133	0	0	0
4.635	1	3	464	6	1	2	133	0	0	0
4.639	1	3	464	10	1	2	133	0	0	0
4.642	1	3	465	3	1	2	133	0	0	0
4.645	1	3	465	6	1	2	133	0	0	0
4.649	1	3	465	10	1	2	133	0	0	0
4.652	1	3	466	3	1	2	133	0	0	0
4.655	1	3	466	6	1	2	133	0	0	0
4.658	1	3	466	9	1	2	133	0	0	0
4.661	1	3	467	2	1	2	133	0	0	0
4.666	1	3	467	7	1	2	133	0	0	0
4.669	1	3	467	10	1	2	133	0	0	0
4.672	1	3	468	3	1	2	133	0	0	0
4.675	1	3	468	6	1	2	133	0	0	0
4.679	1	3	468	10	1	2	133	0	0	0
4.682	1	3	469	3	1	2	133	0	0	0
4.685	1	3	469	6	1	2	133	0	0	0
4.688	1	3	469	9	1	2	133	0	0	0
4.692	1	3	470	3	1	2	133	0	0	0
4.696	1	3	470	7	1	2	133	0	0	0
4.699	1	3	470	10	1	2	133	0	0	0
4.702	1	3	471	3	1	2	133	0	0	0
4.706	1	3	471	7	1	2	133	0	0	0
4.709	1	3	471	10	1	2	133	0	0	0
4.712	1	3	472	3	1	2	133	0	0	0
4.715	1	3	472	6	1	2	133	0	0	0
4.719	1	3	472	10	1	2	133	0	0	0
4.723	1	3	473	4	1	2	133	0	0	0
4.726	1	3	473	7	1	2	133	0	0	0
4.729	1	3	473	10	1	2	133	0	0	0
4.733	1	3	474	4	1	2	133	0	0	0
4.736	1	3	474	7	1	2	133	0	0	0
4.739	1	3	474	10	1	2	133	0	0	0
4.742	1	3	475	3	1	2	133	0	0	0
4.745	1	3	475	6	1	2	133	0	0	0
4.75	1	3	476	1	1	2	133	0	0	0
4.753	1	3	476	4	1	2	133	0	0	0
4.756	1	3	476	7	1	2	133	0	0	0
4.759	1	3	476	10	1	2	133	0	0	0
4.763	1	3	477	4	1	2	133	0	0	0
4.766	1	3	477	7	1	2	133	0	0	0
4.769	1	3	477	10	1	2	133	0	0	0
4.772	1	3	478	3	1	2	133	0	0	0
4.777	1	3	478	8	1	2	133	0	0	0
4.78	1	3	479	1	1	2	133	0	0	0
4.783	1	3	479	4	1	2	133	0	0	0
4.786	1	3	479	7	1	2	133	0	0	0
4.79	1	3	480	1	1	2	133	0	0	0
4.793	1	3	480	4	1	2	133	0	0	0
4.796	1	3	480	7	1	2	133	0	0	0
4.799	1	3	480	10	1	2	133	0	0	0
4.803	1	3	481	4	1	2	133	0	0	0
4.807	1	3	481	8	1	2	133	0	0	0
4.81	1	3	482	1	1	2	133	0	0	0
4.813	1	3	482	4	1	2	133	0	0	0
4.817	1	3	482	8	1	2	133	0	0	0
4.82	1	3	483	1	1	2	133	0	0	0
4.823	1	3	483	4	1	2	133	0	0	0
4.826	1	3	483	7	1	2	133	0	0	0
4.829	1	3	483	10	1	2	133	0	0	0
4.834	1	3	484	5	1	2	133	0	0	0
4.837	1	3	484	8	1	2	133	0	0	0
4.84	1	3	485	1	1	2	133	0	0	0
4.843	1	3	485	4	1	2	133	0	0	0
4.847	1	3	485	8	1	2	133	0	0	0
4.85	1	3	486	1	1	2	133	0	0	0
4.853	1	3	486	4	1	2	133	0	0	0
4.856	1	3	486	7	1	2	133	0	0	0
4.861	1	3	487	2	1	2	133	0	0	0
4.864	1	3	487	5	1	2	133	0	0	0
4.867	1	3	487	8	1	2	133	0	0	0
4.87	1	3	488	1	1	2	133	0	0	0
4.874	1	3	488	5	1	2	133	0	0	0
4.877	1	3	488	8	1	2	133	0	0	0
4.88	1	3	489	1	1	2	133	0	0	0
4.883	1	3	489	4	1	2	133	0	0	0
4.888	1	3	489	9	1	2	133	0	0	0
4.891	1	3	490	2	1	2	133	0	0	0
4.894	1	3	490	5	1	2	133	0	0	0
4.897	1	3	490	8	1	2	133	0	0	0
4.901	1	3	491	2	1	2	133	0	0	0
4.904	1	3	491	5	1	2	133	0	0	0
4.907	1	3	491	8	1	2	133	0	0	0
4.91	1	3	492	1	1	2	133	0	0	0
4.914	1	3	492	5	1	2	133	0	0	0
4.918	1	3	492	9	1	2	133	0	0	0
4.921	1	3	493	2	1	2	133	0	0	0
4.924	1	3	493	5	1	2	133	0	0	0
4.927	1	3	493	8	1	2	133	0	0	0
4.931	1	3	494	2	1	2	133	0	0	0
4.934	1	3	494	5	1	2	133	0	0	0
4.937	1	3	494	8	1	2	133	0	0	0
4.94	1	3	495	1	1	2	133	0	0	0
4.945	1	3	495	6	1	2	133	0	0	0
4.948	1	3	495	9	1	2	133	0	0	0
4.951	1	3	496	2	1	2	133	0	0	0
4.954	1	3	496	5	1	2	133	0	0	0
4.958	1	3	496	9	1	2	133	0	0	0
4.961	1	3	497	2	1	2	133	0	0	0
4.964	1	3	497	5	1	2	133	0	0	0
4.967	1	3	497	8	1	2	133	0	0	0
4.972	1	3	498	3	1	2	133	0	0	0
4.975	1	3	498	6	1	2	133	0	0	0
4.978	1	3	498	9	1	2	133	0	0	0
4.981	1	3	499	2	1	2	133	0	0	0
4.985	1	3	499	6	1	2	133	0	0	0
4.988	1	3	499	9	1	2	133	0	0	0
4.991	1	3	500	2	1	2	133	0	0	0
4.994	1	3	500	5	1	2	133	0	0	0
4.999	1	3	500	10	1	2	133	0	0	0
