% time	cellId	IMSI	frame	sframe	RNTI	mcsTb1	sizeTb1	mcsTb2	sizeTb2	ccId
4	1	1	401	1	3	28	749	0	0	0
4.001	1	1	401	2	3	28	749	0	0	0
4.002	1	1	401	3	3	28	749	0	0	0
4.003	1	1	401	4	3	28	749	0	0	0
4.004	1	1	401	5	3	28	749	0	0	0
4.005	1	1	401	6	3	28	749	0	0	0
4.006	1	1	401	7	3	28	749	0	0	0
4.007	1	1	401	8	3	28	749	0	0	0
4.008	1	1	401	9	3	28	749	0	0	0
4.009	1	1	401	10	3	28	749	0	0	0
4.01	1	1	402	1	3	28	749	0	0	0
4.011	1	1	402	2	3	28	749	0	0	0
4.012	1	1	402	3	3	28	749	0	0	0
4.013	1	1	402	4	3	28	749	0	0	0
4.014	1	1	402	5	3	28	749	0	0	0
4.015	1	1	402	6	3	28	749	0	0	0
4.016	1	1	402	7	3	28	749	0	0	0
4.017	1	1	402	8	3	28	749	0	0	0
4.018	1	1	402	9	3	28	749	0	0	0
4.019	1	1	402	10	3	28	749	0	0	0
4.02	1	1	403	1	3	28	749	0	0	0
4.021	1	1	403	2	3	28	749	0	0	0
4.022	1	1	403	3	3	28	749	0	0	0
4.023	1	1	403	4	3	28	749	0	0	0
4.024	1	1	403	5	3	28	749	0	0	0
4.025	1	1	403	6	3	28	749	0	0	0
4.026	1	1	403	7	3	28	749	0	0	0
4.027	1	1	403	8	3	28	749	0	0	0
4.028	1	1	403	9	3	28	749	0	0	0
4.029	1	1	403	10	3	28	749	0	0	0
4.03	1	1	404	1	3	28	749	0	0	0
4.031	1	1	404	2	3	28	749	0	0	0
4.032	1	1	404	3	3	28	749	0	0	0
4.033	1	1	404	4	3	28	749	0	0	0
4.034	1	1	404	5	3	28	749	0	0	0
4.035	1	1	404	6	3	28	749	0	0	0
4.036	1	1	404	7	3	28	749	0	0	0
4.037	1	1	404	8	3	28	749	0	0	0
4.038	1	1	404	9	3	28	749	0	0	0
4.039	1	1	404	10	3	28	749	0	0	0
4.04	1	1	405	1	3	28	749	0	0	0
4.041	1	1	405	2	3	28	749	0	0	0
4.042	1	1	405	3	3	28	749	0	0	0
4.043	1	1	405	4	3	28	749	0	0	0
4.044	1	1	405	5	3	28	749	0	0	0
4.045	1	1	405	6	3	28	749	0	0	0
4.046	1	1	405	7	3	28	749	0	0	0
4.047	1	1	405	8	3	28	749	0	0	0
4.048	1	1	405	9	3	28	749	0	0	0
4.049	1	1	405	10	3	28	749	0	0	0
4.05	1	1	406	1	3	28	749	0	0	0
4.051	1	1	406	2	3	28	749	0	0	0
4.052	1	1	406	3	3	28	749	0	0	0
4.053	1	1	406	4	3	28	749	0	0	0
4.054	1	1	406	5	3	28	749	0	0	0
4.055	1	1	406	6	3	28	749	0	0	0
4.056	1	1	406	7	3	28	749	0	0	0
4.057	1	1	406	8	3	28	749	0	0	0
4.058	1	1	406	9	3	28	749	0	0	0
4.059	1	1	406	10	3	28	749	0	0	0
4.06	1	1	407	1	3	28	749	0	0	0
4.061	1	1	407	2	3	28	749	0	0	0
4.062	1	1	407	3	3	28	749	0	0	0
4.063	1	1	407	4	3	28	749	0	0	0
4.064	1	1	407	5	3	28	749	0	0	0
4.065	1	1	407	6	3	28	749	0	0	0
4.066	1	1	407	7	3	28	749	0	0	0
4.067	1	1	407	8	3	28	749	0	0	0
4.068	1	1	407	9	3	28	749	0	0	0
4.069	1	1	407	10	3	28	749	0	0	0
4.07	1	1	408	1	3	28	749	0	0	0
4.071	1	1	408	2	3	28	749	0	0	0
4.072	1	1	408	3	3	28	749	0	0	0
4.073	1	1	408	4	3	28	749	0	0	0
4.074	1	1	408	5	3	28	749	0	0	0
4.075	1	1	408	6	3	28	749	0	0	0
4.076	1	1	408	7	3	28	749	0	0	0
4.077	1	1	408	8	3	28	749	0	0	0
4.078	1	1	408	9	3	28	749	0	0	0
4.079	1	1	408	10	3	28	749	0	0	0
4.08	1	1	409	1	3	28	749	0	0	0
4.081	1	1	409	2	3	28	749	0	0	0
4.082	1	1	409	3	3	28	749	0	0	0
4.083	1	1	409	4	3	28	749	0	0	0
4.084	1	1	409	5	3	28	749	0	0	0
4.085	1	1	409	6	3	28	749	0	0	0
4.086	1	1	409	7	3	28	749	0	0	0
4.087	1	1	409	8	3	28	749	0	0	0
4.088	1	1	409	9	3	28	749	0	0	0
4.089	1	1	409	10	3	28	749	0	0	0
4.09	1	1	410	1	3	28	749	0	0	0
4.091	1	1	410	2	3	28	749	0	0	0
4.092	1	1	410	3	3	28	749	0	0	0
4.093	1	1	410	4	3	28	749	0	0	0
4.094	1	1	410	5	3	28	749	0	0	0
4.095	1	1	410	6	3	28	749	0	0	0
4.096	1	1	410	7	3	28	749	0	0	0
4.097	1	1	410	8	3	28	749	0	0	0
4.098	1	1	410	9	3	28	749	0	0	0
4.099	1	1	410	10	3	28	749	0	0	0
4.1	1	1	411	1	3	28	749	0	0	0
4.101	1	1	411	2	3	28	749	0	0	0
4.102	1	1	411	3	3	28	749	0	0	0
4.103	1	1	411	4	3	28	749	0	0	0
4.104	1	1	411	5	3	28	749	0	0	0
4.105	1	1	411	6	3	28	749	0	0	0
4.106	1	1	411	7	3	28	749	0	0	0
4.107	1	1	411	8	3	28	749	0	0	0
4.108	1	1	411	9	3	28	749	0	0	0
4.109	1	1	411	10	3	28	749	0	0	0
4.11	1	1	412	1	3	28	749	0	0	0
4.111	1	1	412	2	3	28	749	0	0	0
4.112	1	1	412	3	3	28	749	0	0	0
4.113	1	1	412	4	3	28	749	0	0	0
4.114	1	1	412	5	3	28	749	0	0	0
4.115	1	1	412	6	3	28	749	0	0	0
4.116	1	1	412	7	3	28	749	0	0	0
4.117	1	1	412	8	3	28	749	0	0	0
4.118	1	1	412	9	3	28	749	0	0	0
4.119	1	1	412	10	3	28	749	0	0	0
4.12	1	1	413	1	3	28	749	0	0	0
4.121	1	1	413	2	3	28	749	0	0	0
4.122	1	1	413	3	3	28	749	0	0	0
4.123	1	1	413	4	3	28	749	0	0	0
4.124	1	1	413	5	3	28	749	0	0	0
4.125	1	1	413	6	3	28	749	0	0	0
4.126	1	1	413	7	3	28	749	0	0	0
4.127	1	1	413	8	3	28	749	0	0	0
4.128	1	1	413	9	3	28	749	0	0	0
4.129	1	1	413	10	3	28	749	0	0	0
4.13	1	1	414	1	3	28	749	0	0	0
4.131	1	1	414	2	3	28	749	0	0	0
4.132	1	1	414	3	3	28	749	0	0	0
4.133	1	1	414	4	3	28	749	0	0	0
4.134	1	1	414	5	3	28	749	0	0	0
4.135	1	1	414	6	3	28	749	0	0	0
4.136	1	1	414	7	3	28	749	0	0	0
4.137	1	1	414	8	3	28	749	0	0	0
4.138	1	1	414	9	3	28	749	0	0	0
4.139	1	1	414	10	3	28	749	0	0	0
4.14	1	1	415	1	3	28	749	0	0	0
4.141	1	1	415	2	3	28	749	0	0	0
4.142	1	1	415	3	3	28	749	0	0	0
4.143	1	1	415	4	3	28	749	0	0	0
4.144	1	1	415	5	3	28	749	0	0	0
4.145	1	1	415	6	3	28	749	0	0	0
4.146	1	1	415	7	3	28	749	0	0	0
4.147	1	1	415	8	3	28	749	0	0	0
4.148	1	1	415	9	3	28	749	0	0	0
4.149	1	1	415	10	3	28	749	0	0	0
4.15	1	1	416	1	3	28	749	0	0	0
4.151	1	1	416	2	3	28	749	0	0	0
4.152	1	1	416	3	3	28	749	0	0	0
4.153	1	1	416	4	3	28	749	0	0	0
4.154	1	1	416	5	3	28	749	0	0	0
4.155	1	1	416	6	3	28	749	0	0	0
4.156	1	1	416	7	3	28	749	0	0	0
4.157	1	1	416	8	3	28	749	0	0	0
4.158	1	1	416	9	3	28	749	0	0	0
4.159	1	1	416	10	3	28	749	0	0	0
4.16	1	1	417	1	3	28	749	0	0	0
4.161	1	1	417	2	3	28	749	0	0	0
4.162	1	1	417	3	3	28	749	0	0	0
4.163	1	1	417	4	3	28	749	0	0	0
4.164	1	1	417	5	3	28	749	0	0	0
4.165	1	1	417	6	3	28	749	0	0	0
4.166	1	1	417	7	3	28	749	0	0	0
4.167	1	1	417	8	3	28	749	0	0	0
4.168	1	1	417	9	3	28	749	0	0	0
4.169	1	1	417	10	3	28	749	0	0	0
4.17	1	1	418	1	3	28	749	0	0	0
4.171	1	1	418	2	3	28	749	0	0	0
4.172	1	1	418	3	3	28	749	0	0	0
4.173	1	1	418	4	3	28	749	0	0	0
4.174	1	1	418	5	3	28	749	0	0	0
4.175	1	1	418	6	3	28	749	0	0	0
4.176	1	1	418	7	3	28	749	0	0	0
4.177	1	1	418	8	3	28	749	0	0	0
4.178	1	1	418	9	3	28	749	0	0	0
4.179	1	1	418	10	3	28	749	0	0	0
4.18	1	1	419	1	3	28	749	0	0	0
4.181	1	1	419	2	3	28	749	0	0	0
4.182	1	1	419	3	3	28	749	0	0	0
4.183	1	1	419	4	3	28	749	0	0	0
4.184	1	1	419	5	3	28	749	0	0	0
4.185	1	1	419	6	3	28	749	0	0	0
4.186	1	1	419	7	3	28	749	0	0	0
4.187	1	1	419	8	3	28	749	0	0	0
4.188	1	1	419	9	3	28	749	0	0	0
4.189	1	1	419	10	3	28	749	0	0	0
4.19	1	1	420	1	3	28	749	0	0	0
4.191	1	1	420	2	3	28	749	0	0	0
4.192	1	1	420	3	3	28	749	0	0	0
4.193	1	1	420	4	3	28	749	0	0	0
4.194	1	1	420	5	3	28	749	0	0	0
4.195	1	1	420	6	3	28	749	0	0	0
4.196	1	1	420	7	3	28	749	0	0	0
4.197	1	1	420	8	3	28	749	0	0	0
4.198	1	1	420	9	3	28	749	0	0	0
4.199	1	1	420	10	3	28	749	0	0	0
4.2	1	1	421	1	3	28	749	0	0	0
4.201	1	1	421	2	3	28	749	0	0	0
4.202	1	1	421	3	3	28	749	0	0	0
4.203	1	1	421	4	3	28	749	0	0	0
4.204	1	1	421	5	3	28	749	0	0	0
4.205	1	1	421	6	3	28	749	0	0	0
4.206	1	1	421	7	3	28	749	0	0	0
4.207	1	1	421	8	3	28	749	0	0	0
4.208	1	1	421	9	3	28	749	0	0	0
4.209	1	1	421	10	3	28	749	0	0	0
4.21	1	1	422	1	3	28	749	0	0	0
4.211	1	1	422	2	3	28	749	0	0	0
4.212	1	1	422	3	3	28	749	0	0	0
4.213	1	1	422	4	3	28	749	0	0	0
4.214	1	1	422	5	3	28	749	0	0	0
4.215	1	1	422	6	3	28	749	0	0	0
4.216	1	1	422	7	3	28	749	0	0	0
4.217	1	1	422	8	3	28	749	0	0	0
4.218	1	1	422	9	3	28	749	0	0	0
4.219	1	1	422	10	3	28	749	0	0	0
4.22	1	1	423	1	3	28	749	0	0	0
4.221	1	1	423	2	3	28	749	0	0	0
4.222	1	1	423	3	3	28	749	0	0	0
4.223	1	1	423	4	3	28	749	0	0	0
4.224	1	1	423	5	3	28	749	0	0	0
4.225	1	1	423	6	3	28	749	0	0	0
4.226	1	1	423	7	3	28	749	0	0	0
4.227	1	1	423	8	3	28	749	0	0	0
4.228	1	1	423	9	3	28	749	0	0	0
4.229	1	1	423	10	3	28	749	0	0	0
4.23	1	1	424	1	3	28	749	0	0	0
4.231	1	1	424	2	3	28	749	0	0	0
4.232	1	1	424	3	3	28	749	0	0	0
4.233	1	1	424	4	3	28	749	0	0	0
4.234	1	1	424	5	3	28	749	0	0	0
4.235	1	1	424	6	3	28	749	0	0	0
4.236	1	1	424	7	3	28	749	0	0	0
4.237	1	1	424	8	3	28	749	0	0	0
4.238	1	1	424	9	3	28	749	0	0	0
4.239	1	1	424	10	3	28	749	0	0	0
4.24	1	1	425	1	3	28	749	0	0	0
4.241	1	1	425	2	3	28	749	0	0	0
4.242	1	1	425	3	3	28	749	0	0	0
4.243	1	1	425	4	3	28	749	0	0	0
4.244	1	1	425	5	3	28	749	0	0	0
4.245	1	1	425	6	3	28	749	0	0	0
4.246	1	1	425	7	3	28	749	0	0	0
4.247	1	1	425	8	3	28	749	0	0	0
4.248	1	1	425	9	3	28	749	0	0	0
4.249	1	1	425	10	3	28	749	0	0	0
4.25	1	1	426	1	3	28	749	0	0	0
4.251	1	1	426	2	3	28	749	0	0	0
4.252	1	1	426	3	3	28	749	0	0	0
4.253	1	1	426	4	3	28	749	0	0	0
4.254	1	1	426	5	3	28	749	0	0	0
4.255	1	1	426	6	3	28	749	0	0	0
4.256	1	1	426	7	3	28	749	0	0	0
4.257	1	1	426	8	3	28	749	0	0	0
4.258	1	1	426	9	3	28	749	0	0	0
4.259	1	1	426	10	3	28	749	0	0	0
4.26	1	1	427	1	3	28	749	0	0	0
4.261	1	1	427	2	3	28	749	0	0	0
4.262	1	1	427	3	3	28	749	0	0	0
4.263	1	1	427	4	3	28	749	0	0	0
4.264	1	1	427	5	3	28	749	0	0	0
4.265	1	1	427	6	3	28	749	0	0	0
4.266	1	1	427	7	3	28	749	0	0	0
4.267	1	1	427	8	3	28	749	0	0	0
4.268	1	1	427	9	3	28	749	0	0	0
4.269	1	1	427	10	3	28	749	0	0	0
4.27	1	1	428	1	3	28	749	0	0	0
4.271	1	1	428	2	3	28	749	0	0	0
4.272	1	1	428	3	3	28	749	0	0	0
4.273	1	1	428	4	3	28	749	0	0	0
4.274	1	1	428	5	3	28	749	0	0	0
4.275	1	1	428	6	3	28	749	0	0	0
4.276	1	1	428	7	3	28	749	0	0	0
4.277	1	1	428	8	3	28	749	0	0	0
4.278	1	1	428	9	3	28	749	0	0	0
4.279	1	1	428	10	3	28	749	0	0	0
4.28	1	1	429	1	3	28	749	0	0	0
4.281	1	1	429	2	3	28	749	0	0	0
4.282	1	1	429	3	3	28	749	0	0	0
4.283	1	1	429	4	3	28	749	0	0	0
4.284	1	1	429	5	3	28	749	0	0	0
4.285	1	1	429	6	3	28	749	0	0	0
4.286	1	1	429	7	3	28	749	0	0	0
4.287	1	1	429	8	3	28	749	0	0	0
4.288	1	1	429	9	3	28	749	0	0	0
4.289	1	1	429	10	3	28	749	0	0	0
4.29	1	1	430	1	3	28	749	0	0	0
4.291	1	1	430	2	3	28	749	0	0	0
4.292	1	1	430	3	3	28	749	0	0	0
4.293	1	1	430	4	3	28	749	0	0	0
4.294	1	1	430	5	3	28	749	0	0	0
4.295	1	1	430	6	3	28	749	0	0	0
4.296	1	1	430	7	3	28	749	0	0	0
4.297	1	1	430	8	3	28	749	0	0	0
4.298	1	1	430	9	3	28	749	0	0	0
4.299	1	1	430	10	3	28	749	0	0	0
4.3	1	1	431	1	3	28	749	0	0	0
4.301	1	1	431	2	3	28	749	0	0	0
4.302	1	1	431	3	3	28	749	0	0	0
4.303	1	1	431	4	3	28	749	0	0	0
4.304	1	1	431	5	3	28	749	0	0	0
4.305	1	1	431	6	3	28	749	0	0	0
4.306	1	1	431	7	3	28	749	0	0	0
4.307	1	1	431	8	3	28	749	0	0	0
4.308	1	1	431	9	3	28	749	0	0	0
4.309	1	1	431	10	3	28	749	0	0	0
4.31	1	1	432	1	3	28	749	0	0	0
4.311	1	1	432	2	3	28	749	0	0	0
4.312	1	1	432	3	3	28	749	0	0	0
4.313	1	1	432	4	3	28	749	0	0	0
4.314	1	1	432	5	3	28	749	0	0	0
4.315	1	1	432	6	3	28	749	0	0	0
4.316	1	1	432	7	3	28	749	0	0	0
4.317	1	1	432	8	3	28	749	0	0	0
4.318	1	1	432	9	3	28	749	0	0	0
4.319	1	1	432	10	3	28	749	0	0	0
4.32	1	1	433	1	3	28	749	0	0	0
4.321	1	1	433	2	3	28	749	0	0	0
4.322	1	1	433	3	3	28	749	0	0	0
4.323	1	1	433	4	3	28	749	0	0	0
4.324	1	1	433	5	3	28	749	0	0	0
4.325	1	1	433	6	3	28	749	0	0	0
4.326	1	1	433	7	3	28	749	0	0	0
4.327	1	1	433	8	3	28	749	0	0	0
4.328	1	1	433	9	3	28	749	0	0	0
4.329	1	1	433	10	3	28	749	0	0	0
4.33	1	1	434	1	3	28	749	0	0	0
4.331	1	1	434	2	3	28	749	0	0	0
4.332	1	1	434	3	3	28	749	0	0	0
4.333	1	1	434	4	3	28	749	0	0	0
4.334	1	1	434	5	3	28	749	0	0	0
4.335	1	1	434	6	3	28	749	0	0	0
4.336	1	1	434	7	3	28	749	0	0	0
4.337	1	1	434	8	3	28	749	0	0	0
4.338	1	1	434	9	3	28	749	0	0	0
4.339	1	1	434	10	3	28	749	0	0	0
4.34	1	1	435	1	3	28	749	0	0	0
4.341	1	1	435	2	3	28	749	0	0	0
4.342	1	1	435	3	3	28	749	0	0	0
4.343	1	1	435	4	3	28	749	0	0	0
4.344	1	1	435	5	3	28	749	0	0	0
4.345	1	1	435	6	3	28	749	0	0	0
4.346	1	1	435	7	3	28	749	0	0	0
4.347	1	1	435	8	3	28	749	0	0	0
4.348	1	1	435	9	3	28	749	0	0	0
4.349	1	1	435	10	3	28	749	0	0	0
4.35	1	1	436	1	3	28	749	0	0	0
4.351	1	1	436	2	3	28	749	0	0	0
4.352	1	1	436	3	3	28	749	0	0	0
4.353	1	1	436	4	3	28	749	0	0	0
4.354	1	1	436	5	3	28	749	0	0	0
4.355	1	1	436	6	3	28	749	0	0	0
4.356	1	1	436	7	3	28	749	0	0	0
4.357	1	1	436	8	3	28	749	0	0	0
4.358	1	1	436	9	3	28	749	0	0	0
4.359	1	1	436	10	3	28	749	0	0	0
4.36	1	1	437	1	3	28	749	0	0	0
4.361	1	1	437	2	3	28	749	0	0	0
4.362	1	1	437	3	3	28	749	0	0	0
4.363	1	1	437	4	3	28	749	0	0	0
4.364	1	1	437	5	3	28	749	0	0	0
4.365	1	1	437	6	3	28	749	0	0	0
4.366	1	1	437	7	3	28	749	0	0	0
4.367	1	1	437	8	3	28	749	0	0	0
4.368	1	1	437	9	3	28	749	0	0	0
4.369	1	1	437	10	3	28	749	0	0	0
4.37	1	1	438	1	3	28	749	0	0	0
4.371	1	1	438	2	3	28	749	0	0	0
4.372	1	1	438	3	3	28	749	0	0	0
4.373	1	1	438	4	3	28	749	0	0	0
4.374	1	1	438	5	3	28	749	0	0	0
4.375	1	1	438	6	3	28	749	0	0	0
4.376	1	1	438	7	3	28	749	0	0	0
4.377	1	1	438	8	3	28	749	0	0	0
4.378	1	1	438	9	3	28	749	0	0	0
4.379	1	1	438	10	3	28	749	0	0	0
4.38	1	1	439	1	3	28	749	0	0	0
4.381	1	1	439	2	3	28	749	0	0	0
4.382	1	1	439	3	3	28	749	0	0	0
4.383	1	1	439	4	3	28	749	0	0	0
4.384	1	1	439	5	3	28	749	0	0	0
4.385	1	1	439	6	3	28	749	0	0	0
4.386	1	1	439	7	3	28	749	0	0	0
4.387	1	1	439	8	3	28	749	0	0	0
4.388	1	1	439	9	3	28	749	0	0	0
4.389	1	1	439	10	3	28	749	0	0	0
4.39	1	1	440	1	3	28	749	0	0	0
4.391	1	1	440	2	3	28	749	0	0	0
4.392	1	1	440	3	3	28	749	0	0	0
4.393	1	1	440	4	3	28	749	0	0	0
4.394	1	1	440	5	3	28	749	0	0	0
4.395	1	1	440	6	3	28	749	0	0	0
4.396	1	1	440	7	3	28	749	0	0	0
4.397	1	1	440	8	3	28	749	0	0	0
4.398	1	1	440	9	3	28	749	0	0	0
4.399	1	1	440	10	3	28	749	0	0	0
4.4	1	1	441	1	3	28	749	0	0	0
4.401	1	1	441	2	3	28	749	0	0	0
4.402	1	1	441	3	3	28	749	0	0	0
4.403	1	1	441	4	3	28	749	0	0	0
4.404	1	1	441	5	3	28	749	0	0	0
4.405	1	1	441	6	3	28	749	0	0	0
4.406	1	1	441	7	3	28	749	0	0	0
4.407	1	1	441	8	3	28	749	0	0	0
4.408	1	1	441	9	3	28	749	0	0	0
4.409	1	1	441	10	3	28	749	0	0	0
4.41	1	1	442	1	3	28	749	0	0	0
4.411	1	1	442	2	3	28	749	0	0	0
4.412	1	1	442	3	3	28	749	0	0	0
4.413	1	1	442	4	3	28	749	0	0	0
4.414	1	1	442	5	3	28	749	0	0	0
4.415	1	1	442	6	3	28	749	0	0	0
4.416	1	1	442	7	3	28	749	0	0	0
4.417	1	1	442	8	3	28	749	0	0	0
4.418	1	1	442	9	3	28	749	0	0	0
4.419	1	1	442	10	3	28	749	0	0	0
4.42	1	1	443	1	3	28	749	0	0	0
4.421	1	1	443	2	3	28	749	0	0	0
4.422	1	1	443	3	3	28	749	0	0	0
4.423	1	1	443	4	3	28	749	0	0	0
4.424	1	1	443	5	3	28	749	0	0	0
4.425	1	1	443	6	3	28	749	0	0	0
4.426	1	1	443	7	3	28	749	0	0	0
4.427	1	1	443	8	3	28	749	0	0	0
4.428	1	1	443	9	3	28	749	0	0	0
4.429	1	1	443	10	3	28	749	0	0	0
4.43	1	1	444	1	3	28	749	0	0	0
4.431	1	1	444	2	3	28	749	0	0	0
4.432	1	1	444	3	3	28	749	0	0	0
4.433	1	1	444	4	3	28	749	0	0	0
4.434	1	1	444	5	3	28	749	0	0	0
4.435	1	1	444	6	3	28	749	0	0	0
4.436	1	1	444	7	3	28	749	0	0	0
4.437	1	1	444	8	3	28	749	0	0	0
4.438	1	1	444	9	3	28	749	0	0	0
4.439	1	1	444	10	3	28	749	0	0	0
4.44	1	1	445	1	3	28	749	0	0	0
4.441	1	1	445	2	3	28	749	0	0	0
4.442	1	1	445	3	3	28	749	0	0	0
4.443	1	1	445	4	3	28	749	0	0	0
4.444	1	1	445	5	3	28	749	0	0	0
4.445	1	1	445	6	3	28	749	0	0	0
4.446	1	1	445	7	3	28	749	0	0	0
4.447	1	1	445	8	3	28	749	0	0	0
4.448	1	1	445	9	3	28	749	0	0	0
4.449	1	1	445	10	3	28	749	0	0	0
4.45	1	1	446	1	3	28	749	0	0	0
4.451	1	1	446	2	3	28	749	0	0	0
4.452	1	1	446	3	3	28	749	0	0	0
4.453	1	1	446	4	3	28	749	0	0	0
4.454	1	1	446	5	3	28	749	0	0	0
4.455	1	1	446	6	3	28	749	0	0	0
4.456	1	1	446	7	3	28	749	0	0	0
4.457	1	1	446	8	3	28	749	0	0	0
4.458	1	1	446	9	3	28	749	0	0	0
4.459	1	1	446	10	3	28	749	0	0	0
4.46	1	1	447	1	3	28	749	0	0	0
4.461	1	1	447	2	3	28	749	0	0	0
4.462	1	1	447	3	3	28	749	0	0	0
4.463	1	1	447	4	3	28	749	0	0	0
4.464	1	1	447	5	3	28	749	0	0	0
4.465	1	1	447	6	3	28	749	0	0	0
4.466	1	1	447	7	3	28	749	0	0	0
4.467	1	1	447	8	3	28	749	0	0	0
4.468	1	1	447	9	3	28	749	0	0	0
4.469	1	1	447	10	3	28	749	0	0	0
4.47	1	1	448	1	3	28	749	0	0	0
4.471	1	1	448	2	3	28	749	0	0	0
4.472	1	1	448	3	3	28	749	0	0	0
4.473	1	1	448	4	3	28	749	0	0	0
4.474	1	1	448	5	3	28	749	0	0	0
4.475	1	1	448	6	3	28	749	0	0	0
4.476	1	1	448	7	3	28	749	0	0	0
4.477	1	1	448	8	3	28	749	0	0	0
4.478	1	1	448	9	3	28	749	0	0	0
4.479	1	1	448	10	3	28	749	0	0	0
4.48	1	1	449	1	3	28	749	0	0	0
4.481	1	1	449	2	3	28	749	0	0	0
4.482	1	1	449	3	3	28	749	0	0	0
4.483	1	1	449	4	3	28	749	0	0	0
4.484	1	1	449	5	3	28	749	0	0	0
4.485	1	1	449	6	3	28	749	0	0	0
4.486	1	1	449	7	3	28	749	0	0	0
4.487	1	1	449	8	3	28	749	0	0	0
4.488	1	1	449	9	3	28	749	0	0	0
4.489	1	1	449	10	3	28	749	0	0	0
4.49	1	1	450	1	3	28	749	0	0	0
4.491	1	1	450	2	3	28	749	0	0	0
4.492	1	1	450	3	3	28	749	0	0	0
4.493	1	1	450	4	3	28	749	0	0	0
4.494	1	1	450	5	3	28	749	0	0	0
4.495	1	1	450	6	3	28	749	0	0	0
4.496	1	1	450	7	3	28	749	0	0	0
4.497	1	1	450	8	3	28	749	0	0	0
4.498	1	1	450	9	3	28	749	0	0	0
4.499	1	1	450	10	3	28	749	0	0	0
4.5	1	1	451	1	3	28	749	0	0	0
4.501	1	1	451	2	3	28	749	0	0	0
4.502	1	1	451	3	3	28	749	0	0	0
4.503	1	1	451	4	3	28	749	0	0	0
4.504	1	1	451	5	3	28	749	0	0	0
4.505	1	1	451	6	3	28	749	0	0	0
4.506	1	1	451	7	3	28	749	0	0	0
4.507	1	1	451	8	3	28	749	0	0	0
4.508	1	1	451	9	3	28	749	0	0	0
4.509	1	1	451	10	3	28	749	0	0	0
4.51	1	1	452	1	3	28	749	0	0	0
4.511	1	1	452	2	3	28	749	0	0	0
4.512	1	1	452	3	3	28	749	0	0	0
4.513	1	1	452	4	3	28	749	0	0	0
4.514	1	1	452	5	3	28	749	0	0	0
4.515	1	1	452	6	3	28	749	0	0	0
4.516	1	1	452	7	3	28	749	0	0	0
4.517	1	1	452	8	3	28	749	0	0	0
4.518	1	1	452	9	3	28	749	0	0	0
4.519	1	1	452	10	3	28	749	0	0	0
4.52	1	1	453	1	3	28	749	0	0	0
4.521	1	1	453	2	3	28	749	0	0	0
4.522	1	1	453	3	3	28	749	0	0	0
4.523	1	1	453	4	3	28	749	0	0	0
4.524	1	1	453	5	3	28	749	0	0	0
4.525	1	1	453	6	3	28	749	0	0	0
4.526	1	1	453	7	3	28	749	0	0	0
4.527	1	1	453	8	3	28	749	0	0	0
4.528	1	1	453	9	3	28	749	0	0	0
4.529	1	1	453	10	3	28	749	0	0	0
4.53	1	1	454	1	3	28	749	0	0	0
4.531	1	1	454	2	3	28	749	0	0	0
4.532	1	1	454	3	3	28	749	0	0	0
4.533	1	1	454	4	3	28	749	0	0	0
4.534	1	1	454	5	3	28	749	0	0	0
4.535	1	1	454	6	3	28	749	0	0	0
4.536	1	1	454	7	3	28	749	0	0	0
4.537	1	1	454	8	3	28	749	0	0	0
4.538	1	1	454	9	3	28	749	0	0	0
4.539	1	1	454	10	3	28	749	0	0	0
4.54	1	1	455	1	3	28	749	0	0	0
4.541	1	1	455	2	3	28	749	0	0	0
4.542	1	1	455	3	3	28	749	0	0	0
4.543	1	1	455	4	3	28	749	0	0	0
4.544	1	1	455	5	3	28	749	0	0	0
4.545	1	1	455	6	3	28	749	0	0	0
4.546	1	1	455	7	3	28	749	0	0	0
4.547	1	1	455	8	3	28	749	0	0	0
4.548	1	1	455	9	3	28	749	0	0	0
4.549	1	1	455	10	3	28	749	0	0	0
4.55	1	1	456	1	3	28	749	0	0	0
4.551	1	1	456	2	3	28	749	0	0	0
4.552	1	1	456	3	3	28	749	0	0	0
4.553	1	1	456	4	3	28	749	0	0	0
4.554	1	1	456	5	3	28	749	0	0	0
4.555	1	1	456	6	3	28	749	0	0	0
4.556	1	1	456	7	3	28	749	0	0	0
4.557	1	1	456	8	3	28	749	0	0	0
4.558	1	1	456	9	3	28	749	0	0	0
4.559	1	1	456	10	3	28	749	0	0	0
4.56	1	1	457	1	3	28	749	0	0	0
4.561	1	1	457	2	3	28	749	0	0	0
4.562	1	1	457	3	3	28	749	0	0	0
4.563	1	1	457	4	3	28	749	0	0	0
4.564	1	1	457	5	3	28	749	0	0	0
4.565	1	1	457	6	3	28	749	0	0	0
4.566	1	1	457	7	3	28	749	0	0	0
4.567	1	1	457	8	3	28	749	0	0	0
4.568	1	1	457	9	3	28	749	0	0	0
4.569	1	1	457	10	3	28	749	0	0	0
4.57	1	1	458	1	3	28	749	0	0	0
4.571	1	1	458	2	3	28	749	0	0	0
4.572	1	1	458	3	3	28	749	0	0	0
4.573	1	1	458	4	3	28	749	0	0	0
4.574	1	1	458	5	3	28	749	0	0	0
4.575	1	1	458	6	3	28	749	0	0	0
4.576	1	1	458	7	3	28	749	0	0	0
4.577	1	1	458	8	3	28	749	0	0	0
4.578	1	1	458	9	3	28	749	0	0	0
4.579	1	1	458	10	3	28	749	0	0	0
4.58	1	1	459	1	3	28	749	0	0	0
4.581	1	1	459	2	3	28	749	0	0	0
4.582	1	1	459	3	3	28	749	0	0	0
4.583	1	1	459	4	3	28	749	0	0	0
4.584	1	1	459	5	3	28	749	0	0	0
4.585	1	1	459	6	3	28	749	0	0	0
4.586	1	1	459	7	3	28	749	0	0	0
4.587	1	1	459	8	3	28	749	0	0	0
4.588	1	1	459	9	3	28	749	0	0	0
4.589	1	1	459	10	3	28	749	0	0	0
4.59	1	1	460	1	3	28	749	0	0	0
4.591	1	1	460	2	3	28	749	0	0	0
4.592	1	1	460	3	3	28	749	0	0	0
4.593	1	1	460	4	3	28	749	0	0	0
4.594	1	1	460	5	3	28	749	0	0	0
4.595	1	1	460	6	3	28	749	0	0	0
4.596	1	1	460	7	3	28	749	0	0	0
4.597	1	1	460	8	3	28	749	0	0	0
4.598	1	1	460	9	3	28	749	0	0	0
4.599	1	1	460	10	3	28	749	0	0	0
4.6	1	1	461	1	3	28	749	0	0	0
4.601	1	1	461	2	3	28	749	0	0	0
4.602	1	1	461	3	3	28	749	0	0	0
4.603	1	1	461	4	3	28	749	0	0	0
4.604	1	1	461	5	3	28	749	0	0	0
4.605	1	1	461	6	3	28	749	0	0	0
4.606	1	1	461	7	3	28	749	0	0	0
4.607	1	1	461	8	3	28	749	0	0	0
4.608	1	1	461	9	3	28	749	0	0	0
4.609	1	1	461	10	3	28	749	0	0	0
4.61	1	1	462	1	3	28	749	0	0	0
4.611	1	1	462	2	3	28	749	0	0	0
4.612	1	1	462	3	3	28	749	0	0	0
4.613	1	1	462	4	3	28	749	0	0	0
4.614	1	1	462	5	3	28	749	0	0	0
4.615	1	1	462	6	3	28	749	0	0	0
4.616	1	1	462	7	3	28	749	0	0	0
4.617	1	1	462	8	3	28	749	0	0	0
4.618	1	1	462	9	3	28	749	0	0	0
4.619	1	1	462	10	3	28	749	0	0	0
4.62	1	1	463	1	3	28	749	0	0	0
4.621	1	1	463	2	3	28	749	0	0	0
4.622	1	1	463	3	3	28	749	0	0	0
4.623	1	1	463	4	3	28	749	0	0	0
4.624	1	1	463	5	3	28	749	0	0	0
4.625	1	1	463	6	3	28	749	0	0	0
4.626	1	1	463	7	3	28	749	0	0	0
4.627	1	1	463	8	3	28	749	0	0	0
4.628	1	1	463	9	3	28	749	0	0	0
4.629	1	1	463	10	3	28	749	0	0	0
4.63	1	1	464	1	3	28	749	0	0	0
4.631	1	1	464	2	3	28	749	0	0	0
4.632	1	1	464	3	3	28	749	0	0	0
4.633	1	1	464	4	3	28	749	0	0	0
4.634	1	1	464	5	3	28	749	0	0	0
4.635	1	1	464	6	3	28	749	0	0	0
4.636	1	1	464	7	3	28	749	0	0	0
4.637	1	1	464	8	3	28	749	0	0	0
4.638	1	1	464	9	3	28	749	0	0	0
4.639	1	1	464	10	3	28	749	0	0	0
4.64	1	1	465	1	3	28	749	0	0	0
4.641	1	1	465	2	3	28	749	0	0	0
4.642	1	1	465	3	3	28	749	0	0	0
4.643	1	1	465	4	3	28	749	0	0	0
4.644	1	1	465	5	3	28	749	0	0	0
4.645	1	1	465	6	3	28	749	0	0	0
4.646	1	1	465	7	3	28	749	0	0	0
4.647	1	1	465	8	3	28	749	0	0	0
4.648	1	1	465	9	3	28	749	0	0	0
4.649	1	1	465	10	3	28	749	0	0	0
4.65	1	1	466	1	3	28	749	0	0	0
4.651	1	1	466	2	3	28	749	0	0	0
4.652	1	1	466	3	3	28	749	0	0	0
4.653	1	1	466	4	3	28	749	0	0	0
4.654	1	1	466	5	3	28	749	0	0	0
4.655	1	1	466	6	3	28	749	0	0	0
4.656	1	1	466	7	3	28	749	0	0	0
4.657	1	1	466	8	3	28	749	0	0	0
4.658	1	1	466	9	3	28	749	0	0	0
4.659	1	1	466	10	3	28	749	0	0	0
4.66	1	1	467	1	3	28	749	0	0	0
4.661	1	1	467	2	3	28	749	0	0	0
4.662	1	1	467	3	3	28	749	0	0	0
4.663	1	1	467	4	3	28	749	0	0	0
4.664	1	1	467	5	3	28	749	0	0	0
4.665	1	1	467	6	3	28	749	0	0	0
4.666	1	1	467	7	3	28	749	0	0	0
4.667	1	1	467	8	3	28	749	0	0	0
4.668	1	1	467	9	3	28	749	0	0	0
4.669	1	1	467	10	3	28	749	0	0	0
4.67	1	1	468	1	3	28	749	0	0	0
4.671	1	1	468	2	3	28	749	0	0	0
4.672	1	1	468	3	3	28	749	0	0	0
4.673	1	1	468	4	3	28	749	0	0	0
4.674	1	1	468	5	3	28	749	0	0	0
4.675	1	1	468	6	3	28	749	0	0	0
4.676	1	1	468	7	3	28	749	0	0	0
4.677	1	1	468	8	3	28	749	0	0	0
4.678	1	1	468	9	3	28	749	0	0	0
4.679	1	1	468	10	3	28	749	0	0	0
4.68	1	1	469	1	3	28	749	0	0	0
4.681	1	1	469	2	3	28	749	0	0	0
4.682	1	1	469	3	3	28	749	0	0	0
4.683	1	1	469	4	3	28	749	0	0	0
4.684	1	1	469	5	3	28	749	0	0	0
4.685	1	1	469	6	3	28	749	0	0	0
4.686	1	1	469	7	3	28	749	0	0	0
4.687	1	1	469	8	3	28	749	0	0	0
4.688	1	1	469	9	3	28	749	0	0	0
4.689	1	1	469	10	3	28	749	0	0	0
4.69	1	1	470	1	3	28	749	0	0	0
4.691	1	1	470	2	3	28	749	0	0	0
4.692	1	1	470	3	3	28	749	0	0	0
4.693	1	1	470	4	3	28	749	0	0	0
4.694	1	1	470	5	3	28	749	0	0	0
4.695	1	1	470	6	3	28	749	0	0	0
4.696	1	1	470	7	3	28	749	0	0	0
4.697	1	1	470	8	3	28	749	0	0	0
4.698	1	1	470	9	3	28	749	0	0	0
4.699	1	1	470	10	3	28	749	0	0	0
4.7	1	1	471	1	3	28	749	0	0	0
4.701	1	1	471	2	3	28	749	0	0	0
4.702	1	1	471	3	3	28	749	0	0	0
4.703	1	1	471	4	3	28	749	0	0	0
4.704	1	1	471	5	3	28	749	0	0	0
4.705	1	1	471	6	3	28	749	0	0	0
4.706	1	1	471	7	3	28	749	0	0	0
4.707	1	1	471	8	3	28	749	0	0	0
4.708	1	1	471	9	3	28	749	0	0	0
4.709	1	1	471	10	3	28	749	0	0	0
4.71	1	1	472	1	3	28	749	0	0	0
4.711	1	1	472	2	3	28	749	0	0	0
4.712	1	1	472	3	3	28	749	0	0	0
4.713	1	1	472	4	3	28	749	0	0	0
4.714	1	1	472	5	3	28	749	0	0	0
4.715	1	1	472	6	3	28	749	0	0	0
4.716	1	1	472	7	3	28	749	0	0	0
4.717	1	1	472	8	3	28	749	0	0	0
4.718	1	1	472	9	3	28	749	0	0	0
4.719	1	1	472	10	3	28	749	0	0	0
4.72	1	1	473	1	3	28	749	0	0	0
4.721	1	1	473	2	3	28	749	0	0	0
4.722	1	1	473	3	3	28	749	0	0	0
4.723	1	1	473	4	3	28	749	0	0	0
4.724	1	1	473	5	3	28	749	0	0	0
4.725	1	1	473	6	3	28	749	0	0	0
4.726	1	1	473	7	3	28	749	0	0	0
4.727	1	1	473	8	3	28	749	0	0	0
4.728	1	1	473	9	3	28	749	0	0	0
4.729	1	1	473	10	3	28	749	0	0	0
4.73	1	1	474	1	3	28	749	0	0	0
4.731	1	1	474	2	3	28	749	0	0	0
4.732	1	1	474	3	3	28	749	0	0	0
4.733	1	1	474	4	3	28	749	0	0	0
4.734	1	1	474	5	3	28	749	0	0	0
4.735	1	1	474	6	3	28	749	0	0	0
4.736	1	1	474	7	3	28	749	0	0	0
4.737	1	1	474	8	3	28	749	0	0	0
4.738	1	1	474	9	3	28	749	0	0	0
4.739	1	1	474	10	3	28	749	0	0	0
4.74	1	1	475	1	3	28	749	0	0	0
4.741	1	1	475	2	3	28	749	0	0	0
4.742	1	1	475	3	3	28	749	0	0	0
4.743	1	1	475	4	3	28	749	0	0	0
4.744	1	1	475	5	3	28	749	0	0	0
4.745	1	1	475	6	3	28	749	0	0	0
4.746	1	1	475	7	3	28	749	0	0	0
4.747	1	1	475	8	3	28	749	0	0	0
4.748	1	1	475	9	3	28	749	0	0	0
4.749	1	1	475	10	3	28	749	0	0	0
4.75	1	1	476	1	3	28	749	0	0	0
4.751	1	1	476	2	3	28	749	0	0	0
4.752	1	1	476	3	3	28	749	0	0	0
4.753	1	1	476	4	3	28	749	0	0	0
4.754	1	1	476	5	3	28	749	0	0	0
4.755	1	1	476	6	3	28	749	0	0	0
4.756	1	1	476	7	3	28	749	0	0	0
4.757	1	1	476	8	3	28	749	0	0	0
4.758	1	1	476	9	3	28	749	0	0	0
4.759	1	1	476	10	3	28	749	0	0	0
4.76	1	1	477	1	3	28	749	0	0	0
4.761	1	1	477	2	3	28	749	0	0	0
4.762	1	1	477	3	3	28	749	0	0	0
4.763	1	1	477	4	3	28	749	0	0	0
4.764	1	1	477	5	3	28	749	0	0	0
4.765	1	1	477	6	3	28	749	0	0	0
4.766	1	1	477	7	3	28	749	0	0	0
4.767	1	1	477	8	3	28	749	0	0	0
4.768	1	1	477	9	3	28	749	0	0	0
4.769	1	1	477	10	3	28	749	0	0	0
4.77	1	1	478	1	3	28	749	0	0	0
4.771	1	1	478	2	3	28	749	0	0	0
4.772	1	1	478	3	3	28	749	0	0	0
4.773	1	1	478	4	3	28	749	0	0	0
4.774	1	1	478	5	3	28	749	0	0	0
4.775	1	1	478	6	3	28	749	0	0	0
4.776	1	1	478	7	3	28	749	0	0	0
4.777	1	1	478	8	3	28	749	0	0	0
4.778	1	1	478	9	3	28	749	0	0	0
4.779	1	1	478	10	3	28	749	0	0	0
4.78	1	1	479	1	3	28	749	0	0	0
4.781	1	1	479	2	3	28	749	0	0	0
4.782	1	1	479	3	3	28	749	0	0	0
4.783	1	1	479	4	3	28	749	0	0	0
4.784	1	1	479	5	3	28	749	0	0	0
4.785	1	1	479	6	3	28	749	0	0	0
4.786	1	1	479	7	3	28	749	0	0	0
4.787	1	1	479	8	3	28	749	0	0	0
4.788	1	1	479	9	3	28	749	0	0	0
4.789	1	1	479	10	3	28	749	0	0	0
4.79	1	1	480	1	3	28	749	0	0	0
4.791	1	1	480	2	3	28	749	0	0	0
4.792	1	1	480	3	3	28	749	0	0	0
4.793	1	1	480	4	3	28	749	0	0	0
4.794	1	1	480	5	3	28	749	0	0	0
4.795	1	1	480	6	3	28	749	0	0	0
4.796	1	1	480	7	3	28	749	0	0	0
4.797	1	1	480	8	3	28	749	0	0	0
4.798	1	1	480	9	3	28	749	0	0	0
4.799	1	1	480	10	3	28	749	0	0	0
4.8	1	1	481	1	3	28	749	0	0	0
4.801	1	1	481	2	3	28	749	0	0	0
4.802	1	1	481	3	3	28	749	0	0	0
4.803	1	1	481	4	3	28	749	0	0	0
4.804	1	1	481	5	3	28	749	0	0	0
4.805	1	1	481	6	3	28	749	0	0	0
4.806	1	1	481	7	3	28	749	0	0	0
4.807	1	1	481	8	3	28	749	0	0	0
4.808	1	1	481	9	3	28	749	0	0	0
4.809	1	1	481	10	3	28	749	0	0	0
4.81	1	1	482	1	3	28	749	0	0	0
4.811	1	1	482	2	3	28	749	0	0	0
4.812	1	1	482	3	3	28	749	0	0	0
4.813	1	1	482	4	3	28	749	0	0	0
4.814	1	1	482	5	3	28	749	0	0	0
4.815	1	1	482	6	3	28	749	0	0	0
4.816	1	1	482	7	3	28	749	0	0	0
4.817	1	1	482	8	3	28	749	0	0	0
4.818	1	1	482	9	3	28	749	0	0	0
4.819	1	1	482	10	3	28	749	0	0	0
4.82	1	1	483	1	3	28	749	0	0	0
4.821	1	1	483	2	3	28	749	0	0	0
4.822	1	1	483	3	3	28	749	0	0	0
4.823	1	1	483	4	3	28	749	0	0	0
4.824	1	1	483	5	3	28	749	0	0	0
4.825	1	1	483	6	3	28	749	0	0	0
4.826	1	1	483	7	3	28	749	0	0	0
4.827	1	1	483	8	3	28	749	0	0	0
4.828	1	1	483	9	3	28	749	0	0	0
4.829	1	1	483	10	3	28	749	0	0	0
4.83	1	1	484	1	3	28	749	0	0	0
4.831	1	1	484	2	3	28	749	0	0	0
4.832	1	1	484	3	3	28	749	0	0	0
4.833	1	1	484	4	3	28	749	0	0	0
4.834	1	1	484	5	3	28	749	0	0	0
4.835	1	1	484	6	3	28	749	0	0	0
4.836	1	1	484	7	3	28	749	0	0	0
4.837	1	1	484	8	3	28	749	0	0	0
4.838	1	1	484	9	3	28	749	0	0	0
4.839	1	1	484	10	3	28	749	0	0	0
4.84	1	1	485	1	3	28	749	0	0	0
4.841	1	1	485	2	3	28	749	0	0	0
4.842	1	1	485	3	3	28	749	0	0	0
4.843	1	1	485	4	3	28	749	0	0	0
4.844	1	1	485	5	3	28	749	0	0	0
4.845	1	1	485	6	3	28	749	0	0	0
4.846	1	1	485	7	3	28	749	0	0	0
4.847	1	1	485	8	3	28	749	0	0	0
4.848	1	1	485	9	3	28	749	0	0	0
4.849	1	1	485	10	3	28	749	0	0	0
4.85	1	1	486	1	3	28	749	0	0	0
4.851	1	1	486	2	3	28	749	0	0	0
4.852	1	1	486	3	3	28	749	0	0	0
4.853	1	1	486	4	3	28	749	0	0	0
4.854	1	1	486	5	3	28	749	0	0	0
4.855	1	1	486	6	3	28	749	0	0	0
4.856	1	1	486	7	3	28	749	0	0	0
4.857	1	1	486	8	3	28	749	0	0	0
4.858	1	1	486	9	3	28	749	0	0	0
4.859	1	1	486	10	3	28	749	0	0	0
4.86	1	1	487	1	3	28	749	0	0	0
4.861	1	1	487	2	3	28	749	0	0	0
4.862	1	1	487	3	3	28	749	0	0	0
4.863	1	1	487	4	3	28	749	0	0	0
4.864	1	1	487	5	3	28	749	0	0	0
4.865	1	1	487	6	3	28	749	0	0	0
4.866	1	1	487	7	3	28	749	0	0	0
4.867	1	1	487	8	3	28	749	0	0	0
4.868	1	1	487	9	3	28	749	0	0	0
4.869	1	1	487	10	3	28	749	0	0	0
4.87	1	1	488	1	3	28	749	0	0	0
4.871	1	1	488	2	3	28	749	0	0	0
4.872	1	1	488	3	3	28	749	0	0	0
4.873	1	1	488	4	3	28	749	0	0	0
4.874	1	1	488	5	3	28	749	0	0	0
4.875	1	1	488	6	3	28	749	0	0	0
4.876	1	1	488	7	3	28	749	0	0	0
4.877	1	1	488	8	3	28	749	0	0	0
4.878	1	1	488	9	3	28	749	0	0	0
4.879	1	1	488	10	3	28	749	0	0	0
4.88	1	1	489	1	3	28	749	0	0	0
4.881	1	1	489	2	3	28	749	0	0	0
4.882	1	1	489	3	3	28	749	0	0	0
4.883	1	1	489	4	3	28	749	0	0	0
4.884	1	1	489	5	3	28	749	0	0	0
4.885	1	1	489	6	3	28	749	0	0	0
4.886	1	1	489	7	3	28	749	0	0	0
4.887	1	1	489	8	3	28	749	0	0	0
4.888	1	1	489	9	3	28	749	0	0	0
4.889	1	1	489	10	3	28	749	0	0	0
4.89	1	1	490	1	3	28	749	0	0	0
4.891	1	1	490	2	3	28	749	0	0	0
4.892	1	1	490	3	3	28	749	0	0	0
4.893	1	1	490	4	3	28	749	0	0	0
4.894	1	1	490	5	3	28	749	0	0	0
4.895	1	1	490	6	3	28	749	0	0	0
4.896	1	1	490	7	3	28	749	0	0	0
4.897	1	1	490	8	3	28	749	0	0	0
4.898	1	1	490	9	3	28	749	0	0	0
4.899	1	1	490	10	3	28	749	0	0	0
4.9	1	1	491	1	3	28	749	0	0	0
4.901	1	1	491	2	3	28	749	0	0	0
4.902	1	1	491	3	3	28	749	0	0	0
4.903	1	1	491	4	3	28	749	0	0	0
4.904	1	1	491	5	3	28	749	0	0	0
4.905	1	1	491	6	3	28	749	0	0	0
4.906	1	1	491	7	3	28	749	0	0	0
4.907	1	1	491	8	3	28	749	0	0	0
4.908	1	1	491	9	3	28	749	0	0	0
4.909	1	1	491	10	3	28	749	0	0	0
4.91	1	1	492	1	3	28	749	0	0	0
4.911	1	1	492	2	3	28	749	0	0	0
4.912	1	1	492	3	3	28	749	0	0	0
4.913	1	1	492	4	3	28	749	0	0	0
4.914	1	1	492	5	3	28	749	0	0	0
4.915	1	1	492	6	3	28	749	0	0	0
4.916	1	1	492	7	3	28	749	0	0	0
4.917	1	1	492	8	3	28	749	0	0	0
4.918	1	1	492	9	3	28	749	0	0	0
4.919	1	1	492	10	3	28	749	0	0	0
4.92	1	1	493	1	3	28	749	0	0	0
4.921	1	1	493	2	3	28	749	0	0	0
4.922	1	1	493	3	3	28	749	0	0	0
4.923	1	1	493	4	3	28	749	0	0	0
4.924	1	1	493	5	3	28	749	0	0	0
4.925	1	1	493	6	3	28	749	0	0	0
4.926	1	1	493	7	3	28	749	0	0	0
4.927	1	1	493	8	3	28	749	0	0	0
4.928	1	1	493	9	3	28	749	0	0	0
4.929	1	1	493	10	3	28	749	0	0	0
4.93	1	1	494	1	3	28	749	0	0	0
4.931	1	1	494	2	3	28	749	0	0	0
4.932	1	1	494	3	3	28	749	0	0	0
4.933	1	1	494	4	3	28	749	0	0	0
4.934	1	1	494	5	3	28	749	0	0	0
4.935	1	1	494	6	3	28	749	0	0	0
4.936	1	1	494	7	3	28	749	0	0	0
4.937	1	1	494	8	3	28	749	0	0	0
4.938	1	1	494	9	3	28	749	0	0	0
4.939	1	1	494	10	3	28	749	0	0	0
4.94	1	1	495	1	3	28	749	0	0	0
4.941	1	1	495	2	3	28	749	0	0	0
4.942	1	1	495	3	3	28	749	0	0	0
4.943	1	1	495	4	3	28	749	0	0	0
4.944	1	1	495	5	3	28	749	0	0	0
4.945	1	1	495	6	3	28	749	0	0	0
4.946	1	1	495	7	3	28	749	0	0	0
4.947	1	1	495	8	3	28	749	0	0	0
4.948	1	1	495	9	3	28	749	0	0	0
4.949	1	1	495	10	3	28	749	0	0	0
4.95	1	1	496	1	3	28	749	0	0	0
4.951	1	1	496	2	3	28	749	0	0	0
4.952	1	1	496	3	3	28	749	0	0	0
4.953	1	1	496	4	3	28	749	0	0	0
4.954	1	1	496	5	3	28	749	0	0	0
4.955	1	1	496	6	3	28	749	0	0	0
4.956	1	1	496	7	3	28	749	0	0	0
4.957	1	1	496	8	3	28	749	0	0	0
4.958	1	1	496	9	3	28	749	0	0	0
4.959	1	1	496	10	3	28	749	0	0	0
4.96	1	1	497	1	3	28	749	0	0	0
4.961	1	1	497	2	3	28	749	0	0	0
4.962	1	1	497	3	3	28	749	0	0	0
4.963	1	1	497	4	3	28	749	0	0	0
4.964	1	1	497	5	3	28	749	0	0	0
4.965	1	1	497	6	3	28	749	0	0	0
4.966	1	1	497	7	3	28	749	0	0	0
4.967	1	1	497	8	3	28	749	0	0	0
4.968	1	1	497	9	3	28	749	0	0	0
4.969	1	1	497	10	3	28	749	0	0	0
4.97	1	1	498	1	3	28	749	0	0	0
4.971	1	1	498	2	3	28	749	0	0	0
4.972	1	1	498	3	3	28	749	0	0	0
4.973	1	1	498	4	3	28	749	0	0	0
4.974	1	1	498	5	3	28	749	0	0	0
4.975	1	1	498	6	3	28	749	0	0	0
4.976	1	1	498	7	3	28	749	0	0	0
4.977	1	1	498	8	3	28	749	0	0	0
4.978	1	1	498	9	3	28	749	0	0	0
4.979	1	1	498	10	3	28	749	0	0	0
4.98	1	1	499	1	3	28	749	0	0	0
4.981	1	1	499	2	3	28	749	0	0	0
4.982	1	1	499	3	3	28	749	0	0	0
4.983	1	1	499	4	3	28	749	0	0	0
4.984	1	1	499	5	3	28	749	0	0	0
4.985	1	1	499	6	3	28	749	0	0	0
4.986	1	1	499	7	3	28	749	0	0	0
4.987	1	1	499	8	3	28	749	0	0	0
4.988	1	1	499	9	3	28	749	0	0	0
4.989	1	1	499	10	3	28	749	0	0	0
4.99	1	1	500	1	3	28	749	0	0	0
4.991	1	1	500	2	3	28	749	0	0	0
4.992	1	1	500	3	3	28	749	0	0	0
4.993	1	1	500	4	3	28	749	0	0	0
4.994	1	1	500	5	3	28	749	0	0	0
4.995	1	1	500	6	3	28	749	0	0	0
4.996	1	1	500	7	3	28	749	0	0	0
4.997	1	1	500	8	3	28	749	0	0	0
4.998	1	1	500	9	3	28	749	0	0	0
4.999	1	1	500	10	3	28	749	0	0	0
5	1	1	501	1	3	28	749	0	0	0
5.001	1	1	501	2	3	28	749	0	0	0
5.002	1	1	501	3	3	28	749	0	0	0
5.003	1	1	501	4	3	28	749	0	0	0
5.004	1	1	501	5	3	28	749	0	0	0
5.005	1	1	501	6	3	28	749	0	0	0
5.006	1	1	501	7	3	28	749	0	0	0
5.007	1	1	501	8	3	28	749	0	0	0
5.008	1	1	501	9	3	28	749	0	0	0
5.009	1	1	501	10	3	28	749	0	0	0
5.01	1	1	502	1	3	28	749	0	0	0
5.011	1	1	502	2	3	28	749	0	0	0
5.012	1	1	502	3	3	28	749	0	0	0
5.013	1	1	502	4	3	28	749	0	0	0
5.014	1	1	502	5	3	28	749	0	0	0
5.015	1	1	502	6	3	28	749	0	0	0
5.016	1	1	502	7	3	28	749	0	0	0
5.017	1	1	502	8	3	28	749	0	0	0
5.018	1	1	502	9	3	28	749	0	0	0
5.019	1	1	502	10	3	28	749	0	0	0
5.02	1	1	503	1	3	28	749	0	0	0
5.021	1	1	503	2	3	28	749	0	0	0
5.022	1	1	503	3	3	28	749	0	0	0
5.023	1	1	503	4	3	28	749	0	0	0
5.024	1	1	503	5	3	28	749	0	0	0
5.025	1	1	503	6	3	28	749	0	0	0
5.026	1	1	503	7	3	28	749	0	0	0
5.027	1	1	503	8	3	28	749	0	0	0
5.028	1	1	503	9	3	28	749	0	0	0
5.029	1	1	503	10	3	28	749	0	0	0
5.03	1	1	504	1	3	28	749	0	0	0
5.031	1	1	504	2	3	28	749	0	0	0
5.032	1	1	504	3	3	28	749	0	0	0
5.033	1	1	504	4	3	28	749	0	0	0
5.034	1	1	504	5	3	28	749	0	0	0
5.035	1	1	504	6	3	28	749	0	0	0
5.036	1	1	504	7	3	28	749	0	0	0
5.037	1	1	504	8	3	28	749	0	0	0
5.038	1	1	504	9	3	28	749	0	0	0
5.039	1	1	504	10	3	28	749	0	0	0
5.04	1	1	505	1	3	28	749	0	0	0
5.041	1	1	505	2	3	28	749	0	0	0
5.042	1	1	505	3	3	28	749	0	0	0
5.043	1	1	505	4	3	28	749	0	0	0
5.044	1	1	505	5	3	28	749	0	0	0
5.045	1	1	505	6	3	28	749	0	0	0
5.046	1	1	505	7	3	28	749	0	0	0
5.047	1	1	505	8	3	28	749	0	0	0
5.048	1	1	505	9	3	28	749	0	0	0
5.049	1	1	505	10	3	28	749	0	0	0
5.05	1	1	506	1	3	28	749	0	0	0
5.051	1	1	506	2	3	28	749	0	0	0
5.052	1	1	506	3	3	28	749	0	0	0
5.053	1	1	506	4	3	28	749	0	0	0
5.054	1	1	506	5	3	28	749	0	0	0
5.055	1	1	506	6	3	28	749	0	0	0
5.056	1	1	506	7	3	28	749	0	0	0
5.057	1	1	506	8	3	28	749	0	0	0
5.058	1	1	506	9	3	28	749	0	0	0
5.059	1	1	506	10	3	28	749	0	0	0
5.06	1	1	507	1	3	28	749	0	0	0
5.061	1	1	507	2	3	28	749	0	0	0
5.062	1	1	507	3	3	28	749	0	0	0
5.063	1	1	507	4	3	28	749	0	0	0
5.064	1	1	507	5	3	28	749	0	0	0
5.065	1	1	507	6	3	28	749	0	0	0
5.066	1	1	507	7	3	28	749	0	0	0
5.067	1	1	507	8	3	28	749	0	0	0
5.068	1	1	507	9	3	28	749	0	0	0
5.069	1	1	507	10	3	28	749	0	0	0
5.07	1	1	508	1	3	28	749	0	0	0
5.071	1	1	508	2	3	28	749	0	0	0
5.072	1	1	508	3	3	28	749	0	0	0
5.073	1	1	508	4	3	28	749	0	0	0
5.074	1	1	508	5	3	28	749	0	0	0
5.075	1	1	508	6	3	28	749	0	0	0
5.076	1	1	508	7	3	28	749	0	0	0
5.077	1	1	508	8	3	28	749	0	0	0
5.078	1	1	508	9	3	28	749	0	0	0
5.079	1	1	508	10	3	28	749	0	0	0
5.08	1	1	509	1	3	28	749	0	0	0
5.081	1	1	509	2	3	28	749	0	0	0
5.082	1	1	509	3	3	28	749	0	0	0
5.083	1	1	509	4	3	28	749	0	0	0
5.084	1	1	509	5	3	28	749	0	0	0
5.085	1	1	509	6	3	28	749	0	0	0
5.086	1	1	509	7	3	28	749	0	0	0
5.087	1	1	509	8	3	28	749	0	0	0
5.088	1	1	509	9	3	28	749	0	0	0
5.089	1	1	509	10	3	28	749	0	0	0
5.09	1	1	510	1	3	28	749	0	0	0
5.091	1	1	510	2	3	28	749	0	0	0
5.092	1	1	510	3	3	28	749	0	0	0
5.093	1	1	510	4	3	28	749	0	0	0
5.094	1	1	510	5	3	28	749	0	0	0
5.095	1	1	510	6	3	28	749	0	0	0
5.096	1	1	510	7	3	28	749	0	0	0
5.097	1	1	510	8	3	28	749	0	0	0
5.098	1	1	510	9	3	28	749	0	0	0
5.099	1	1	510	10	3	28	749	0	0	0
5.1	1	1	511	1	3	28	749	0	0	0
5.101	1	1	511	2	3	28	749	0	0	0
5.102	1	1	511	3	3	28	749	0	0	0
5.103	1	1	511	4	3	28	749	0	0	0
5.104	1	1	511	5	3	28	749	0	0	0
5.105	1	1	511	6	3	28	749	0	0	0
5.106	1	1	511	7	3	28	749	0	0	0
5.107	1	1	511	8	3	28	749	0	0	0
5.108	1	1	511	9	3	28	749	0	0	0
5.109	1	1	511	10	3	28	749	0	0	0
5.11	1	1	512	1	3	28	749	0	0	0
5.111	1	1	512	2	3	28	749	0	0	0
5.112	1	1	512	3	3	28	749	0	0	0
5.113	1	1	512	4	3	28	749	0	0	0
5.114	1	1	512	5	3	28	749	0	0	0
5.115	1	1	512	6	3	28	749	0	0	0
5.116	1	1	512	7	3	28	749	0	0	0
5.117	1	1	512	8	3	28	749	0	0	0
5.118	1	1	512	9	3	28	749	0	0	0
5.119	1	1	512	10	3	28	749	0	0	0
5.12	1	1	513	1	3	28	749	0	0	0
5.121	1	1	513	2	3	28	749	0	0	0
5.122	1	1	513	3	3	28	749	0	0	0
5.123	1	1	513	4	3	28	749	0	0	0
5.124	1	1	513	5	3	28	749	0	0	0
5.125	1	1	513	6	3	28	749	0	0	0
5.126	1	1	513	7	3	28	749	0	0	0
5.127	1	1	513	8	3	28	749	0	0	0
5.128	1	1	513	9	3	28	749	0	0	0
5.129	1	1	513	10	3	28	749	0	0	0
5.13	1	1	514	1	3	28	749	0	0	0
5.131	1	1	514	2	3	28	749	0	0	0
5.132	1	1	514	3	3	28	749	0	0	0
5.133	1	1	514	4	3	28	749	0	0	0
5.134	1	1	514	5	3	28	749	0	0	0
5.135	1	1	514	6	3	28	749	0	0	0
5.136	1	1	514	7	3	28	749	0	0	0
5.137	1	1	514	8	3	28	749	0	0	0
5.138	1	1	514	9	3	28	749	0	0	0
5.139	1	1	514	10	3	28	749	0	0	0
5.14	1	1	515	1	3	28	749	0	0	0
5.141	1	1	515	2	3	28	749	0	0	0
5.142	1	1	515	3	3	28	749	0	0	0
5.143	1	1	515	4	3	28	749	0	0	0
5.144	1	1	515	5	3	28	749	0	0	0
5.145	1	1	515	6	3	28	749	0	0	0
5.146	1	1	515	7	3	28	749	0	0	0
5.147	1	1	515	8	3	28	749	0	0	0
5.148	1	1	515	9	3	28	749	0	0	0
5.149	1	1	515	10	3	28	749	0	0	0
5.15	1	1	516	1	3	28	749	0	0	0
5.151	1	1	516	2	3	28	749	0	0	0
5.152	1	1	516	3	3	28	749	0	0	0
5.153	1	1	516	4	3	28	749	0	0	0
5.154	1	1	516	5	3	28	749	0	0	0
5.155	1	1	516	6	3	28	749	0	0	0
5.156	1	1	516	7	3	28	749	0	0	0
5.157	1	1	516	8	3	28	749	0	0	0
5.158	1	1	516	9	3	28	749	0	0	0
5.159	1	1	516	10	3	28	749	0	0	0
5.16	1	1	517	1	3	28	749	0	0	0
5.161	1	1	517	2	3	28	749	0	0	0
5.162	1	1	517	3	3	28	749	0	0	0
5.163	1	1	517	4	3	28	749	0	0	0
5.164	1	1	517	5	3	28	749	0	0	0
5.165	1	1	517	6	3	28	749	0	0	0
5.166	1	1	517	7	3	28	749	0	0	0
5.167	1	1	517	8	3	28	749	0	0	0
5.168	1	1	517	9	3	28	749	0	0	0
5.169	1	1	517	10	3	28	749	0	0	0
5.17	1	1	518	1	3	28	749	0	0	0
5.171	1	1	518	2	3	28	749	0	0	0
5.172	1	1	518	3	3	28	749	0	0	0
5.173	1	1	518	4	3	28	749	0	0	0
5.174	1	1	518	5	3	28	749	0	0	0
5.175	1	1	518	6	3	28	749	0	0	0
5.176	1	1	518	7	3	28	749	0	0	0
5.177	1	1	518	8	3	28	749	0	0	0
5.178	1	1	518	9	3	28	749	0	0	0
5.179	1	1	518	10	3	28	749	0	0	0
5.18	1	1	519	1	3	28	749	0	0	0
5.181	1	1	519	2	3	28	749	0	0	0
5.182	1	1	519	3	3	28	749	0	0	0
5.183	1	1	519	4	3	28	749	0	0	0
5.184	1	1	519	5	3	28	749	0	0	0
5.185	1	1	519	6	3	28	749	0	0	0
5.186	1	1	519	7	3	28	749	0	0	0
5.187	1	1	519	8	3	28	749	0	0	0
5.188	1	1	519	9	3	28	749	0	0	0
5.189	1	1	519	10	3	28	749	0	0	0
5.19	1	1	520	1	3	28	749	0	0	0
5.191	1	1	520	2	3	28	749	0	0	0
5.192	1	1	520	3	3	28	749	0	0	0
5.193	1	1	520	4	3	28	749	0	0	0
5.194	1	1	520	5	3	28	749	0	0	0
5.195	1	1	520	6	3	28	749	0	0	0
5.196	1	1	520	7	3	28	749	0	0	0
5.197	1	1	520	8	3	28	749	0	0	0
5.198	1	1	520	9	3	28	749	0	0	0
5.199	1	1	520	10	3	28	749	0	0	0
5.2	1	1	521	1	3	28	749	0	0	0
5.201	1	1	521	2	3	28	749	0	0	0
5.202	1	1	521	3	3	28	749	0	0	0
5.203	1	1	521	4	3	28	749	0	0	0
5.204	1	1	521	5	3	28	749	0	0	0
5.205	1	1	521	6	3	28	749	0	0	0
5.206	1	1	521	7	3	28	749	0	0	0
5.207	1	1	521	8	3	28	749	0	0	0
5.208	1	1	521	9	3	28	749	0	0	0
5.209	1	1	521	10	3	28	749	0	0	0
5.21	1	1	522	1	3	28	749	0	0	0
5.211	1	1	522	2	3	28	749	0	0	0
5.212	1	1	522	3	3	28	749	0	0	0
5.213	1	1	522	4	3	28	749	0	0	0
5.214	1	1	522	5	3	28	749	0	0	0
5.215	1	1	522	6	3	28	749	0	0	0
5.216	1	1	522	7	3	28	749	0	0	0
5.217	1	1	522	8	3	28	749	0	0	0
5.218	1	1	522	9	3	28	749	0	0	0
5.219	1	1	522	10	3	28	749	0	0	0
5.22	1	1	523	1	3	28	749	0	0	0
5.221	1	1	523	2	3	28	749	0	0	0
5.222	1	1	523	3	3	28	749	0	0	0
5.223	1	1	523	4	3	28	749	0	0	0
5.224	1	1	523	5	3	28	749	0	0	0
5.225	1	1	523	6	3	28	749	0	0	0
5.226	1	1	523	7	3	28	749	0	0	0
5.227	1	1	523	8	3	28	749	0	0	0
5.228	1	1	523	9	3	28	749	0	0	0
5.229	1	1	523	10	3	28	749	0	0	0
5.23	1	1	524	1	3	28	749	0	0	0
5.231	1	1	524	2	3	28	749	0	0	0
5.232	1	1	524	3	3	28	749	0	0	0
5.233	1	1	524	4	3	28	749	0	0	0
5.234	1	1	524	5	3	28	749	0	0	0
5.235	1	1	524	6	3	28	749	0	0	0
5.236	1	1	524	7	3	28	749	0	0	0
5.237	1	1	524	8	3	28	749	0	0	0
5.238	1	1	524	9	3	28	749	0	0	0
5.239	1	1	524	10	3	28	749	0	0	0
5.24	1	1	525	1	3	28	749	0	0	0
5.241	1	1	525	2	3	28	749	0	0	0
5.242	1	1	525	3	3	28	749	0	0	0
5.243	1	1	525	4	3	28	749	0	0	0
5.244	1	1	525	5	3	28	749	0	0	0
5.245	1	1	525	6	3	28	749	0	0	0
5.246	1	1	525	7	3	28	749	0	0	0
5.247	1	1	525	8	3	28	749	0	0	0
5.248	1	1	525	9	3	28	749	0	0	0
5.249	1	1	525	10	3	28	749	0	0	0
5.25	1	1	526	1	3	28	749	0	0	0
5.251	1	1	526	2	3	28	749	0	0	0
5.252	1	1	526	3	3	28	749	0	0	0
5.253	1	1	526	4	3	28	749	0	0	0
5.254	1	1	526	5	3	28	749	0	0	0
5.255	1	1	526	6	3	28	749	0	0	0
5.256	1	1	526	7	3	28	749	0	0	0
5.257	1	1	526	8	3	28	749	0	0	0
5.258	1	1	526	9	3	28	749	0	0	0
5.259	1	1	526	10	3	28	749	0	0	0
5.26	1	1	527	1	3	28	749	0	0	0
5.261	1	1	527	2	3	28	749	0	0	0
5.262	1	1	527	3	3	28	749	0	0	0
5.263	1	1	527	4	3	28	749	0	0	0
5.264	1	1	527	5	3	28	749	0	0	0
5.265	1	1	527	6	3	28	749	0	0	0
5.266	1	1	527	7	3	28	749	0	0	0
5.267	1	1	527	8	3	28	749	0	0	0
5.268	1	1	527	9	3	28	749	0	0	0
5.269	1	1	527	10	3	28	749	0	0	0
5.27	1	1	528	1	3	28	749	0	0	0
5.271	1	1	528	2	3	28	749	0	0	0
5.272	1	1	528	3	3	28	749	0	0	0
5.273	1	1	528	4	3	28	749	0	0	0
5.274	1	1	528	5	3	28	749	0	0	0
5.275	1	1	528	6	3	28	749	0	0	0
5.276	1	1	528	7	3	28	749	0	0	0
5.277	1	1	528	8	3	28	749	0	0	0
5.278	1	1	528	9	3	28	749	0	0	0
5.279	1	1	528	10	3	28	749	0	0	0
5.28	1	1	529	1	3	28	749	0	0	0
5.281	1	1	529	2	3	28	749	0	0	0
5.282	1	1	529	3	3	28	749	0	0	0
5.283	1	1	529	4	3	28	749	0	0	0
5.284	1	1	529	5	3	28	749	0	0	0
5.285	1	1	529	6	3	28	749	0	0	0
5.286	1	1	529	7	3	28	749	0	0	0
5.287	1	1	529	8	3	28	749	0	0	0
5.288	1	1	529	9	3	28	749	0	0	0
5.289	1	1	529	10	3	28	749	0	0	0
5.29	1	1	530	1	3	28	749	0	0	0
5.291	1	1	530	2	3	28	749	0	0	0
5.292	1	1	530	3	3	28	749	0	0	0
5.293	1	1	530	4	3	28	749	0	0	0
5.294	1	1	530	5	3	28	749	0	0	0
5.295	1	1	530	6	3	28	749	0	0	0
5.296	1	1	530	7	3	28	749	0	0	0
5.297	1	1	530	8	3	28	749	0	0	0
5.298	1	1	530	9	3	28	749	0	0	0
5.299	1	1	530	10	3	28	749	0	0	0
5.3	1	1	531	1	3	28	749	0	0	0
5.301	1	1	531	2	3	28	749	0	0	0
5.302	1	1	531	3	3	28	749	0	0	0
5.303	1	1	531	4	3	28	749	0	0	0
5.304	1	1	531	5	3	28	749	0	0	0
5.305	1	1	531	6	3	28	749	0	0	0
5.306	1	1	531	7	3	28	749	0	0	0
5.307	1	1	531	8	3	28	749	0	0	0
5.308	1	1	531	9	3	28	749	0	0	0
5.309	1	1	531	10	3	28	749	0	0	0
5.31	1	1	532	1	3	28	749	0	0	0
5.311	1	1	532	2	3	28	749	0	0	0
5.312	1	1	532	3	3	28	749	0	0	0
5.313	1	1	532	4	3	28	749	0	0	0
5.314	1	1	532	5	3	28	749	0	0	0
5.315	1	1	532	6	3	28	749	0	0	0
5.316	1	1	532	7	3	28	749	0	0	0
5.317	1	1	532	8	3	28	749	0	0	0
5.318	1	1	532	9	3	28	749	0	0	0
5.319	1	1	532	10	3	28	749	0	0	0
5.32	1	1	533	1	3	28	749	0	0	0
5.321	1	1	533	2	3	28	749	0	0	0
5.322	1	1	533	3	3	28	749	0	0	0
5.323	1	1	533	4	3	28	749	0	0	0
5.324	1	1	533	5	3	28	749	0	0	0
5.325	1	1	533	6	3	28	749	0	0	0
5.326	1	1	533	7	3	28	749	0	0	0
5.327	1	1	533	8	3	28	749	0	0	0
5.328	1	1	533	9	3	28	749	0	0	0
5.329	1	1	533	10	3	28	749	0	0	0
5.33	1	1	534	1	3	28	749	0	0	0
5.331	1	1	534	2	3	28	749	0	0	0
5.332	1	1	534	3	3	28	749	0	0	0
5.333	1	1	534	4	3	28	749	0	0	0
5.334	1	1	534	5	3	28	749	0	0	0
5.335	1	1	534	6	3	28	749	0	0	0
5.336	1	1	534	7	3	28	749	0	0	0
5.337	1	1	534	8	3	28	749	0	0	0
5.338	1	1	534	9	3	28	749	0	0	0
5.339	1	1	534	10	3	28	749	0	0	0
5.34	1	1	535	1	3	28	749	0	0	0
5.341	1	1	535	2	3	28	749	0	0	0
5.342	1	1	535	3	3	28	749	0	0	0
5.343	1	1	535	4	3	28	749	0	0	0
5.344	1	1	535	5	3	28	749	0	0	0
5.345	1	1	535	6	3	28	749	0	0	0
5.346	1	1	535	7	3	28	749	0	0	0
5.347	1	1	535	8	3	28	749	0	0	0
5.348	1	1	535	9	3	28	749	0	0	0
5.349	1	1	535	10	3	28	749	0	0	0
5.35	1	1	536	1	3	28	749	0	0	0
5.351	1	1	536	2	3	28	749	0	0	0
5.352	1	1	536	3	3	28	749	0	0	0
5.353	1	1	536	4	3	28	749	0	0	0
5.354	1	1	536	5	3	28	749	0	0	0
5.355	1	1	536	6	3	28	749	0	0	0
5.356	1	1	536	7	3	28	749	0	0	0
5.357	1	1	536	8	3	28	749	0	0	0
5.358	1	1	536	9	3	28	749	0	0	0
5.359	1	1	536	10	3	28	749	0	0	0
5.36	1	1	537	1	3	28	749	0	0	0
5.361	1	1	537	2	3	28	749	0	0	0
5.362	1	1	537	3	3	28	749	0	0	0
5.363	1	1	537	4	3	28	749	0	0	0
5.364	1	1	537	5	3	28	749	0	0	0
5.365	1	1	537	6	3	28	749	0	0	0
5.366	1	1	537	7	3	28	749	0	0	0
5.367	1	1	537	8	3	28	749	0	0	0
5.368	1	1	537	9	3	28	749	0	0	0
5.369	1	1	537	10	3	28	749	0	0	0
5.37	1	1	538	1	3	28	749	0	0	0
5.371	1	1	538	2	3	28	749	0	0	0
5.372	1	1	538	3	3	28	749	0	0	0
5.373	1	1	538	4	3	28	749	0	0	0
5.374	1	1	538	5	3	28	749	0	0	0
5.375	1	1	538	6	3	28	749	0	0	0
5.376	1	1	538	7	3	28	749	0	0	0
5.377	1	1	538	8	3	28	749	0	0	0
5.378	1	1	538	9	3	28	749	0	0	0
5.379	1	1	538	10	3	28	749	0	0	0
5.38	1	1	539	1	3	28	749	0	0	0
5.381	1	1	539	2	3	28	749	0	0	0
5.382	1	1	539	3	3	28	749	0	0	0
5.383	1	1	539	4	3	28	749	0	0	0
5.384	1	1	539	5	3	28	749	0	0	0
5.385	1	1	539	6	3	28	749	0	0	0
5.386	1	1	539	7	3	28	749	0	0	0
5.387	1	1	539	8	3	28	749	0	0	0
5.388	1	1	539	9	3	28	749	0	0	0
5.389	1	1	539	10	3	28	749	0	0	0
5.39	1	1	540	1	3	28	749	0	0	0
5.391	1	1	540	2	3	28	749	0	0	0
5.392	1	1	540	3	3	28	749	0	0	0
5.393	1	1	540	4	3	28	749	0	0	0
5.394	1	1	540	5	3	28	749	0	0	0
5.395	1	1	540	6	3	28	749	0	0	0
5.396	1	1	540	7	3	28	749	0	0	0
5.397	1	1	540	8	3	28	749	0	0	0
5.398	1	1	540	9	3	28	749	0	0	0
5.399	1	1	540	10	3	28	749	0	0	0
5.4	1	1	541	1	3	28	749	0	0	0
5.401	1	1	541	2	3	28	749	0	0	0
5.402	1	1	541	3	3	28	749	0	0	0
5.403	1	1	541	4	3	28	749	0	0	0
5.404	1	1	541	5	3	28	749	0	0	0
5.405	1	1	541	6	3	28	749	0	0	0
5.406	1	1	541	7	3	28	749	0	0	0
5.407	1	1	541	8	3	28	749	0	0	0
5.408	1	1	541	9	3	28	749	0	0	0
5.409	1	1	541	10	3	28	749	0	0	0
5.41	1	1	542	1	3	28	749	0	0	0
5.411	1	1	542	2	3	28	749	0	0	0
5.412	1	1	542	3	3	28	749	0	0	0
5.413	1	1	542	4	3	28	749	0	0	0
5.414	1	1	542	5	3	28	749	0	0	0
5.415	1	1	542	6	3	28	749	0	0	0
5.416	1	1	542	7	3	28	749	0	0	0
5.417	1	1	542	8	3	28	749	0	0	0
5.418	1	1	542	9	3	28	749	0	0	0
5.419	1	1	542	10	3	28	749	0	0	0
5.42	1	1	543	1	3	28	749	0	0	0
5.421	1	1	543	2	3	28	749	0	0	0
5.422	1	1	543	3	3	28	749	0	0	0
5.423	1	1	543	4	3	28	749	0	0	0
5.424	1	1	543	5	3	28	749	0	0	0
5.425	1	1	543	6	3	28	749	0	0	0
5.426	1	1	543	7	3	28	749	0	0	0
5.427	1	1	543	8	3	28	749	0	0	0
5.428	1	1	543	9	3	28	749	0	0	0
5.429	1	1	543	10	3	28	749	0	0	0
5.43	1	1	544	1	3	28	749	0	0	0
5.431	1	1	544	2	3	28	749	0	0	0
5.432	1	1	544	3	3	28	749	0	0	0
5.433	1	1	544	4	3	28	749	0	0	0
5.434	1	1	544	5	3	28	749	0	0	0
5.435	1	1	544	6	3	28	749	0	0	0
5.436	1	1	544	7	3	28	749	0	0	0
5.437	1	1	544	8	3	28	749	0	0	0
5.438	1	1	544	9	3	28	749	0	0	0
5.439	1	1	544	10	3	28	749	0	0	0
5.44	1	1	545	1	3	28	749	0	0	0
5.441	1	1	545	2	3	28	749	0	0	0
5.442	1	1	545	3	3	28	749	0	0	0
5.443	1	1	545	4	3	28	749	0	0	0
5.444	1	1	545	5	3	28	749	0	0	0
5.445	1	1	545	6	3	28	749	0	0	0
5.446	1	1	545	7	3	28	749	0	0	0
5.447	1	1	545	8	3	28	749	0	0	0
5.448	1	1	545	9	3	28	749	0	0	0
5.449	1	1	545	10	3	28	749	0	0	0
5.45	1	1	546	1	3	28	749	0	0	0
5.451	1	1	546	2	3	28	749	0	0	0
5.452	1	1	546	3	3	28	749	0	0	0
5.453	1	1	546	4	3	28	749	0	0	0
5.454	1	1	546	5	3	28	749	0	0	0
5.455	1	1	546	6	3	28	749	0	0	0
5.456	1	1	546	7	3	28	749	0	0	0
5.457	1	1	546	8	3	28	749	0	0	0
5.458	1	1	546	9	3	28	749	0	0	0
5.459	1	1	546	10	3	28	749	0	0	0
5.46	1	1	547	1	3	28	749	0	0	0
5.461	1	1	547	2	3	28	749	0	0	0
5.462	1	1	547	3	3	28	749	0	0	0
5.463	1	1	547	4	3	28	749	0	0	0
5.464	1	1	547	5	3	28	749	0	0	0
5.465	1	1	547	6	3	28	749	0	0	0
5.466	1	1	547	7	3	28	749	0	0	0
5.467	1	1	547	8	3	28	749	0	0	0
5.468	1	1	547	9	3	28	749	0	0	0
5.469	1	1	547	10	3	28	749	0	0	0
5.47	1	1	548	1	3	28	749	0	0	0
5.471	1	1	548	2	3	28	749	0	0	0
5.472	1	1	548	3	3	28	749	0	0	0
5.473	1	1	548	4	3	28	749	0	0	0
5.474	1	1	548	5	3	28	749	0	0	0
5.475	1	1	548	6	3	28	749	0	0	0
5.476	1	1	548	7	3	28	749	0	0	0
5.477	1	1	548	8	3	28	749	0	0	0
5.478	1	1	548	9	3	28	749	0	0	0
5.479	1	1	548	10	3	28	749	0	0	0
5.48	1	1	549	1	3	28	749	0	0	0
5.481	1	1	549	2	3	28	749	0	0	0
5.482	1	1	549	3	3	28	749	0	0	0
5.483	1	1	549	4	3	28	749	0	0	0
5.484	1	1	549	5	3	28	749	0	0	0
5.485	1	1	549	6	3	28	749	0	0	0
5.486	1	1	549	7	3	28	749	0	0	0
5.487	1	1	549	8	3	28	749	0	0	0
5.488	1	1	549	9	3	28	749	0	0	0
5.489	1	1	549	10	3	28	749	0	0	0
5.49	1	1	550	1	3	28	749	0	0	0
5.491	1	1	550	2	3	28	749	0	0	0
5.492	1	1	550	3	3	28	749	0	0	0
5.493	1	1	550	4	3	28	749	0	0	0
5.494	1	1	550	5	3	28	749	0	0	0
5.495	1	1	550	6	3	28	749	0	0	0
5.496	1	1	550	7	3	28	749	0	0	0
5.497	1	1	550	8	3	28	749	0	0	0
5.498	1	1	550	9	3	28	749	0	0	0
5.499	1	1	550	10	3	28	749	0	0	0
5.5	1	1	551	1	3	28	749	0	0	0
5.501	1	1	551	2	3	28	749	0	0	0
5.502	1	1	551	3	3	28	749	0	0	0
5.503	1	1	551	4	3	28	749	0	0	0
5.504	1	1	551	5	3	28	749	0	0	0
5.505	1	1	551	6	3	28	749	0	0	0
5.506	1	1	551	7	3	28	749	0	0	0
5.507	1	1	551	8	3	28	749	0	0	0
5.508	1	1	551	9	3	28	749	0	0	0
5.509	1	1	551	10	3	28	749	0	0	0
5.51	1	1	552	1	3	28	749	0	0	0
5.511	1	1	552	2	3	28	749	0	0	0
5.512	1	1	552	3	3	28	749	0	0	0
5.513	1	1	552	4	3	28	749	0	0	0
5.514	1	1	552	5	3	28	749	0	0	0
5.515	1	1	552	6	3	28	749	0	0	0
5.516	1	1	552	7	3	28	749	0	0	0
5.517	1	1	552	8	3	28	749	0	0	0
5.518	1	1	552	9	3	28	749	0	0	0
5.519	1	1	552	10	3	28	749	0	0	0
5.52	1	1	553	1	3	28	749	0	0	0
5.521	1	1	553	2	3	28	749	0	0	0
5.522	1	1	553	3	3	28	749	0	0	0
5.523	1	1	553	4	3	28	749	0	0	0
5.524	1	1	553	5	3	28	749	0	0	0
5.525	1	1	553	6	3	28	749	0	0	0
5.526	1	1	553	7	3	28	749	0	0	0
5.527	1	1	553	8	3	28	749	0	0	0
5.528	1	1	553	9	3	28	749	0	0	0
5.529	1	1	553	10	3	28	749	0	0	0
5.53	1	1	554	1	3	28	749	0	0	0
5.531	1	1	554	2	3	28	749	0	0	0
5.532	1	1	554	3	3	28	749	0	0	0
5.533	1	1	554	4	3	28	749	0	0	0
5.534	1	1	554	5	3	28	749	0	0	0
5.535	1	1	554	6	3	28	749	0	0	0
5.536	1	1	554	7	3	28	749	0	0	0
5.537	1	1	554	8	3	28	749	0	0	0
5.538	1	1	554	9	3	28	749	0	0	0
5.539	1	1	554	10	3	28	749	0	0	0
5.54	1	1	555	1	3	28	749	0	0	0
5.541	1	1	555	2	3	28	749	0	0	0
5.542	1	1	555	3	3	28	749	0	0	0
5.543	1	1	555	4	3	28	749	0	0	0
5.544	1	1	555	5	3	28	749	0	0	0
5.545	1	1	555	6	3	28	749	0	0	0
5.546	1	1	555	7	3	28	749	0	0	0
5.547	1	1	555	8	3	28	749	0	0	0
5.548	1	1	555	9	3	28	749	0	0	0
5.549	1	1	555	10	3	28	749	0	0	0
5.55	1	1	556	1	3	28	749	0	0	0
5.551	1	1	556	2	3	28	749	0	0	0
5.552	1	1	556	3	3	28	749	0	0	0
5.553	1	1	556	4	3	28	749	0	0	0
5.554	1	1	556	5	3	28	749	0	0	0
5.555	1	1	556	6	3	28	749	0	0	0
5.556	1	1	556	7	3	28	749	0	0	0
5.557	1	1	556	8	3	28	749	0	0	0
5.558	1	1	556	9	3	28	749	0	0	0
5.559	1	1	556	10	3	28	749	0	0	0
5.56	1	1	557	1	3	28	749	0	0	0
5.561	1	1	557	2	3	28	749	0	0	0
5.562	1	1	557	3	3	28	749	0	0	0
5.563	1	1	557	4	3	28	749	0	0	0
5.564	1	1	557	5	3	28	749	0	0	0
5.565	1	1	557	6	3	28	749	0	0	0
5.566	1	1	557	7	3	28	749	0	0	0
5.567	1	1	557	8	3	28	749	0	0	0
5.568	1	1	557	9	3	28	749	0	0	0
5.569	1	1	557	10	3	28	749	0	0	0
5.57	1	1	558	1	3	28	749	0	0	0
5.571	1	1	558	2	3	28	749	0	0	0
5.572	1	1	558	3	3	28	749	0	0	0
5.573	1	1	558	4	3	28	749	0	0	0
5.574	1	1	558	5	3	28	749	0	0	0
5.575	1	1	558	6	3	28	749	0	0	0
5.576	1	1	558	7	3	28	749	0	0	0
5.577	1	1	558	8	3	28	749	0	0	0
5.578	1	1	558	9	3	28	749	0	0	0
5.579	1	1	558	10	3	28	749	0	0	0
5.58	1	1	559	1	3	28	749	0	0	0
5.581	1	1	559	2	3	28	749	0	0	0
5.582	1	1	559	3	3	28	749	0	0	0
5.583	1	1	559	4	3	28	749	0	0	0
5.584	1	1	559	5	3	28	749	0	0	0
5.585	1	1	559	6	3	28	749	0	0	0
5.586	1	1	559	7	3	28	749	0	0	0
5.587	1	1	559	8	3	28	749	0	0	0
5.588	1	1	559	9	3	28	749	0	0	0
5.589	1	1	559	10	3	28	749	0	0	0
5.59	1	1	560	1	3	28	749	0	0	0
5.591	1	1	560	2	3	28	749	0	0	0
5.592	1	1	560	3	3	28	749	0	0	0
5.593	1	1	560	4	3	28	749	0	0	0
5.594	1	1	560	5	3	28	749	0	0	0
5.595	1	1	560	6	3	28	749	0	0	0
5.596	1	1	560	7	3	28	749	0	0	0
5.597	1	1	560	8	3	28	749	0	0	0
5.598	1	1	560	9	3	28	749	0	0	0
5.599	1	1	560	10	3	28	749	0	0	0
5.6	1	1	561	1	3	28	749	0	0	0
5.601	1	1	561	2	3	28	749	0	0	0
5.602	1	1	561	3	3	28	749	0	0	0
5.603	1	1	561	4	3	28	749	0	0	0
5.604	1	1	561	5	3	28	749	0	0	0
5.605	1	1	561	6	3	28	749	0	0	0
5.606	1	1	561	7	3	28	749	0	0	0
5.607	1	1	561	8	3	28	749	0	0	0
5.608	1	1	561	9	3	28	749	0	0	0
5.609	1	1	561	10	3	28	749	0	0	0
5.61	1	1	562	1	3	28	749	0	0	0
5.611	1	1	562	2	3	28	749	0	0	0
5.612	1	1	562	3	3	28	749	0	0	0
5.613	1	1	562	4	3	28	749	0	0	0
5.614	1	1	562	5	3	28	749	0	0	0
5.615	1	1	562	6	3	28	749	0	0	0
5.616	1	1	562	7	3	28	749	0	0	0
5.617	1	1	562	8	3	28	749	0	0	0
5.618	1	1	562	9	3	28	749	0	0	0
5.619	1	1	562	10	3	28	749	0	0	0
5.62	1	1	563	1	3	28	749	0	0	0
5.621	1	1	563	2	3	28	749	0	0	0
5.622	1	1	563	3	3	28	749	0	0	0
5.623	1	1	563	4	3	28	749	0	0	0
5.624	1	1	563	5	3	28	749	0	0	0
5.625	1	1	563	6	3	28	749	0	0	0
5.626	1	1	563	7	3	28	749	0	0	0
5.627	1	1	563	8	3	28	749	0	0	0
5.628	1	1	563	9	3	28	749	0	0	0
5.629	1	1	563	10	3	28	749	0	0	0
5.63	1	1	564	1	3	28	749	0	0	0
5.631	1	1	564	2	3	28	749	0	0	0
5.632	1	1	564	3	3	28	749	0	0	0
5.633	1	1	564	4	3	28	749	0	0	0
5.634	1	1	564	5	3	28	749	0	0	0
5.635	1	1	564	6	3	28	749	0	0	0
5.636	1	1	564	7	3	28	749	0	0	0
5.637	1	1	564	8	3	28	749	0	0	0
5.638	1	1	564	9	3	28	749	0	0	0
5.639	1	1	564	10	3	28	749	0	0	0
5.64	1	1	565	1	3	28	749	0	0	0
5.641	1	1	565	2	3	28	749	0	0	0
5.642	1	1	565	3	3	28	749	0	0	0
5.643	1	1	565	4	3	28	749	0	0	0
5.644	1	1	565	5	3	28	749	0	0	0
5.645	1	1	565	6	3	28	749	0	0	0
5.646	1	1	565	7	3	28	749	0	0	0
5.647	1	1	565	8	3	28	749	0	0	0
5.648	1	1	565	9	3	28	749	0	0	0
5.649	1	1	565	10	3	28	749	0	0	0
5.65	1	1	566	1	3	28	749	0	0	0
5.651	1	1	566	2	3	28	749	0	0	0
5.652	1	1	566	3	3	28	749	0	0	0
5.653	1	1	566	4	3	28	749	0	0	0
5.654	1	1	566	5	3	28	749	0	0	0
5.655	1	1	566	6	3	28	749	0	0	0
5.656	1	1	566	7	3	28	749	0	0	0
5.657	1	1	566	8	3	28	749	0	0	0
5.658	1	1	566	9	3	28	749	0	0	0
5.659	1	1	566	10	3	28	749	0	0	0
5.66	1	1	567	1	3	28	749	0	0	0
5.661	1	1	567	2	3	28	749	0	0	0
5.662	1	1	567	3	3	28	749	0	0	0
5.663	1	1	567	4	3	28	749	0	0	0
5.664	1	1	567	5	3	28	749	0	0	0
5.665	1	1	567	6	3	28	749	0	0	0
5.666	1	1	567	7	3	28	749	0	0	0
5.667	1	1	567	8	3	28	749	0	0	0
5.668	1	1	567	9	3	28	749	0	0	0
5.669	1	1	567	10	3	28	749	0	0	0
5.67	1	1	568	1	3	28	749	0	0	0
5.671	1	1	568	2	3	28	749	0	0	0
5.672	1	1	568	3	3	28	749	0	0	0
5.673	1	1	568	4	3	28	749	0	0	0
5.674	1	1	568	5	3	28	749	0	0	0
5.675	1	1	568	6	3	28	749	0	0	0
5.676	1	1	568	7	3	28	749	0	0	0
5.677	1	1	568	8	3	28	749	0	0	0
5.678	1	1	568	9	3	28	749	0	0	0
5.679	1	1	568	10	3	28	749	0	0	0
5.68	1	1	569	1	3	28	749	0	0	0
5.681	1	1	569	2	3	28	749	0	0	0
5.682	1	1	569	3	3	28	749	0	0	0
5.683	1	1	569	4	3	28	749	0	0	0
5.684	1	1	569	5	3	28	749	0	0	0
5.685	1	1	569	6	3	28	749	0	0	0
5.686	1	1	569	7	3	28	749	0	0	0
5.687	1	1	569	8	3	28	749	0	0	0
5.688	1	1	569	9	3	28	749	0	0	0
5.689	1	1	569	10	3	28	749	0	0	0
5.69	1	1	570	1	3	28	749	0	0	0
5.691	1	1	570	2	3	28	749	0	0	0
5.692	1	1	570	3	3	28	749	0	0	0
5.693	1	1	570	4	3	28	749	0	0	0
5.694	1	1	570	5	3	28	749	0	0	0
5.695	1	1	570	6	3	28	749	0	0	0
5.696	1	1	570	7	3	28	749	0	0	0
5.697	1	1	570	8	3	28	749	0	0	0
5.698	1	1	570	9	3	28	749	0	0	0
5.699	1	1	570	10	3	28	749	0	0	0
5.7	1	1	571	1	3	28	749	0	0	0
5.701	1	1	571	2	3	28	749	0	0	0
5.702	1	1	571	3	3	28	749	0	0	0
5.703	1	1	571	4	3	28	749	0	0	0
5.704	1	1	571	5	3	28	749	0	0	0
5.705	1	1	571	6	3	28	749	0	0	0
5.706	1	1	571	7	3	28	749	0	0	0
5.707	1	1	571	8	3	28	749	0	0	0
5.708	1	1	571	9	3	28	749	0	0	0
5.709	1	1	571	10	3	28	749	0	0	0
5.71	1	1	572	1	3	28	749	0	0	0
5.711	1	1	572	2	3	28	749	0	0	0
5.712	1	1	572	3	3	28	749	0	0	0
5.713	1	1	572	4	3	28	749	0	0	0
5.714	1	1	572	5	3	28	749	0	0	0
5.715	1	1	572	6	3	28	749	0	0	0
5.716	1	1	572	7	3	28	749	0	0	0
5.717	1	1	572	8	3	28	749	0	0	0
5.718	1	1	572	9	3	28	749	0	0	0
5.719	1	1	572	10	3	28	749	0	0	0
5.72	1	1	573	1	3	28	749	0	0	0
5.721	1	1	573	2	3	28	749	0	0	0
5.722	1	1	573	3	3	28	749	0	0	0
5.723	1	1	573	4	3	28	749	0	0	0
5.724	1	1	573	5	3	28	749	0	0	0
5.725	1	1	573	6	3	28	749	0	0	0
5.726	1	1	573	7	3	28	749	0	0	0
5.727	1	1	573	8	3	28	749	0	0	0
5.728	1	1	573	9	3	28	749	0	0	0
5.729	1	1	573	10	3	28	749	0	0	0
5.73	1	1	574	1	3	28	749	0	0	0
5.731	1	1	574	2	3	28	749	0	0	0
5.732	1	1	574	3	3	28	749	0	0	0
5.733	1	1	574	4	3	28	749	0	0	0
5.734	1	1	574	5	3	28	749	0	0	0
5.735	1	1	574	6	3	28	749	0	0	0
5.736	1	1	574	7	3	28	749	0	0	0
5.737	1	1	574	8	3	28	749	0	0	0
5.738	1	1	574	9	3	28	749	0	0	0
5.739	1	1	574	10	3	28	749	0	0	0
5.74	1	1	575	1	3	28	749	0	0	0
5.741	1	1	575	2	3	28	749	0	0	0
5.742	1	1	575	3	3	28	749	0	0	0
5.743	1	1	575	4	3	28	749	0	0	0
5.744	1	1	575	5	3	28	749	0	0	0
5.745	1	1	575	6	3	28	749	0	0	0
5.746	1	1	575	7	3	28	749	0	0	0
5.747	1	1	575	8	3	28	749	0	0	0
5.748	1	1	575	9	3	28	749	0	0	0
5.749	1	1	575	10	3	28	749	0	0	0
5.75	1	1	576	1	3	28	749	0	0	0
5.751	1	1	576	2	3	28	749	0	0	0
5.752	1	1	576	3	3	28	749	0	0	0
5.753	1	1	576	4	3	28	749	0	0	0
5.754	1	1	576	5	3	28	749	0	0	0
5.755	1	1	576	6	3	28	749	0	0	0
5.756	1	1	576	7	3	28	749	0	0	0
5.757	1	1	576	8	3	28	749	0	0	0
5.758	1	1	576	9	3	28	749	0	0	0
5.759	1	1	576	10	3	28	749	0	0	0
5.76	1	1	577	1	3	28	749	0	0	0
5.761	1	1	577	2	3	28	749	0	0	0
5.762	1	1	577	3	3	28	749	0	0	0
5.763	1	1	577	4	3	28	749	0	0	0
5.764	1	1	577	5	3	28	749	0	0	0
5.765	1	1	577	6	3	28	749	0	0	0
5.766	1	1	577	7	3	28	749	0	0	0
5.767	1	1	577	8	3	28	749	0	0	0
5.768	1	1	577	9	3	28	749	0	0	0
5.769	1	1	577	10	3	28	749	0	0	0
5.77	1	1	578	1	3	28	749	0	0	0
5.771	1	1	578	2	3	28	749	0	0	0
5.772	1	1	578	3	3	28	749	0	0	0
5.773	1	1	578	4	3	28	749	0	0	0
5.774	1	1	578	5	3	28	749	0	0	0
5.775	1	1	578	6	3	28	749	0	0	0
5.776	1	1	578	7	3	28	749	0	0	0
5.777	1	1	578	8	3	28	749	0	0	0
5.778	1	1	578	9	3	28	749	0	0	0
5.779	1	1	578	10	3	28	749	0	0	0
5.78	1	1	579	1	3	28	749	0	0	0
5.781	1	1	579	2	3	28	749	0	0	0
5.782	1	1	579	3	3	28	749	0	0	0
5.783	1	1	579	4	3	28	749	0	0	0
5.784	1	1	579	5	3	28	749	0	0	0
5.785	1	1	579	6	3	28	749	0	0	0
5.786	1	1	579	7	3	28	749	0	0	0
5.787	1	1	579	8	3	28	749	0	0	0
5.788	1	1	579	9	3	28	749	0	0	0
5.789	1	1	579	10	3	28	749	0	0	0
5.79	1	1	580	1	3	28	749	0	0	0
5.791	1	1	580	2	3	28	749	0	0	0
5.792	1	1	580	3	3	28	749	0	0	0
5.793	1	1	580	4	3	28	749	0	0	0
5.794	1	1	580	5	3	28	749	0	0	0
5.795	1	1	580	6	3	28	749	0	0	0
5.796	1	1	580	7	3	28	749	0	0	0
5.797	1	1	580	8	3	28	749	0	0	0
5.798	1	1	580	9	3	28	749	0	0	0
5.799	1	1	580	10	3	28	749	0	0	0
5.8	1	1	581	1	3	28	749	0	0	0
5.801	1	1	581	2	3	28	749	0	0	0
5.802	1	1	581	3	3	28	749	0	0	0
5.803	1	1	581	4	3	28	749	0	0	0
5.804	1	1	581	5	3	28	749	0	0	0
5.805	1	1	581	6	3	28	749	0	0	0
5.806	1	1	581	7	3	28	749	0	0	0
5.807	1	1	581	8	3	28	749	0	0	0
5.808	1	1	581	9	3	28	749	0	0	0
5.809	1	1	581	10	3	28	749	0	0	0
5.81	1	1	582	1	3	28	749	0	0	0
5.811	1	1	582	2	3	28	749	0	0	0
5.812	1	1	582	3	3	28	749	0	0	0
5.813	1	1	582	4	3	28	749	0	0	0
5.814	1	1	582	5	3	28	749	0	0	0
5.815	1	1	582	6	3	28	749	0	0	0
5.816	1	1	582	7	3	28	749	0	0	0
5.817	1	1	582	8	3	28	749	0	0	0
5.818	1	1	582	9	3	28	749	0	0	0
5.819	1	1	582	10	3	28	749	0	0	0
5.82	1	1	583	1	3	28	749	0	0	0
5.821	1	1	583	2	3	28	749	0	0	0
5.822	1	1	583	3	3	28	749	0	0	0
5.823	1	1	583	4	3	28	749	0	0	0
5.824	1	1	583	5	3	28	749	0	0	0
5.825	1	1	583	6	3	28	749	0	0	0
5.826	1	1	583	7	3	28	749	0	0	0
5.827	1	1	583	8	3	28	749	0	0	0
5.828	1	1	583	9	3	28	749	0	0	0
5.829	1	1	583	10	3	28	749	0	0	0
5.83	1	1	584	1	3	28	749	0	0	0
5.831	1	1	584	2	3	28	749	0	0	0
5.832	1	1	584	3	3	28	749	0	0	0
5.833	1	1	584	4	3	28	749	0	0	0
5.834	1	1	584	5	3	28	749	0	0	0
5.835	1	1	584	6	3	28	749	0	0	0
5.836	1	1	584	7	3	28	749	0	0	0
5.837	1	1	584	8	3	28	749	0	0	0
5.838	1	1	584	9	3	28	749	0	0	0
5.839	1	1	584	10	3	28	749	0	0	0
5.84	1	1	585	1	3	28	749	0	0	0
5.841	1	1	585	2	3	28	749	0	0	0
5.842	1	1	585	3	3	28	749	0	0	0
5.843	1	1	585	4	3	28	749	0	0	0
5.844	1	1	585	5	3	28	749	0	0	0
5.845	1	1	585	6	3	28	749	0	0	0
5.846	1	1	585	7	3	28	749	0	0	0
5.847	1	1	585	8	3	28	749	0	0	0
5.848	1	1	585	9	3	28	749	0	0	0
5.849	1	1	585	10	3	28	749	0	0	0
5.85	1	1	586	1	3	28	749	0	0	0
5.851	1	1	586	2	3	28	749	0	0	0
5.852	1	1	586	3	3	28	749	0	0	0
5.853	1	1	586	4	3	28	749	0	0	0
5.854	1	1	586	5	3	28	749	0	0	0
5.855	1	1	586	6	3	28	749	0	0	0
5.856	1	1	586	7	3	28	749	0	0	0
5.857	1	1	586	8	3	28	749	0	0	0
5.858	1	1	586	9	3	28	749	0	0	0
5.859	1	1	586	10	3	28	749	0	0	0
5.86	1	1	587	1	3	28	749	0	0	0
5.861	1	1	587	2	3	28	749	0	0	0
5.862	1	1	587	3	3	28	749	0	0	0
5.863	1	1	587	4	3	28	749	0	0	0
5.864	1	1	587	5	3	28	749	0	0	0
5.865	1	1	587	6	3	28	749	0	0	0
5.866	1	1	587	7	3	28	749	0	0	0
5.867	1	1	587	8	3	28	749	0	0	0
5.868	1	1	587	9	3	28	749	0	0	0
5.869	1	1	587	10	3	28	749	0	0	0
5.87	1	1	588	1	3	28	749	0	0	0
5.871	1	1	588	2	3	28	749	0	0	0
5.872	1	1	588	3	3	28	749	0	0	0
5.873	1	1	588	4	3	28	749	0	0	0
5.874	1	1	588	5	3	28	749	0	0	0
5.875	1	1	588	6	3	28	749	0	0	0
5.876	1	1	588	7	3	28	749	0	0	0
5.877	1	1	588	8	3	28	749	0	0	0
5.878	1	1	588	9	3	28	749	0	0	0
5.879	1	1	588	10	3	28	749	0	0	0
5.88	1	1	589	1	3	28	749	0	0	0
5.881	1	1	589	2	3	28	749	0	0	0
5.882	1	1	589	3	3	28	749	0	0	0
5.883	1	1	589	4	3	28	749	0	0	0
5.884	1	1	589	5	3	28	749	0	0	0
5.885	1	1	589	6	3	28	749	0	0	0
5.886	1	1	589	7	3	28	749	0	0	0
5.887	1	1	589	8	3	28	749	0	0	0
5.888	1	1	589	9	3	28	749	0	0	0
5.889	1	1	589	10	3	28	749	0	0	0
5.89	1	1	590	1	3	28	749	0	0	0
5.891	1	1	590	2	3	28	749	0	0	0
5.892	1	1	590	3	3	28	749	0	0	0
5.893	1	1	590	4	3	28	749	0	0	0
5.894	1	1	590	5	3	28	749	0	0	0
5.895	1	1	590	6	3	28	749	0	0	0
5.896	1	1	590	7	3	28	749	0	0	0
5.897	1	1	590	8	3	28	749	0	0	0
5.898	1	1	590	9	3	28	749	0	0	0
5.899	1	1	590	10	3	28	749	0	0	0
5.9	1	1	591	1	3	28	749	0	0	0
5.901	1	1	591	2	3	28	749	0	0	0
5.902	1	1	591	3	3	28	749	0	0	0
5.903	1	1	591	4	3	28	749	0	0	0
5.904	1	1	591	5	3	28	749	0	0	0
5.905	1	1	591	6	3	28	749	0	0	0
5.906	1	1	591	7	3	28	749	0	0	0
5.907	1	1	591	8	3	28	749	0	0	0
5.908	1	1	591	9	3	28	749	0	0	0
5.909	1	1	591	10	3	28	749	0	0	0
5.91	1	1	592	1	3	28	749	0	0	0
5.911	1	1	592	2	3	28	749	0	0	0
5.912	1	1	592	3	3	28	749	0	0	0
5.913	1	1	592	4	3	28	749	0	0	0
5.914	1	1	592	5	3	28	749	0	0	0
5.915	1	1	592	6	3	28	749	0	0	0
5.916	1	1	592	7	3	28	749	0	0	0
5.917	1	1	592	8	3	28	749	0	0	0
5.918	1	1	592	9	3	28	749	0	0	0
5.919	1	1	592	10	3	28	749	0	0	0
5.92	1	1	593	1	3	28	749	0	0	0
5.921	1	1	593	2	3	28	749	0	0	0
5.922	1	1	593	3	3	28	749	0	0	0
5.923	1	1	593	4	3	28	749	0	0	0
5.924	1	1	593	5	3	28	749	0	0	0
5.925	1	1	593	6	3	28	749	0	0	0
5.926	1	1	593	7	3	28	749	0	0	0
5.927	1	1	593	8	3	28	749	0	0	0
5.928	1	1	593	9	3	28	749	0	0	0
5.929	1	1	593	10	3	28	749	0	0	0
5.93	1	1	594	1	3	28	749	0	0	0
5.931	1	1	594	2	3	28	749	0	0	0
5.932	1	1	594	3	3	28	749	0	0	0
5.933	1	1	594	4	3	28	749	0	0	0
5.934	1	1	594	5	3	28	749	0	0	0
5.935	1	1	594	6	3	28	749	0	0	0
5.936	1	1	594	7	3	28	749	0	0	0
5.937	1	1	594	8	3	28	749	0	0	0
5.938	1	1	594	9	3	28	749	0	0	0
5.939	1	1	594	10	3	28	749	0	0	0
5.94	1	1	595	1	3	28	749	0	0	0
5.941	1	1	595	2	3	28	749	0	0	0
5.942	1	1	595	3	3	28	749	0	0	0
5.943	1	1	595	4	3	28	749	0	0	0
5.944	1	1	595	5	3	28	749	0	0	0
5.945	1	1	595	6	3	28	749	0	0	0
5.946	1	1	595	7	3	28	749	0	0	0
5.947	1	1	595	8	3	28	749	0	0	0
5.948	1	1	595	9	3	28	749	0	0	0
5.949	1	1	595	10	3	28	749	0	0	0
5.95	1	1	596	1	3	28	749	0	0	0
5.951	1	1	596	2	3	28	749	0	0	0
5.952	1	1	596	3	3	28	749	0	0	0
5.953	1	1	596	4	3	28	749	0	0	0
5.954	1	1	596	5	3	28	749	0	0	0
5.955	1	1	596	6	3	28	749	0	0	0
5.956	1	1	596	7	3	28	749	0	0	0
5.957	1	1	596	8	3	28	749	0	0	0
5.958	1	1	596	9	3	28	749	0	0	0
5.959	1	1	596	10	3	28	749	0	0	0
5.96	1	1	597	1	3	28	749	0	0	0
5.961	1	1	597	2	3	28	749	0	0	0
5.962	1	1	597	3	3	28	749	0	0	0
5.963	1	1	597	4	3	28	749	0	0	0
5.964	1	1	597	5	3	28	749	0	0	0
5.965	1	1	597	6	3	28	749	0	0	0
5.966	1	1	597	7	3	28	749	0	0	0
5.967	1	1	597	8	3	28	749	0	0	0
5.968	1	1	597	9	3	28	749	0	0	0
5.969	1	1	597	10	3	28	749	0	0	0
5.97	1	1	598	1	3	28	749	0	0	0
5.971	1	1	598	2	3	28	749	0	0	0
5.972	1	1	598	3	3	28	749	0	0	0
5.973	1	1	598	4	3	28	749	0	0	0
5.974	1	1	598	5	3	28	749	0	0	0
5.975	1	1	598	6	3	28	749	0	0	0
5.976	1	1	598	7	3	28	749	0	0	0
5.977	1	1	598	8	3	28	749	0	0	0
5.978	1	1	598	9	3	28	749	0	0	0
5.979	1	1	598	10	3	28	749	0	0	0
5.98	1	1	599	1	3	28	749	0	0	0
5.981	1	1	599	2	3	28	749	0	0	0
5.982	1	1	599	3	3	28	749	0	0	0
5.983	1	1	599	4	3	28	749	0	0	0
5.984	1	1	599	5	3	28	749	0	0	0
5.985	1	1	599	6	3	28	749	0	0	0
5.986	1	1	599	7	3	28	749	0	0	0
5.987	1	1	599	8	3	28	749	0	0	0
5.988	1	1	599	9	3	28	749	0	0	0
5.989	1	1	599	10	3	28	749	0	0	0
5.99	1	1	600	1	3	28	749	0	0	0
5.991	1	1	600	2	3	28	749	0	0	0
5.992	1	1	600	3	3	28	749	0	0	0
5.993	1	1	600	4	3	28	749	0	0	0
5.994	1	1	600	5	3	28	749	0	0	0
5.995	1	1	600	6	3	28	749	0	0	0
5.996	1	1	600	7	3	28	749	0	0	0
5.997	1	1	600	8	3	28	749	0	0	0
5.998	1	1	600	9	3	28	749	0	0	0
5.999	1	1	600	10	3	28	749	0	0	0
6	1	1	601	1	3	28	749	0	0	0
6.001	1	1	601	2	3	28	749	0	0	0
6.002	1	1	601	3	3	28	749	0	0	0
6.003	1	1	601	4	3	28	749	0	0	0
6.004	1	1	601	5	3	28	749	0	0	0
6.005	1	1	601	6	3	28	749	0	0	0
6.006	1	1	601	7	3	28	749	0	0	0
6.007	1	1	601	8	3	28	749	0	0	0
6.008	1	1	601	9	3	28	749	0	0	0
6.009	1	1	601	10	3	28	749	0	0	0
6.01	1	1	602	1	3	28	749	0	0	0
6.011	1	1	602	2	3	28	749	0	0	0
6.012	1	1	602	3	3	28	749	0	0	0
6.013	1	1	602	4	3	28	749	0	0	0
6.014	1	1	602	5	3	28	749	0	0	0
6.015	1	1	602	6	3	28	749	0	0	0
6.016	1	1	602	7	3	28	749	0	0	0
6.017	1	1	602	8	3	28	749	0	0	0
6.018	1	1	602	9	3	28	749	0	0	0
6.019	1	1	602	10	3	28	749	0	0	0
6.02	1	1	603	1	3	28	749	0	0	0
6.021	1	1	603	2	3	28	749	0	0	0
6.022	1	1	603	3	3	28	749	0	0	0
6.023	1	1	603	4	3	28	749	0	0	0
6.024	1	1	603	5	3	28	749	0	0	0
6.025	1	1	603	6	3	28	749	0	0	0
6.026	1	1	603	7	3	28	749	0	0	0
6.027	1	1	603	8	3	28	749	0	0	0
6.028	1	1	603	9	3	28	749	0	0	0
6.029	1	1	603	10	3	28	749	0	0	0
6.03	1	1	604	1	3	28	749	0	0	0
6.031	1	1	604	2	3	28	749	0	0	0
6.032	1	1	604	3	3	28	749	0	0	0
6.033	1	1	604	4	3	28	749	0	0	0
6.034	1	1	604	5	3	28	749	0	0	0
6.035	1	1	604	6	3	28	749	0	0	0
6.036	1	1	604	7	3	28	749	0	0	0
6.037	1	1	604	8	3	28	749	0	0	0
6.038	1	1	604	9	3	28	749	0	0	0
6.039	1	1	604	10	3	28	749	0	0	0
6.04	1	1	605	1	3	28	749	0	0	0
6.041	1	1	605	2	3	28	749	0	0	0
6.042	1	1	605	3	3	28	749	0	0	0
6.043	1	1	605	4	3	28	749	0	0	0
6.044	1	1	605	5	3	28	749	0	0	0
6.045	1	1	605	6	3	28	749	0	0	0
6.046	1	1	605	7	3	28	749	0	0	0
6.047	1	1	605	8	3	28	749	0	0	0
6.048	1	1	605	9	3	28	749	0	0	0
6.049	1	1	605	10	3	28	749	0	0	0
6.05	1	1	606	1	3	28	749	0	0	0
6.051	1	1	606	2	3	28	749	0	0	0
6.052	1	1	606	3	3	28	749	0	0	0
6.053	1	1	606	4	3	28	749	0	0	0
6.054	1	1	606	5	3	28	749	0	0	0
6.055	1	1	606	6	3	28	749	0	0	0
6.056	1	1	606	7	3	28	749	0	0	0
6.057	1	1	606	8	3	28	749	0	0	0
6.058	1	1	606	9	3	28	749	0	0	0
6.059	1	1	606	10	3	28	749	0	0	0
6.06	1	1	607	1	3	28	749	0	0	0
6.061	1	1	607	2	3	28	749	0	0	0
6.062	1	1	607	3	3	28	749	0	0	0
6.063	1	1	607	4	3	28	749	0	0	0
6.064	1	1	607	5	3	28	749	0	0	0
6.065	1	1	607	6	3	28	749	0	0	0
6.066	1	1	607	7	3	28	749	0	0	0
6.067	1	1	607	8	3	28	749	0	0	0
6.068	1	1	607	9	3	28	749	0	0	0
6.069	1	1	607	10	3	28	749	0	0	0
6.07	1	1	608	1	3	28	749	0	0	0
6.071	1	1	608	2	3	28	749	0	0	0
6.072	1	1	608	3	3	28	749	0	0	0
6.073	1	1	608	4	3	28	749	0	0	0
6.074	1	1	608	5	3	28	749	0	0	0
6.075	1	1	608	6	3	28	749	0	0	0
6.076	1	1	608	7	3	28	749	0	0	0
6.077	1	1	608	8	3	28	749	0	0	0
6.078	1	1	608	9	3	28	749	0	0	0
6.079	1	1	608	10	3	28	749	0	0	0
6.08	1	1	609	1	3	28	749	0	0	0
6.081	1	1	609	2	3	28	749	0	0	0
6.082	1	1	609	3	3	28	749	0	0	0
6.083	1	1	609	4	3	28	749	0	0	0
6.084	1	1	609	5	3	28	749	0	0	0
6.085	1	1	609	6	3	28	749	0	0	0
6.086	1	1	609	7	3	28	749	0	0	0
6.087	1	1	609	8	3	28	749	0	0	0
6.088	1	1	609	9	3	28	749	0	0	0
6.089	1	1	609	10	3	28	749	0	0	0
6.09	1	1	610	1	3	28	749	0	0	0
6.091	1	1	610	2	3	28	749	0	0	0
6.092	1	1	610	3	3	28	749	0	0	0
6.093	1	1	610	4	3	28	749	0	0	0
6.094	1	1	610	5	3	28	749	0	0	0
6.095	1	1	610	6	3	28	749	0	0	0
6.096	1	1	610	7	3	28	749	0	0	0
6.097	1	1	610	8	3	28	749	0	0	0
6.098	1	1	610	9	3	28	749	0	0	0
6.099	1	1	610	10	3	28	749	0	0	0
6.1	1	1	611	1	3	28	749	0	0	0
6.101	1	1	611	2	3	28	749	0	0	0
6.102	1	1	611	3	3	28	749	0	0	0
6.103	1	1	611	4	3	28	749	0	0	0
6.104	1	1	611	5	3	28	749	0	0	0
6.105	1	1	611	6	3	28	749	0	0	0
6.106	1	1	611	7	3	28	749	0	0	0
6.107	1	1	611	8	3	28	749	0	0	0
6.108	1	1	611	9	3	28	749	0	0	0
6.109	1	1	611	10	3	28	749	0	0	0
6.11	1	1	612	1	3	28	749	0	0	0
6.111	1	1	612	2	3	28	749	0	0	0
6.112	1	1	612	3	3	28	749	0	0	0
6.113	1	1	612	4	3	28	749	0	0	0
6.114	1	1	612	5	3	28	749	0	0	0
6.115	1	1	612	6	3	28	749	0	0	0
6.116	1	1	612	7	3	28	749	0	0	0
6.117	1	1	612	8	3	28	749	0	0	0
6.118	1	1	612	9	3	28	749	0	0	0
6.119	1	1	612	10	3	28	749	0	0	0
6.12	1	1	613	1	3	28	749	0	0	0
6.121	1	1	613	2	3	28	749	0	0	0
6.122	1	1	613	3	3	28	749	0	0	0
6.123	1	1	613	4	3	28	749	0	0	0
6.124	1	1	613	5	3	28	749	0	0	0
6.125	1	1	613	6	3	28	749	0	0	0
6.126	1	1	613	7	3	28	749	0	0	0
6.127	1	1	613	8	3	28	749	0	0	0
6.128	1	1	613	9	3	28	749	0	0	0
6.129	1	1	613	10	3	28	749	0	0	0
6.13	1	1	614	1	3	28	749	0	0	0
6.131	1	1	614	2	3	28	749	0	0	0
6.132	1	1	614	3	3	28	749	0	0	0
6.133	1	1	614	4	3	28	749	0	0	0
6.134	1	1	614	5	3	28	749	0	0	0
6.135	1	1	614	6	3	28	749	0	0	0
6.136	1	1	614	7	3	28	749	0	0	0
6.137	1	1	614	8	3	28	749	0	0	0
6.138	1	1	614	9	3	28	749	0	0	0
6.139	1	1	614	10	3	28	749	0	0	0
6.14	1	1	615	1	3	28	749	0	0	0
6.141	1	1	615	2	3	28	749	0	0	0
6.142	1	1	615	3	3	28	749	0	0	0
6.143	1	1	615	4	3	28	749	0	0	0
6.144	1	1	615	5	3	28	749	0	0	0
6.145	1	1	615	6	3	28	749	0	0	0
6.146	1	1	615	7	3	28	749	0	0	0
6.147	1	1	615	8	3	28	749	0	0	0
6.148	1	1	615	9	3	28	749	0	0	0
6.149	1	1	615	10	3	28	749	0	0	0
6.15	1	1	616	1	3	28	749	0	0	0
6.151	1	1	616	2	3	28	749	0	0	0
6.152	1	1	616	3	3	28	749	0	0	0
6.153	1	1	616	4	3	28	749	0	0	0
6.154	1	1	616	5	3	28	749	0	0	0
6.155	1	1	616	6	3	28	749	0	0	0
6.156	1	1	616	7	3	28	749	0	0	0
6.157	1	1	616	8	3	28	749	0	0	0
6.158	1	1	616	9	3	28	749	0	0	0
6.159	1	1	616	10	3	28	749	0	0	0
6.16	1	1	617	1	3	28	749	0	0	0
6.161	1	1	617	2	3	28	749	0	0	0
6.162	1	1	617	3	3	28	749	0	0	0
6.163	1	1	617	4	3	28	749	0	0	0
6.164	1	1	617	5	3	28	749	0	0	0
6.165	1	1	617	6	3	28	749	0	0	0
6.166	1	1	617	7	3	28	749	0	0	0
6.167	1	1	617	8	3	28	749	0	0	0
6.168	1	1	617	9	3	28	749	0	0	0
6.169	1	1	617	10	3	28	749	0	0	0
6.17	1	1	618	1	3	28	749	0	0	0
6.171	1	1	618	2	3	28	749	0	0	0
6.172	1	1	618	3	3	28	749	0	0	0
6.173	1	1	618	4	3	28	749	0	0	0
6.174	1	1	618	5	3	28	749	0	0	0
6.175	1	1	618	6	3	28	749	0	0	0
6.176	1	1	618	7	3	28	749	0	0	0
6.177	1	1	618	8	3	28	749	0	0	0
6.178	1	1	618	9	3	28	749	0	0	0
6.179	1	1	618	10	3	28	749	0	0	0
6.18	1	1	619	1	3	28	749	0	0	0
6.181	1	1	619	2	3	28	749	0	0	0
6.182	1	1	619	3	3	28	749	0	0	0
6.183	1	1	619	4	3	28	749	0	0	0
6.184	1	1	619	5	3	28	749	0	0	0
6.185	1	1	619	6	3	28	749	0	0	0
6.186	1	1	619	7	3	28	749	0	0	0
6.187	1	1	619	8	3	28	749	0	0	0
6.188	1	1	619	9	3	28	749	0	0	0
6.189	1	1	619	10	3	28	749	0	0	0
6.19	1	1	620	1	3	28	749	0	0	0
6.191	1	1	620	2	3	28	749	0	0	0
6.192	1	1	620	3	3	28	749	0	0	0
6.193	1	1	620	4	3	28	749	0	0	0
6.194	1	1	620	5	3	28	749	0	0	0
6.195	1	1	620	6	3	28	749	0	0	0
6.196	1	1	620	7	3	28	749	0	0	0
6.197	1	1	620	8	3	28	749	0	0	0
6.198	1	1	620	9	3	28	749	0	0	0
6.199	1	1	620	10	3	28	749	0	0	0
6.2	1	1	621	1	3	28	749	0	0	0
6.201	1	1	621	2	3	28	749	0	0	0
6.202	1	1	621	3	3	28	749	0	0	0
6.203	1	1	621	4	3	28	749	0	0	0
6.204	1	1	621	5	3	28	749	0	0	0
6.205	1	1	621	6	3	28	749	0	0	0
6.206	1	1	621	7	3	28	749	0	0	0
6.207	1	1	621	8	3	28	749	0	0	0
6.208	1	1	621	9	3	28	749	0	0	0
6.209	1	1	621	10	3	28	749	0	0	0
6.21	1	1	622	1	3	28	749	0	0	0
6.211	1	1	622	2	3	28	749	0	0	0
6.212	1	1	622	3	3	28	749	0	0	0
6.213	1	1	622	4	3	28	749	0	0	0
6.214	1	1	622	5	3	28	749	0	0	0
6.215	1	1	622	6	3	28	749	0	0	0
6.216	1	1	622	7	3	28	749	0	0	0
6.217	1	1	622	8	3	28	749	0	0	0
6.218	1	1	622	9	3	28	749	0	0	0
6.219	1	1	622	10	3	28	749	0	0	0
6.22	1	1	623	1	3	28	749	0	0	0
6.221	1	1	623	2	3	28	749	0	0	0
6.222	1	1	623	3	3	28	749	0	0	0
6.223	1	1	623	4	3	28	749	0	0	0
6.224	1	1	623	5	3	28	749	0	0	0
6.225	1	1	623	6	3	28	749	0	0	0
6.226	1	1	623	7	3	28	749	0	0	0
6.227	1	1	623	8	3	28	749	0	0	0
6.228	1	1	623	9	3	28	749	0	0	0
6.229	1	1	623	10	3	28	749	0	0	0
6.23	1	1	624	1	3	28	749	0	0	0
6.231	1	1	624	2	3	28	749	0	0	0
6.232	1	1	624	3	3	28	749	0	0	0
6.233	1	1	624	4	3	28	749	0	0	0
6.234	1	1	624	5	3	28	749	0	0	0
6.235	1	1	624	6	3	28	749	0	0	0
6.236	1	1	624	7	3	28	749	0	0	0
6.237	1	1	624	8	3	28	749	0	0	0
6.238	1	1	624	9	3	28	749	0	0	0
6.239	1	1	624	10	3	28	749	0	0	0
6.24	1	1	625	1	3	28	749	0	0	0
6.241	1	1	625	2	3	28	749	0	0	0
6.242	1	1	625	3	3	28	749	0	0	0
6.243	1	1	625	4	3	28	749	0	0	0
6.244	1	1	625	5	3	28	749	0	0	0
6.245	1	1	625	6	3	28	749	0	0	0
6.246	1	1	625	7	3	28	749	0	0	0
6.247	1	1	625	8	3	28	749	0	0	0
6.248	1	1	625	9	3	28	749	0	0	0
6.249	1	1	625	10	3	28	749	0	0	0
6.25	1	1	626	1	3	28	749	0	0	0
6.251	1	1	626	2	3	28	749	0	0	0
6.252	1	1	626	3	3	28	749	0	0	0
6.253	1	1	626	4	3	28	749	0	0	0
6.254	1	1	626	5	3	28	749	0	0	0
6.255	1	1	626	6	3	28	749	0	0	0
6.256	1	1	626	7	3	28	749	0	0	0
6.257	1	1	626	8	3	28	749	0	0	0
6.258	1	1	626	9	3	28	749	0	0	0
6.259	1	1	626	10	3	28	749	0	0	0
6.26	1	1	627	1	3	28	749	0	0	0
6.261	1	1	627	2	3	28	749	0	0	0
6.262	1	1	627	3	3	28	749	0	0	0
6.263	1	1	627	4	3	28	749	0	0	0
6.264	1	1	627	5	3	28	749	0	0	0
6.265	1	1	627	6	3	28	749	0	0	0
6.266	1	1	627	7	3	28	749	0	0	0
6.267	1	1	627	8	3	28	749	0	0	0
6.268	1	1	627	9	3	28	749	0	0	0
6.269	1	1	627	10	3	28	749	0	0	0
6.27	1	1	628	1	3	28	749	0	0	0
6.271	1	1	628	2	3	28	749	0	0	0
6.272	1	1	628	3	3	28	749	0	0	0
6.273	1	1	628	4	3	28	749	0	0	0
6.274	1	1	628	5	3	28	749	0	0	0
6.275	1	1	628	6	3	28	749	0	0	0
6.276	1	1	628	7	3	28	749	0	0	0
6.277	1	1	628	8	3	28	749	0	0	0
6.278	1	1	628	9	3	28	749	0	0	0
6.279	1	1	628	10	3	28	749	0	0	0
6.28	1	1	629	1	3	28	749	0	0	0
6.281	1	1	629	2	3	28	749	0	0	0
6.282	1	1	629	3	3	28	749	0	0	0
6.283	1	1	629	4	3	28	749	0	0	0
6.284	1	1	629	5	3	28	749	0	0	0
6.285	1	1	629	6	3	28	749	0	0	0
6.286	1	1	629	7	3	28	749	0	0	0
6.287	1	1	629	8	3	28	749	0	0	0
6.288	1	1	629	9	3	28	749	0	0	0
6.289	1	1	629	10	3	28	749	0	0	0
6.29	1	1	630	1	3	28	749	0	0	0
6.291	1	1	630	2	3	28	749	0	0	0
6.292	1	1	630	3	3	28	749	0	0	0
6.293	1	1	630	4	3	28	749	0	0	0
6.294	1	1	630	5	3	28	749	0	0	0
6.295	1	1	630	6	3	28	749	0	0	0
6.296	1	1	630	7	3	28	749	0	0	0
6.297	1	1	630	8	3	28	749	0	0	0
6.298	1	1	630	9	3	28	749	0	0	0
6.299	1	1	630	10	3	28	749	0	0	0
6.3	1	1	631	1	3	28	749	0	0	0
6.301	1	1	631	2	3	28	749	0	0	0
6.302	1	1	631	3	3	28	749	0	0	0
6.303	1	1	631	4	3	28	749	0	0	0
6.304	1	1	631	5	3	28	749	0	0	0
6.305	1	1	631	6	3	28	749	0	0	0
6.306	1	1	631	7	3	28	749	0	0	0
6.307	1	1	631	8	3	28	749	0	0	0
6.308	1	1	631	9	3	28	749	0	0	0
6.309	1	1	631	10	3	28	749	0	0	0
6.31	1	1	632	1	3	28	749	0	0	0
6.311	1	1	632	2	3	28	749	0	0	0
6.312	1	1	632	3	3	28	749	0	0	0
6.313	1	1	632	4	3	28	749	0	0	0
6.314	1	1	632	5	3	28	749	0	0	0
6.315	1	1	632	6	3	28	749	0	0	0
6.316	1	1	632	7	3	28	749	0	0	0
6.317	1	1	632	8	3	28	749	0	0	0
6.318	1	1	632	9	3	28	749	0	0	0
6.319	1	1	632	10	3	28	749	0	0	0
6.32	1	1	633	1	3	28	749	0	0	0
6.321	1	1	633	2	3	28	749	0	0	0
6.322	1	1	633	3	3	28	749	0	0	0
6.323	1	1	633	4	3	28	749	0	0	0
6.324	1	1	633	5	3	28	749	0	0	0
6.325	1	1	633	6	3	28	749	0	0	0
6.326	1	1	633	7	3	28	749	0	0	0
6.327	1	1	633	8	3	28	749	0	0	0
6.328	1	1	633	9	3	28	749	0	0	0
6.329	1	1	633	10	3	28	749	0	0	0
6.33	1	1	634	1	3	28	749	0	0	0
6.331	1	1	634	2	3	28	749	0	0	0
6.332	1	1	634	3	3	28	749	0	0	0
6.333	1	1	634	4	3	28	749	0	0	0
6.334	1	1	634	5	3	28	749	0	0	0
6.335	1	1	634	6	3	28	749	0	0	0
6.336	1	1	634	7	3	28	749	0	0	0
6.337	1	1	634	8	3	28	749	0	0	0
6.338	1	1	634	9	3	28	749	0	0	0
6.339	1	1	634	10	3	28	749	0	0	0
6.34	1	1	635	1	3	28	749	0	0	0
6.341	1	1	635	2	3	28	749	0	0	0
6.342	1	1	635	3	3	28	749	0	0	0
6.343	1	1	635	4	3	28	749	0	0	0
6.344	1	1	635	5	3	28	749	0	0	0
6.345	1	1	635	6	3	28	749	0	0	0
6.346	1	1	635	7	3	28	749	0	0	0
6.347	1	1	635	8	3	28	749	0	0	0
6.348	1	1	635	9	3	28	749	0	0	0
6.349	1	1	635	10	3	28	749	0	0	0
6.35	1	1	636	1	3	28	749	0	0	0
6.351	1	1	636	2	3	28	749	0	0	0
6.352	1	1	636	3	3	28	749	0	0	0
6.353	1	1	636	4	3	28	749	0	0	0
6.354	1	1	636	5	3	28	749	0	0	0
6.355	1	1	636	6	3	28	749	0	0	0
6.356	1	1	636	7	3	28	749	0	0	0
6.357	1	1	636	8	3	28	749	0	0	0
6.358	1	1	636	9	3	28	749	0	0	0
6.359	1	1	636	10	3	28	749	0	0	0
6.36	1	1	637	1	3	28	749	0	0	0
6.361	1	1	637	2	3	28	749	0	0	0
6.362	1	1	637	3	3	28	749	0	0	0
6.363	1	1	637	4	3	28	749	0	0	0
6.364	1	1	637	5	3	28	749	0	0	0
6.365	1	1	637	6	3	28	749	0	0	0
6.366	1	1	637	7	3	28	749	0	0	0
6.367	1	1	637	8	3	28	749	0	0	0
6.368	1	1	637	9	3	28	749	0	0	0
6.369	1	1	637	10	3	28	749	0	0	0
6.37	1	1	638	1	3	28	749	0	0	0
6.371	1	1	638	2	3	28	749	0	0	0
6.372	1	1	638	3	3	28	749	0	0	0
6.373	1	1	638	4	3	28	749	0	0	0
6.374	1	1	638	5	3	28	749	0	0	0
6.375	1	1	638	6	3	28	749	0	0	0
6.376	1	1	638	7	3	28	749	0	0	0
6.377	1	1	638	8	3	28	749	0	0	0
6.378	1	1	638	9	3	28	749	0	0	0
6.379	1	1	638	10	3	28	749	0	0	0
6.38	1	1	639	1	3	28	749	0	0	0
6.381	1	1	639	2	3	28	749	0	0	0
6.382	1	1	639	3	3	28	749	0	0	0
6.383	1	1	639	4	3	28	749	0	0	0
6.384	1	1	639	5	3	28	749	0	0	0
6.385	1	1	639	6	3	28	749	0	0	0
6.386	1	1	639	7	3	28	749	0	0	0
6.387	1	1	639	8	3	28	749	0	0	0
6.388	1	1	639	9	3	28	749	0	0	0
6.389	1	1	639	10	3	28	749	0	0	0
6.39	1	1	640	1	3	28	749	0	0	0
6.391	1	1	640	2	3	28	749	0	0	0
6.392	1	1	640	3	3	28	749	0	0	0
6.393	1	1	640	4	3	28	749	0	0	0
6.394	1	1	640	5	3	28	749	0	0	0
6.395	1	1	640	6	3	28	749	0	0	0
6.396	1	1	640	7	3	28	749	0	0	0
6.397	1	1	640	8	3	28	749	0	0	0
6.398	1	1	640	9	3	28	749	0	0	0
6.399	1	1	640	10	3	28	749	0	0	0
6.4	1	1	641	1	3	28	749	0	0	0
6.401	1	1	641	2	3	28	749	0	0	0
6.402	1	1	641	3	3	28	749	0	0	0
6.403	1	1	641	4	3	28	749	0	0	0
6.404	1	1	641	5	3	28	749	0	0	0
6.405	1	1	641	6	3	28	749	0	0	0
6.406	1	1	641	7	3	28	749	0	0	0
6.407	1	1	641	8	3	28	749	0	0	0
6.408	1	1	641	9	3	28	749	0	0	0
6.409	1	1	641	10	3	28	749	0	0	0
6.41	1	1	642	1	3	28	749	0	0	0
6.411	1	1	642	2	3	28	749	0	0	0
6.412	1	1	642	3	3	28	749	0	0	0
6.413	1	1	642	4	3	28	749	0	0	0
6.414	1	1	642	5	3	28	749	0	0	0
6.415	1	1	642	6	3	28	749	0	0	0
6.416	1	1	642	7	3	28	749	0	0	0
6.417	1	1	642	8	3	28	749	0	0	0
6.418	1	1	642	9	3	28	749	0	0	0
6.419	1	1	642	10	3	28	749	0	0	0
6.42	1	1	643	1	3	28	749	0	0	0
6.421	1	1	643	2	3	28	749	0	0	0
6.422	1	1	643	3	3	28	749	0	0	0
6.423	1	1	643	4	3	28	749	0	0	0
6.424	1	1	643	5	3	28	749	0	0	0
6.425	1	1	643	6	3	28	749	0	0	0
6.426	1	1	643	7	3	28	749	0	0	0
6.427	1	1	643	8	3	28	749	0	0	0
6.428	1	1	643	9	3	28	749	0	0	0
6.429	1	1	643	10	3	28	749	0	0	0
6.43	1	1	644	1	3	28	749	0	0	0
6.431	1	1	644	2	3	28	749	0	0	0
6.432	1	1	644	3	3	28	749	0	0	0
6.433	1	1	644	4	3	28	749	0	0	0
6.434	1	1	644	5	3	28	749	0	0	0
6.435	1	1	644	6	3	28	749	0	0	0
6.436	1	1	644	7	3	28	749	0	0	0
6.437	1	1	644	8	3	28	749	0	0	0
6.438	1	1	644	9	3	28	749	0	0	0
6.439	1	1	644	10	3	28	749	0	0	0
6.44	1	1	645	1	3	28	749	0	0	0
6.441	1	1	645	2	3	28	749	0	0	0
6.442	1	1	645	3	3	28	749	0	0	0
6.443	1	1	645	4	3	28	749	0	0	0
6.444	1	1	645	5	3	28	749	0	0	0
6.445	1	1	645	6	3	28	749	0	0	0
6.446	1	1	645	7	3	28	749	0	0	0
6.447	1	1	645	8	3	28	749	0	0	0
6.448	1	1	645	9	3	28	749	0	0	0
6.449	1	1	645	10	3	28	749	0	0	0
6.45	1	1	646	1	3	28	749	0	0	0
6.451	1	1	646	2	3	28	749	0	0	0
6.452	1	1	646	3	3	28	749	0	0	0
6.453	1	1	646	4	3	28	749	0	0	0
6.454	1	1	646	5	3	28	749	0	0	0
6.455	1	1	646	6	3	28	749	0	0	0
6.456	1	1	646	7	3	28	749	0	0	0
6.457	1	1	646	8	3	28	749	0	0	0
6.458	1	1	646	9	3	28	749	0	0	0
6.459	1	1	646	10	3	28	749	0	0	0
6.46	1	1	647	1	3	28	749	0	0	0
6.461	1	1	647	2	3	28	749	0	0	0
6.462	1	1	647	3	3	28	749	0	0	0
6.463	1	1	647	4	3	28	749	0	0	0
6.464	1	1	647	5	3	28	749	0	0	0
6.465	1	1	647	6	3	28	749	0	0	0
6.466	1	1	647	7	3	28	749	0	0	0
6.467	1	1	647	8	3	28	749	0	0	0
6.468	1	1	647	9	3	28	749	0	0	0
6.469	1	1	647	10	3	28	749	0	0	0
6.47	1	1	648	1	3	28	749	0	0	0
6.471	1	1	648	2	3	28	749	0	0	0
6.472	1	1	648	3	3	28	749	0	0	0
6.473	1	1	648	4	3	28	749	0	0	0
6.474	1	1	648	5	3	28	749	0	0	0
6.475	1	1	648	6	3	28	749	0	0	0
6.476	1	1	648	7	3	28	749	0	0	0
6.477	1	1	648	8	3	28	749	0	0	0
6.478	1	1	648	9	3	28	749	0	0	0
6.479	1	1	648	10	3	28	749	0	0	0
6.48	1	1	649	1	3	28	749	0	0	0
6.481	1	1	649	2	3	28	749	0	0	0
6.482	1	1	649	3	3	28	749	0	0	0
6.483	1	1	649	4	3	28	749	0	0	0
6.484	1	1	649	5	3	28	749	0	0	0
6.485	1	1	649	6	3	28	749	0	0	0
6.486	1	1	649	7	3	28	749	0	0	0
6.487	1	1	649	8	3	28	749	0	0	0
6.488	1	1	649	9	3	28	749	0	0	0
6.489	1	1	649	10	3	28	749	0	0	0
6.49	1	1	650	1	3	28	749	0	0	0
6.491	1	1	650	2	3	28	749	0	0	0
6.492	1	1	650	3	3	28	749	0	0	0
6.493	1	1	650	4	3	28	749	0	0	0
6.494	1	1	650	5	3	28	749	0	0	0
6.495	1	1	650	6	3	28	749	0	0	0
6.496	1	1	650	7	3	28	749	0	0	0
6.497	1	1	650	8	3	28	749	0	0	0
6.498	1	1	650	9	3	28	749	0	0	0
6.499	1	1	650	10	3	28	749	0	0	0
6.5	1	1	651	1	3	28	749	0	0	0
6.501	1	1	651	2	3	28	749	0	0	0
6.502	1	1	651	3	3	28	749	0	0	0
6.503	1	1	651	4	3	28	749	0	0	0
6.504	1	1	651	5	3	28	749	0	0	0
6.505	1	1	651	6	3	28	749	0	0	0
6.506	1	1	651	7	3	28	749	0	0	0
6.507	1	1	651	8	3	28	749	0	0	0
6.508	1	1	651	9	3	28	749	0	0	0
6.509	1	1	651	10	3	28	749	0	0	0
6.51	1	1	652	1	3	28	749	0	0	0
6.511	1	1	652	2	3	28	749	0	0	0
6.512	1	1	652	3	3	28	749	0	0	0
6.513	1	1	652	4	3	28	749	0	0	0
6.514	1	1	652	5	3	28	749	0	0	0
6.515	1	1	652	6	3	28	749	0	0	0
6.516	1	1	652	7	3	28	749	0	0	0
6.517	1	1	652	8	3	28	749	0	0	0
6.518	1	1	652	9	3	28	749	0	0	0
6.519	1	1	652	10	3	28	749	0	0	0
6.52	1	1	653	1	3	28	749	0	0	0
6.521	1	1	653	2	3	28	749	0	0	0
6.522	1	1	653	3	3	28	749	0	0	0
6.523	1	1	653	4	3	28	749	0	0	0
6.524	1	1	653	5	3	28	749	0	0	0
6.525	1	1	653	6	3	28	749	0	0	0
6.526	1	1	653	7	3	28	749	0	0	0
6.527	1	1	653	8	3	28	749	0	0	0
6.528	1	1	653	9	3	28	749	0	0	0
6.529	1	1	653	10	3	28	749	0	0	0
6.53	1	1	654	1	3	28	749	0	0	0
6.531	1	1	654	2	3	28	749	0	0	0
6.532	1	1	654	3	3	28	749	0	0	0
6.533	1	1	654	4	3	28	749	0	0	0
6.534	1	1	654	5	3	28	749	0	0	0
6.535	1	1	654	6	3	28	749	0	0	0
6.536	1	1	654	7	3	28	749	0	0	0
6.537	1	1	654	8	3	28	749	0	0	0
6.538	1	1	654	9	3	28	749	0	0	0
6.539	1	1	654	10	3	28	749	0	0	0
6.54	1	1	655	1	3	28	749	0	0	0
6.541	1	1	655	2	3	28	749	0	0	0
6.542	1	1	655	3	3	28	749	0	0	0
6.543	1	1	655	4	3	28	749	0	0	0
6.544	1	1	655	5	3	28	749	0	0	0
6.545	1	1	655	6	3	28	749	0	0	0
6.546	1	1	655	7	3	28	749	0	0	0
6.547	1	1	655	8	3	28	749	0	0	0
6.548	1	1	655	9	3	28	749	0	0	0
6.549	1	1	655	10	3	28	749	0	0	0
6.55	1	1	656	1	3	28	749	0	0	0
6.551	1	1	656	2	3	28	749	0	0	0
6.552	1	1	656	3	3	28	749	0	0	0
6.553	1	1	656	4	3	28	749	0	0	0
6.554	1	1	656	5	3	28	749	0	0	0
6.555	1	1	656	6	3	28	749	0	0	0
6.556	1	1	656	7	3	28	749	0	0	0
6.557	1	1	656	8	3	28	749	0	0	0
6.558	1	1	656	9	3	28	749	0	0	0
6.559	1	1	656	10	3	28	749	0	0	0
6.56	1	1	657	1	3	28	749	0	0	0
6.561	1	1	657	2	3	28	749	0	0	0
6.562	1	1	657	3	3	28	749	0	0	0
6.563	1	1	657	4	3	28	749	0	0	0
6.564	1	1	657	5	3	28	749	0	0	0
6.565	1	1	657	6	3	28	749	0	0	0
6.566	1	1	657	7	3	28	749	0	0	0
6.567	1	1	657	8	3	28	749	0	0	0
6.568	1	1	657	9	3	28	749	0	0	0
6.569	1	1	657	10	3	28	749	0	0	0
6.57	1	1	658	1	3	28	749	0	0	0
6.571	1	1	658	2	3	28	749	0	0	0
6.572	1	1	658	3	3	28	749	0	0	0
6.573	1	1	658	4	3	28	749	0	0	0
6.574	1	1	658	5	3	28	749	0	0	0
6.575	1	1	658	6	3	28	749	0	0	0
6.576	1	1	658	7	3	28	749	0	0	0
6.577	1	1	658	8	3	28	749	0	0	0
6.578	1	1	658	9	3	28	749	0	0	0
6.579	1	1	658	10	3	28	749	0	0	0
6.58	1	1	659	1	3	28	749	0	0	0
6.581	1	1	659	2	3	28	749	0	0	0
6.582	1	1	659	3	3	28	749	0	0	0
6.583	1	1	659	4	3	28	749	0	0	0
6.584	1	1	659	5	3	28	749	0	0	0
6.585	1	1	659	6	3	28	749	0	0	0
6.586	1	1	659	7	3	28	749	0	0	0
6.587	1	1	659	8	3	28	749	0	0	0
6.588	1	1	659	9	3	28	749	0	0	0
6.589	1	1	659	10	3	28	749	0	0	0
6.59	1	1	660	1	3	28	749	0	0	0
6.591	1	1	660	2	3	28	749	0	0	0
6.592	1	1	660	3	3	28	749	0	0	0
6.593	1	1	660	4	3	28	749	0	0	0
6.594	1	1	660	5	3	28	749	0	0	0
6.595	1	1	660	6	3	28	749	0	0	0
6.596	1	1	660	7	3	28	749	0	0	0
6.597	1	1	660	8	3	28	749	0	0	0
6.598	1	1	660	9	3	28	749	0	0	0
6.599	1	1	660	10	3	28	749	0	0	0
6.6	1	1	661	1	3	28	749	0	0	0
6.601	1	1	661	2	3	28	749	0	0	0
6.602	1	1	661	3	3	28	749	0	0	0
6.603	1	1	661	4	3	28	749	0	0	0
6.604	1	1	661	5	3	28	749	0	0	0
6.605	1	1	661	6	3	28	749	0	0	0
6.606	1	1	661	7	3	28	749	0	0	0
6.607	1	1	661	8	3	28	749	0	0	0
6.608	1	1	661	9	3	28	749	0	0	0
6.609	1	1	661	10	3	28	749	0	0	0
6.61	1	1	662	1	3	28	749	0	0	0
6.611	1	1	662	2	3	28	749	0	0	0
6.612	1	1	662	3	3	28	749	0	0	0
6.613	1	1	662	4	3	28	749	0	0	0
6.614	1	1	662	5	3	28	749	0	0	0
6.615	1	1	662	6	3	28	749	0	0	0
6.616	1	1	662	7	3	28	749	0	0	0
6.617	1	1	662	8	3	28	749	0	0	0
6.618	1	1	662	9	3	28	749	0	0	0
6.619	1	1	662	10	3	28	749	0	0	0
6.62	1	1	663	1	3	28	749	0	0	0
6.621	1	1	663	2	3	28	749	0	0	0
6.622	1	1	663	3	3	28	749	0	0	0
6.623	1	1	663	4	3	28	749	0	0	0
6.624	1	1	663	5	3	28	749	0	0	0
6.625	1	1	663	6	3	28	749	0	0	0
6.626	1	1	663	7	3	28	749	0	0	0
6.627	1	1	663	8	3	28	749	0	0	0
6.628	1	1	663	9	3	28	749	0	0	0
6.629	1	1	663	10	3	28	749	0	0	0
6.63	1	1	664	1	3	28	749	0	0	0
6.631	1	1	664	2	3	28	749	0	0	0
6.632	1	1	664	3	3	28	749	0	0	0
6.633	1	1	664	4	3	28	749	0	0	0
6.634	1	1	664	5	3	28	749	0	0	0
6.635	1	1	664	6	3	28	749	0	0	0
6.636	1	1	664	7	3	28	749	0	0	0
6.637	1	1	664	8	3	28	749	0	0	0
6.638	1	1	664	9	3	28	749	0	0	0
6.639	1	1	664	10	3	28	749	0	0	0
6.64	1	1	665	1	3	28	749	0	0	0
6.641	1	1	665	2	3	28	749	0	0	0
6.642	1	1	665	3	3	28	749	0	0	0
6.643	1	1	665	4	3	28	749	0	0	0
6.644	1	1	665	5	3	28	749	0	0	0
6.645	1	1	665	6	3	28	749	0	0	0
6.646	1	1	665	7	3	28	749	0	0	0
6.647	1	1	665	8	3	28	749	0	0	0
6.648	1	1	665	9	3	28	749	0	0	0
6.649	1	1	665	10	3	28	749	0	0	0
6.65	1	1	666	1	3	28	749	0	0	0
6.651	1	1	666	2	3	28	749	0	0	0
6.652	1	1	666	3	3	28	749	0	0	0
6.653	1	1	666	4	3	28	749	0	0	0
6.654	1	1	666	5	3	28	749	0	0	0
6.655	1	1	666	6	3	28	749	0	0	0
6.656	1	1	666	7	3	28	749	0	0	0
6.657	1	1	666	8	3	28	749	0	0	0
6.658	1	1	666	9	3	28	749	0	0	0
6.659	1	1	666	10	3	28	749	0	0	0
6.66	1	1	667	1	3	28	749	0	0	0
6.661	1	1	667	2	3	28	749	0	0	0
6.662	1	1	667	3	3	28	749	0	0	0
6.663	1	1	667	4	3	28	749	0	0	0
6.664	1	1	667	5	3	28	749	0	0	0
6.665	1	1	667	6	3	28	749	0	0	0
6.666	1	1	667	7	3	28	749	0	0	0
6.667	1	1	667	8	3	28	749	0	0	0
6.668	1	1	667	9	3	28	749	0	0	0
6.669	1	1	667	10	3	28	749	0	0	0
6.67	1	1	668	1	3	28	749	0	0	0
6.671	1	1	668	2	3	28	749	0	0	0
6.672	1	1	668	3	3	28	749	0	0	0
6.673	1	1	668	4	3	28	749	0	0	0
6.674	1	1	668	5	3	28	749	0	0	0
6.675	1	1	668	6	3	28	749	0	0	0
6.676	1	1	668	7	3	28	749	0	0	0
6.677	1	1	668	8	3	28	749	0	0	0
6.678	1	1	668	9	3	28	749	0	0	0
6.679	1	1	668	10	3	28	749	0	0	0
6.68	1	1	669	1	3	28	749	0	0	0
6.681	1	1	669	2	3	28	749	0	0	0
6.682	1	1	669	3	3	28	749	0	0	0
6.683	1	1	669	4	3	28	749	0	0	0
6.684	1	1	669	5	3	28	749	0	0	0
6.685	1	1	669	6	3	28	749	0	0	0
6.686	1	1	669	7	3	28	749	0	0	0
6.687	1	1	669	8	3	28	749	0	0	0
6.688	1	1	669	9	3	28	749	0	0	0
6.689	1	1	669	10	3	28	749	0	0	0
6.69	1	1	670	1	3	28	749	0	0	0
6.691	1	1	670	2	3	28	749	0	0	0
6.692	1	1	670	3	3	28	749	0	0	0
6.693	1	1	670	4	3	28	749	0	0	0
6.694	1	1	670	5	3	28	749	0	0	0
6.695	1	1	670	6	3	28	749	0	0	0
6.696	1	1	670	7	3	28	749	0	0	0
6.697	1	1	670	8	3	28	749	0	0	0
6.698	1	1	670	9	3	28	749	0	0	0
6.699	1	1	670	10	3	28	749	0	0	0
6.7	1	1	671	1	3	28	749	0	0	0
6.701	1	1	671	2	3	28	749	0	0	0
6.702	1	1	671	3	3	28	749	0	0	0
6.703	1	1	671	4	3	28	749	0	0	0
6.704	1	1	671	5	3	28	749	0	0	0
6.705	1	1	671	6	3	28	749	0	0	0
6.706	1	1	671	7	3	28	749	0	0	0
6.707	1	1	671	8	3	28	749	0	0	0
6.708	1	1	671	9	3	28	749	0	0	0
6.709	1	1	671	10	3	28	749	0	0	0
6.71	1	1	672	1	3	28	749	0	0	0
6.711	1	1	672	2	3	28	749	0	0	0
6.712	1	1	672	3	3	28	749	0	0	0
6.713	1	1	672	4	3	28	749	0	0	0
6.714	1	1	672	5	3	28	749	0	0	0
6.715	1	1	672	6	3	28	749	0	0	0
6.716	1	1	672	7	3	28	749	0	0	0
6.717	1	1	672	8	3	28	749	0	0	0
6.718	1	1	672	9	3	28	749	0	0	0
6.719	1	1	672	10	3	28	749	0	0	0
6.72	1	1	673	1	3	28	749	0	0	0
6.721	1	1	673	2	3	28	749	0	0	0
6.722	1	1	673	3	3	28	749	0	0	0
6.723	1	1	673	4	3	28	749	0	0	0
6.724	1	1	673	5	3	28	749	0	0	0
6.725	1	1	673	6	3	28	749	0	0	0
6.726	1	1	673	7	3	28	749	0	0	0
6.727	1	1	673	8	3	28	749	0	0	0
6.728	1	1	673	9	3	28	749	0	0	0
6.729	1	1	673	10	3	28	749	0	0	0
6.73	1	1	674	1	3	28	749	0	0	0
6.731	1	1	674	2	3	28	749	0	0	0
6.732	1	1	674	3	3	28	749	0	0	0
6.733	1	1	674	4	3	28	749	0	0	0
6.734	1	1	674	5	3	28	749	0	0	0
6.735	1	1	674	6	3	28	749	0	0	0
6.736	1	1	674	7	3	28	749	0	0	0
6.737	1	1	674	8	3	28	749	0	0	0
6.738	1	1	674	9	3	28	749	0	0	0
6.739	1	1	674	10	3	28	749	0	0	0
6.74	1	1	675	1	3	28	749	0	0	0
6.741	1	1	675	2	3	28	749	0	0	0
6.742	1	1	675	3	3	28	749	0	0	0
6.743	1	1	675	4	3	28	749	0	0	0
6.744	1	1	675	5	3	28	749	0	0	0
6.745	1	1	675	6	3	28	749	0	0	0
6.746	1	1	675	7	3	28	749	0	0	0
6.747	1	1	675	8	3	28	749	0	0	0
6.748	1	1	675	9	3	28	749	0	0	0
6.749	1	1	675	10	3	28	749	0	0	0
6.75	1	1	676	1	3	28	749	0	0	0
6.751	1	1	676	2	3	28	749	0	0	0
6.752	1	1	676	3	3	28	749	0	0	0
6.753	1	1	676	4	3	28	749	0	0	0
6.754	1	1	676	5	3	28	749	0	0	0
6.755	1	1	676	6	3	28	749	0	0	0
6.756	1	1	676	7	3	28	749	0	0	0
6.757	1	1	676	8	3	28	749	0	0	0
6.758	1	1	676	9	3	28	749	0	0	0
6.759	1	1	676	10	3	28	749	0	0	0
6.76	1	1	677	1	3	28	749	0	0	0
6.761	1	1	677	2	3	28	749	0	0	0
6.762	1	1	677	3	3	28	749	0	0	0
6.763	1	1	677	4	3	28	749	0	0	0
6.764	1	1	677	5	3	28	749	0	0	0
6.765	1	1	677	6	3	28	749	0	0	0
6.766	1	1	677	7	3	28	749	0	0	0
6.767	1	1	677	8	3	28	749	0	0	0
6.768	1	1	677	9	3	28	749	0	0	0
6.769	1	1	677	10	3	28	749	0	0	0
6.77	1	1	678	1	3	28	749	0	0	0
6.771	1	1	678	2	3	28	749	0	0	0
6.772	1	1	678	3	3	28	749	0	0	0
6.773	1	1	678	4	3	28	749	0	0	0
6.774	1	1	678	5	3	28	749	0	0	0
6.775	1	1	678	6	3	28	749	0	0	0
6.776	1	1	678	7	3	28	749	0	0	0
6.777	1	1	678	8	3	28	749	0	0	0
6.778	1	1	678	9	3	28	749	0	0	0
6.779	1	1	678	10	3	28	749	0	0	0
6.78	1	1	679	1	3	28	749	0	0	0
6.781	1	1	679	2	3	28	749	0	0	0
6.782	1	1	679	3	3	28	749	0	0	0
6.783	1	1	679	4	3	28	749	0	0	0
6.784	1	1	679	5	3	28	749	0	0	0
6.785	1	1	679	6	3	28	749	0	0	0
6.786	1	1	679	7	3	28	749	0	0	0
6.787	1	1	679	8	3	28	749	0	0	0
6.788	1	1	679	9	3	28	749	0	0	0
6.789	1	1	679	10	3	28	749	0	0	0
6.79	1	1	680	1	3	28	749	0	0	0
6.791	1	1	680	2	3	28	749	0	0	0
6.792	1	1	680	3	3	28	749	0	0	0
6.793	1	1	680	4	3	28	749	0	0	0
6.794	1	1	680	5	3	28	749	0	0	0
6.795	1	1	680	6	3	28	749	0	0	0
6.796	1	1	680	7	3	28	749	0	0	0
6.797	1	1	680	8	3	28	749	0	0	0
6.798	1	1	680	9	3	28	749	0	0	0
6.799	1	1	680	10	3	28	749	0	0	0
6.8	1	1	681	1	3	28	749	0	0	0
6.801	1	1	681	2	3	28	749	0	0	0
6.802	1	1	681	3	3	28	749	0	0	0
6.803	1	1	681	4	3	28	749	0	0	0
6.804	1	1	681	5	3	28	749	0	0	0
6.805	1	1	681	6	3	28	749	0	0	0
6.806	1	1	681	7	3	28	749	0	0	0
6.807	1	1	681	8	3	28	749	0	0	0
6.808	1	1	681	9	3	28	749	0	0	0
6.809	1	1	681	10	3	28	749	0	0	0
6.81	1	1	682	1	3	28	749	0	0	0
6.811	1	1	682	2	3	28	749	0	0	0
6.812	1	1	682	3	3	28	749	0	0	0
6.813	1	1	682	4	3	28	749	0	0	0
6.814	1	1	682	5	3	28	749	0	0	0
6.815	1	1	682	6	3	28	749	0	0	0
6.816	1	1	682	7	3	28	749	0	0	0
6.817	1	1	682	8	3	28	749	0	0	0
6.818	1	1	682	9	3	28	749	0	0	0
6.819	1	1	682	10	3	28	749	0	0	0
6.82	1	1	683	1	3	28	749	0	0	0
6.821	1	1	683	2	3	28	749	0	0	0
6.822	1	1	683	3	3	28	749	0	0	0
6.823	1	1	683	4	3	28	749	0	0	0
6.824	1	1	683	5	3	28	749	0	0	0
6.825	1	1	683	6	3	28	749	0	0	0
6.826	1	1	683	7	3	28	749	0	0	0
6.827	1	1	683	8	3	28	749	0	0	0
6.828	1	1	683	9	3	28	749	0	0	0
6.829	1	1	683	10	3	28	749	0	0	0
6.83	1	1	684	1	3	28	749	0	0	0
6.831	1	1	684	2	3	28	749	0	0	0
6.832	1	1	684	3	3	28	749	0	0	0
6.833	1	1	684	4	3	28	749	0	0	0
6.834	1	1	684	5	3	28	749	0	0	0
6.835	1	1	684	6	3	28	749	0	0	0
6.836	1	1	684	7	3	28	749	0	0	0
6.837	1	1	684	8	3	28	749	0	0	0
6.838	1	1	684	9	3	28	749	0	0	0
6.839	1	1	684	10	3	28	749	0	0	0
6.84	1	1	685	1	3	28	749	0	0	0
6.841	1	1	685	2	3	28	749	0	0	0
6.842	1	1	685	3	3	28	749	0	0	0
6.843	1	1	685	4	3	28	749	0	0	0
6.844	1	1	685	5	3	28	749	0	0	0
6.845	1	1	685	6	3	28	749	0	0	0
6.846	1	1	685	7	3	28	749	0	0	0
6.847	1	1	685	8	3	28	749	0	0	0
6.848	1	1	685	9	3	28	749	0	0	0
6.849	1	1	685	10	3	28	749	0	0	0
6.85	1	1	686	1	3	28	749	0	0	0
6.851	1	1	686	2	3	28	749	0	0	0
6.852	1	1	686	3	3	28	749	0	0	0
6.853	1	1	686	4	3	28	749	0	0	0
6.854	1	1	686	5	3	28	749	0	0	0
6.855	1	1	686	6	3	28	749	0	0	0
6.856	1	1	686	7	3	28	749	0	0	0
6.857	1	1	686	8	3	28	749	0	0	0
6.858	1	1	686	9	3	28	749	0	0	0
6.859	1	1	686	10	3	28	749	0	0	0
6.86	1	1	687	1	3	28	749	0	0	0
6.861	1	1	687	2	3	28	749	0	0	0
6.862	1	1	687	3	3	28	749	0	0	0
6.863	1	1	687	4	3	28	749	0	0	0
6.864	1	1	687	5	3	28	749	0	0	0
6.865	1	1	687	6	3	28	749	0	0	0
6.866	1	1	687	7	3	28	749	0	0	0
6.867	1	1	687	8	3	28	749	0	0	0
6.868	1	1	687	9	3	28	749	0	0	0
6.869	1	1	687	10	3	28	749	0	0	0
6.87	1	1	688	1	3	28	749	0	0	0
6.871	1	1	688	2	3	28	749	0	0	0
6.872	1	1	688	3	3	28	749	0	0	0
6.873	1	1	688	4	3	28	749	0	0	0
6.874	1	1	688	5	3	28	749	0	0	0
6.875	1	1	688	6	3	28	749	0	0	0
6.876	1	1	688	7	3	28	749	0	0	0
6.877	1	1	688	8	3	28	749	0	0	0
6.878	1	1	688	9	3	28	749	0	0	0
6.879	1	1	688	10	3	28	749	0	0	0
6.88	1	1	689	1	3	28	749	0	0	0
6.881	1	1	689	2	3	28	749	0	0	0
6.882	1	1	689	3	3	28	749	0	0	0
6.883	1	1	689	4	3	28	749	0	0	0
6.884	1	1	689	5	3	28	749	0	0	0
6.885	1	1	689	6	3	28	749	0	0	0
6.886	1	1	689	7	3	28	749	0	0	0
6.887	1	1	689	8	3	28	749	0	0	0
6.888	1	1	689	9	3	28	749	0	0	0
6.889	1	1	689	10	3	28	749	0	0	0
6.89	1	1	690	1	3	28	749	0	0	0
6.891	1	1	690	2	3	28	749	0	0	0
6.892	1	1	690	3	3	28	749	0	0	0
6.893	1	1	690	4	3	28	749	0	0	0
6.894	1	1	690	5	3	28	749	0	0	0
6.895	1	1	690	6	3	28	749	0	0	0
6.896	1	1	690	7	3	28	749	0	0	0
6.897	1	1	690	8	3	28	749	0	0	0
6.898	1	1	690	9	3	28	749	0	0	0
6.899	1	1	690	10	3	28	749	0	0	0
6.9	1	1	691	1	3	28	749	0	0	0
6.901	1	1	691	2	3	28	749	0	0	0
6.902	1	1	691	3	3	28	749	0	0	0
6.903	1	1	691	4	3	28	749	0	0	0
6.904	1	1	691	5	3	28	749	0	0	0
6.905	1	1	691	6	3	28	749	0	0	0
6.906	1	1	691	7	3	28	749	0	0	0
6.907	1	1	691	8	3	28	749	0	0	0
6.908	1	1	691	9	3	28	749	0	0	0
6.909	1	1	691	10	3	28	749	0	0	0
6.91	1	1	692	1	3	28	749	0	0	0
6.911	1	1	692	2	3	28	749	0	0	0
6.912	1	1	692	3	3	28	749	0	0	0
6.913	1	1	692	4	3	28	749	0	0	0
6.914	1	1	692	5	3	28	749	0	0	0
6.915	1	1	692	6	3	28	749	0	0	0
6.916	1	1	692	7	3	28	749	0	0	0
6.917	1	1	692	8	3	28	749	0	0	0
6.918	1	1	692	9	3	28	749	0	0	0
6.919	1	1	692	10	3	28	749	0	0	0
6.92	1	1	693	1	3	28	749	0	0	0
6.921	1	1	693	2	3	28	749	0	0	0
6.922	1	1	693	3	3	28	749	0	0	0
6.923	1	1	693	4	3	28	749	0	0	0
6.924	1	1	693	5	3	28	749	0	0	0
6.925	1	1	693	6	3	28	749	0	0	0
6.926	1	1	693	7	3	28	749	0	0	0
6.927	1	1	693	8	3	28	749	0	0	0
6.928	1	1	693	9	3	28	749	0	0	0
6.929	1	1	693	10	3	28	749	0	0	0
6.93	1	1	694	1	3	28	749	0	0	0
6.931	1	1	694	2	3	28	749	0	0	0
6.932	1	1	694	3	3	28	749	0	0	0
6.933	1	1	694	4	3	28	749	0	0	0
6.934	1	1	694	5	3	28	749	0	0	0
6.935	1	1	694	6	3	28	749	0	0	0
6.936	1	1	694	7	3	28	749	0	0	0
6.937	1	1	694	8	3	28	749	0	0	0
6.938	1	1	694	9	3	28	749	0	0	0
6.939	1	1	694	10	3	28	749	0	0	0
6.94	1	1	695	1	3	28	749	0	0	0
6.941	1	1	695	2	3	28	749	0	0	0
6.942	1	1	695	3	3	28	749	0	0	0
6.943	1	1	695	4	3	28	749	0	0	0
6.944	1	1	695	5	3	28	749	0	0	0
6.945	1	1	695	6	3	28	749	0	0	0
6.946	1	1	695	7	3	28	749	0	0	0
6.947	1	1	695	8	3	28	749	0	0	0
6.948	1	1	695	9	3	28	749	0	0	0
6.949	1	1	695	10	3	28	749	0	0	0
6.95	1	1	696	1	3	28	749	0	0	0
6.951	1	1	696	2	3	28	749	0	0	0
6.952	1	1	696	3	3	28	749	0	0	0
6.953	1	1	696	4	3	28	749	0	0	0
6.954	1	1	696	5	3	28	749	0	0	0
6.955	1	1	696	6	3	28	749	0	0	0
6.956	1	1	696	7	3	28	749	0	0	0
6.957	1	1	696	8	3	28	749	0	0	0
6.958	1	1	696	9	3	28	749	0	0	0
6.959	1	1	696	10	3	28	749	0	0	0
6.96	1	1	697	1	3	28	749	0	0	0
6.961	1	1	697	2	3	28	749	0	0	0
6.962	1	1	697	3	3	28	749	0	0	0
6.963	1	1	697	4	3	28	749	0	0	0
6.964	1	1	697	5	3	28	749	0	0	0
6.965	1	1	697	6	3	28	749	0	0	0
6.966	1	1	697	7	3	28	749	0	0	0
6.967	1	1	697	8	3	28	749	0	0	0
6.968	1	1	697	9	3	28	749	0	0	0
6.969	1	1	697	10	3	28	749	0	0	0
6.97	1	1	698	1	3	28	749	0	0	0
6.971	1	1	698	2	3	28	749	0	0	0
6.972	1	1	698	3	3	28	749	0	0	0
6.973	1	1	698	4	3	28	749	0	0	0
6.974	1	1	698	5	3	28	749	0	0	0
6.975	1	1	698	6	3	28	749	0	0	0
6.976	1	1	698	7	3	28	749	0	0	0
6.977	1	1	698	8	3	28	749	0	0	0
6.978	1	1	698	9	3	28	749	0	0	0
6.979	1	1	698	10	3	28	749	0	0	0
6.98	1	1	699	1	3	28	749	0	0	0
6.981	1	1	699	2	3	28	749	0	0	0
6.982	1	1	699	3	3	28	749	0	0	0
6.983	1	1	699	4	3	28	749	0	0	0
6.984	1	1	699	5	3	28	749	0	0	0
6.985	1	1	699	6	3	28	749	0	0	0
6.986	1	1	699	7	3	28	749	0	0	0
6.987	1	1	699	8	3	28	749	0	0	0
6.988	1	1	699	9	3	28	749	0	0	0
6.989	1	1	699	10	3	28	749	0	0	0
6.99	1	1	700	1	3	28	749	0	0	0
6.991	1	1	700	2	3	28	749	0	0	0
6.992	1	1	700	3	3	28	749	0	0	0
6.993	1	1	700	4	3	28	749	0	0	0
6.994	1	1	700	5	3	28	749	0	0	0
6.995	1	1	700	6	3	28	749	0	0	0
6.996	1	1	700	7	3	28	749	0	0	0
6.997	1	1	700	8	3	28	749	0	0	0
6.998	1	1	700	9	3	28	749	0	0	0
6.999	1	1	700	10	3	28	749	0	0	0
