% time	cellId	IMSI	frame	sframe	RNTI	mcsTb1	sizeTb1	mcsTb2	sizeTb2	ccId
0.021	1	3	3	2	1	0	81	0	0	0
0.024	1	3	3	5	1	0	81	0	0	0
0.027	1	3	3	8	1	28	2196	0	0	0
0.03	1	3	4	1	1	28	2196	0	0	0
0.033	1	3	4	4	1	28	2196	0	0	0
0.036	1	3	4	7	1	28	2196	0	0	0
0.039	1	3	4	10	1	28	2196	0	0	0
0.042	1	3	5	3	1	28	2196	0	0	0
0.045	1	3	5	6	1	28	2196	0	0	0
0.048	1	3	5	9	1	28	2196	0	0	0
0.051	1	3	6	2	1	28	2196	0	0	0
0.054	1	3	6	5	1	28	2196	0	0	0
0.057	1	3	6	8	1	28	2196	0	0	0
0.06	1	3	7	1	1	28	2196	0	0	0
0.063	1	3	7	4	1	28	2196	0	0	0
0.066	1	3	7	7	1	28	2196	0	0	0
0.069	1	3	7	10	1	28	2196	0	0	0
0.072	1	3	8	3	1	28	2196	0	0	0
0.075	1	3	8	6	1	28	2196	0	0	0
0.078	1	3	8	9	1	28	2196	0	0	0
0.081	1	3	9	2	1	28	2196	0	0	0
0.084	1	3	9	5	1	28	2196	0	0	0
0.087	1	3	9	8	1	28	2196	0	0	0
0.09	1	3	10	1	1	28	2196	0	0	0
0.093	1	3	10	4	1	28	2196	0	0	0
0.096	1	3	10	7	1	28	2196	0	0	0
0.099	1	3	10	10	1	28	2196	0	0	0
0.102	1	3	11	3	1	28	2196	0	0	0
0.105	1	3	11	6	1	28	2196	0	0	0
0.108	1	3	11	9	1	28	2196	0	0	0
0.111	1	3	12	2	1	28	2196	0	0	0
0.114	1	3	12	5	1	28	2196	0	0	0
0.117	1	3	12	8	1	28	2196	0	0	0
0.12	1	3	13	1	1	28	2196	0	0	0
0.123	1	3	13	4	1	28	2196	0	0	0
0.126	1	3	13	7	1	28	2196	0	0	0
0.129	1	3	13	10	1	28	2196	0	0	0
0.132	1	3	14	3	1	28	2196	0	0	0
0.135	1	3	14	6	1	28	2196	0	0	0
0.138	1	3	14	9	1	28	2196	0	0	0
0.141	1	3	15	2	1	28	2196	0	0	0
0.144	1	3	15	5	1	28	2196	0	0	0
0.147	1	3	15	8	1	28	2196	0	0	0
0.15	1	3	16	1	1	28	2196	0	0	0
0.153	1	3	16	4	1	28	2196	0	0	0
0.156	1	3	16	7	1	28	2196	0	0	0
0.159	1	3	16	10	1	28	2196	0	0	0
0.162	1	3	17	3	1	28	2196	0	0	0
0.165	1	3	17	6	1	28	2196	0	0	0
0.168	1	3	17	9	1	28	2196	0	0	0
0.171	1	3	18	2	1	28	2196	0	0	0
0.174	1	3	18	5	1	28	2196	0	0	0
0.177	1	3	18	8	1	28	2196	0	0	0
0.18	1	3	19	1	1	28	2196	0	0	0
0.183	1	3	19	4	1	28	2196	0	0	0
0.186	1	3	19	7	1	28	2196	0	0	0
0.189	1	3	19	10	1	28	2196	0	0	0
0.192	1	3	20	3	1	28	2196	0	0	0
0.195	1	3	20	6	1	28	2196	0	0	0
0.198	1	3	20	9	1	28	2196	0	0	0
0.201	1	3	21	2	1	28	2196	0	0	0
0.204	1	3	21	5	1	28	2196	0	0	0
0.207	1	3	21	8	1	28	2196	0	0	0
0.21	1	3	22	1	1	28	2196	0	0	0
0.213	1	3	22	4	1	28	2196	0	0	0
0.216	1	3	22	7	1	28	2196	0	0	0
0.219	1	3	22	10	1	28	2196	0	0	0
0.222	1	3	23	3	1	28	2196	0	0	0
0.225	1	3	23	6	1	28	2196	0	0	0
0.228	1	3	23	9	1	28	2196	0	0	0
0.231	1	3	24	2	1	28	2196	0	0	0
0.234	1	3	24	5	1	28	2196	0	0	0
0.237	1	3	24	8	1	28	2196	0	0	0
0.24	1	3	25	1	1	28	2196	0	0	0
0.243	1	3	25	4	1	28	2196	0	0	0
0.246	1	3	25	7	1	28	2196	0	0	0
0.249	1	3	25	10	1	28	2196	0	0	0
0.252	1	3	26	3	1	28	2196	0	0	0
0.255	1	3	26	6	1	28	2196	0	0	0
0.258	1	3	26	9	1	28	2196	0	0	0
0.261	1	3	27	2	1	28	2196	0	0	0
0.264	1	3	27	5	1	28	2196	0	0	0
0.267	1	3	27	8	1	28	2196	0	0	0
0.27	1	3	28	1	1	28	2196	0	0	0
0.273	1	3	28	4	1	28	2196	0	0	0
0.276	1	3	28	7	1	28	2196	0	0	0
0.279	1	3	28	10	1	28	2196	0	0	0
0.282	1	3	29	3	1	28	2196	0	0	0
0.285	1	3	29	6	1	28	2196	0	0	0
0.288	1	3	29	9	1	28	2196	0	0	0
0.291	1	3	30	2	1	28	2196	0	0	0
0.294	1	3	30	5	1	28	2196	0	0	0
0.297	1	3	30	8	1	28	2196	0	0	0
0.3	1	3	31	1	1	28	2196	0	0	0
0.303	1	3	31	4	1	28	2196	0	0	0
0.306	1	3	31	7	1	28	2196	0	0	0
0.309	1	3	31	10	1	28	2196	0	0	0
0.312	1	3	32	3	1	28	2196	0	0	0
0.315	1	3	32	6	1	28	2196	0	0	0
0.318	1	3	32	9	1	28	2196	0	0	0
0.321	1	3	33	2	1	28	2196	0	0	0
0.324	1	3	33	5	1	28	2196	0	0	0
0.327	1	3	33	8	1	28	2196	0	0	0
0.33	1	3	34	1	1	28	2196	0	0	0
0.333	1	3	34	4	1	28	2196	0	0	0
0.336	1	3	34	7	1	28	2196	0	0	0
0.339	1	3	34	10	1	28	2196	0	0	0
0.342	1	3	35	3	1	28	2196	0	0	0
0.345	1	3	35	6	1	28	2196	0	0	0
0.348	1	3	35	9	1	28	2196	0	0	0
0.351	1	3	36	2	1	28	2196	0	0	0
0.354	1	3	36	5	1	28	2196	0	0	0
0.357	1	3	36	8	1	28	2196	0	0	0
0.36	1	3	37	1	1	28	2196	0	0	0
0.363	1	3	37	4	1	28	2196	0	0	0
0.366	1	3	37	7	1	28	2196	0	0	0
0.369	1	3	37	10	1	28	2196	0	0	0
0.372	1	3	38	3	1	28	2196	0	0	0
0.375	1	3	38	6	1	28	2196	0	0	0
0.378	1	3	38	9	1	28	2196	0	0	0
0.381	1	3	39	2	1	28	2196	0	0	0
0.384	1	3	39	5	1	28	2196	0	0	0
0.387	1	3	39	8	1	28	2196	0	0	0
0.39	1	3	40	1	1	28	2196	0	0	0
0.393	1	3	40	4	1	28	2196	0	0	0
0.396	1	3	40	7	1	28	2196	0	0	0
0.399	1	3	40	10	1	28	2196	0	0	0
0.402	1	3	41	3	1	28	2196	0	0	0
0.405	1	3	41	6	1	28	2196	0	0	0
0.408	1	3	41	9	1	28	2196	0	0	0
0.411	1	3	42	2	1	28	2196	0	0	0
0.414	1	3	42	5	1	28	2196	0	0	0
0.417	1	3	42	8	1	28	2196	0	0	0
0.42	1	3	43	1	1	28	2196	0	0	0
0.423	1	3	43	4	1	28	2196	0	0	0
0.426	1	3	43	7	1	28	2196	0	0	0
0.429	1	3	43	10	1	28	2196	0	0	0
0.432	1	3	44	3	1	28	2196	0	0	0
0.435	1	3	44	6	1	28	2196	0	0	0
0.438	1	3	44	9	1	28	2196	0	0	0
0.441	1	3	45	2	1	28	2196	0	0	0
0.444	1	3	45	5	1	28	2196	0	0	0
0.447	1	3	45	8	1	28	2196	0	0	0
0.45	1	3	46	1	1	28	2196	0	0	0
0.453	1	3	46	4	1	28	2196	0	0	0
0.456	1	3	46	7	1	28	2196	0	0	0
0.459	1	3	46	10	1	28	2196	0	0	0
0.462	1	3	47	3	1	28	2196	0	0	0
0.465	1	3	47	6	1	28	2196	0	0	0
0.468	1	3	47	9	1	28	2196	0	0	0
0.471	1	3	48	2	1	28	2196	0	0	0
0.474	1	3	48	5	1	28	2196	0	0	0
0.477	1	3	48	8	1	28	2196	0	0	0
0.48	1	3	49	1	1	28	2196	0	0	0
0.483	1	3	49	4	1	28	2196	0	0	0
0.486	1	3	49	7	1	28	2196	0	0	0
0.489	1	3	49	10	1	28	2196	0	0	0
0.492	1	3	50	3	1	28	2196	0	0	0
0.495	1	3	50	6	1	28	2196	0	0	0
0.498	1	3	50	9	1	28	2196	0	0	0
0.501	1	3	51	2	1	28	2196	0	0	0
0.504	1	3	51	5	1	28	2196	0	0	0
0.507	1	3	51	8	1	28	2196	0	0	0
0.51	1	3	52	1	1	28	2196	0	0	0
0.513	1	3	52	4	1	28	2196	0	0	0
0.516	1	3	52	7	1	28	2196	0	0	0
0.519	1	3	52	10	1	28	2196	0	0	0
0.522	1	3	53	3	1	28	2196	0	0	0
0.525	1	3	53	6	1	28	2196	0	0	0
0.528	1	3	53	9	1	28	2196	0	0	0
0.531	1	3	54	2	1	28	2196	0	0	0
0.534	1	3	54	5	1	28	2196	0	0	0
0.537	1	3	54	8	1	28	2196	0	0	0
0.54	1	3	55	1	1	28	2196	0	0	0
0.543	1	3	55	4	1	28	2196	0	0	0
0.546	1	3	55	7	1	28	2196	0	0	0
0.549	1	3	55	10	1	28	2196	0	0	0
0.552	1	3	56	3	1	28	2196	0	0	0
0.555	1	3	56	6	1	28	2196	0	0	0
0.558	1	3	56	9	1	28	2196	0	0	0
0.561	1	3	57	2	1	28	2196	0	0	0
0.564	1	3	57	5	1	28	2196	0	0	0
0.567	1	3	57	8	1	28	2196	0	0	0
0.57	1	3	58	1	1	28	2196	0	0	0
0.573	1	3	58	4	1	28	2196	0	0	0
0.576	1	3	58	7	1	28	2196	0	0	0
0.579	1	3	58	10	1	28	2196	0	0	0
0.582	1	3	59	3	1	28	2196	0	0	0
0.585	1	3	59	6	1	28	2196	0	0	0
0.588	1	3	59	9	1	28	2196	0	0	0
0.591	1	3	60	2	1	28	2196	0	0	0
0.594	1	3	60	5	1	28	2196	0	0	0
0.597	1	3	60	8	1	28	2196	0	0	0
0.6	1	3	61	1	1	28	2196	0	0	0
0.603	1	3	61	4	1	28	2196	0	0	0
0.606	1	3	61	7	1	28	2196	0	0	0
0.609	1	3	61	10	1	28	2196	0	0	0
0.612	1	3	62	3	1	28	2196	0	0	0
0.615	1	3	62	6	1	28	2196	0	0	0
0.618	1	3	62	9	1	28	2196	0	0	0
0.621	1	3	63	2	1	28	2196	0	0	0
0.624	1	3	63	5	1	28	2196	0	0	0
0.627	1	3	63	8	1	28	2196	0	0	0
0.63	1	3	64	1	1	28	2196	0	0	0
0.633	1	3	64	4	1	28	2196	0	0	0
0.636	1	3	64	7	1	28	2196	0	0	0
0.639	1	3	64	10	1	28	2196	0	0	0
0.642	1	3	65	3	1	28	2196	0	0	0
0.645	1	3	65	6	1	28	2196	0	0	0
0.648	1	3	65	9	1	28	2196	0	0	0
0.651	1	3	66	2	1	28	2196	0	0	0
0.654	1	3	66	5	1	28	2196	0	0	0
0.657	1	3	66	8	1	28	2196	0	0	0
0.66	1	3	67	1	1	28	2196	0	0	0
0.663	1	3	67	4	1	28	2196	0	0	0
0.666	1	3	67	7	1	28	2196	0	0	0
0.669	1	3	67	10	1	28	2196	0	0	0
0.672	1	3	68	3	1	28	2196	0	0	0
0.675	1	3	68	6	1	28	2196	0	0	0
0.678	1	3	68	9	1	28	2196	0	0	0
0.681	1	3	69	2	1	28	2196	0	0	0
0.684	1	3	69	5	1	28	2196	0	0	0
0.687	1	3	69	8	1	28	2196	0	0	0
0.69	1	3	70	1	1	28	2196	0	0	0
0.693	1	3	70	4	1	28	2196	0	0	0
0.696	1	3	70	7	1	28	2196	0	0	0
0.699	1	3	70	10	1	28	2196	0	0	0
0.702	1	3	71	3	1	28	2196	0	0	0
0.705	1	3	71	6	1	28	2196	0	0	0
0.708	1	3	71	9	1	28	2196	0	0	0
0.711	1	3	72	2	1	28	2196	0	0	0
0.714	1	3	72	5	1	28	2196	0	0	0
0.717	1	3	72	8	1	28	2196	0	0	0
0.72	1	3	73	1	1	28	2196	0	0	0
0.723	1	3	73	4	1	28	2196	0	0	0
0.726	1	3	73	7	1	28	2196	0	0	0
0.729	1	3	73	10	1	28	2196	0	0	0
0.732	1	3	74	3	1	28	2196	0	0	0
0.735	1	3	74	6	1	28	2196	0	0	0
0.738	1	3	74	9	1	28	2196	0	0	0
0.741	1	3	75	2	1	28	2196	0	0	0
0.744	1	3	75	5	1	28	2196	0	0	0
0.747	1	3	75	8	1	28	2196	0	0	0
0.75	1	3	76	1	1	28	2196	0	0	0
0.753	1	3	76	4	1	28	2196	0	0	0
0.756	1	3	76	7	1	28	2196	0	0	0
0.759	1	3	76	10	1	28	2196	0	0	0
0.762	1	3	77	3	1	28	2196	0	0	0
0.765	1	3	77	6	1	28	2196	0	0	0
0.768	1	3	77	9	1	28	2196	0	0	0
0.771	1	3	78	2	1	28	2196	0	0	0
0.774	1	3	78	5	1	28	2196	0	0	0
0.777	1	3	78	8	1	28	2196	0	0	0
0.78	1	3	79	1	1	28	2196	0	0	0
0.783	1	3	79	4	1	28	2196	0	0	0
0.786	1	3	79	7	1	28	2196	0	0	0
0.789	1	3	79	10	1	28	2196	0	0	0
0.792	1	3	80	3	1	28	2196	0	0	0
0.795	1	3	80	6	1	28	2196	0	0	0
0.798	1	3	80	9	1	28	2196	0	0	0
0.801	1	3	81	2	1	28	2196	0	0	0
0.804	1	3	81	5	1	28	2196	0	0	0
0.807	1	3	81	8	1	28	2196	0	0	0
0.81	1	3	82	1	1	28	2196	0	0	0
0.813	1	3	82	4	1	28	2196	0	0	0
0.816	1	3	82	7	1	28	2196	0	0	0
0.819	1	3	82	10	1	28	2196	0	0	0
0.822	1	3	83	3	1	28	2196	0	0	0
0.825	1	3	83	6	1	28	2196	0	0	0
0.828	1	3	83	9	1	28	2196	0	0	0
0.831	1	3	84	2	1	28	2196	0	0	0
0.834	1	3	84	5	1	28	2196	0	0	0
0.837	1	3	84	8	1	28	2196	0	0	0
0.84	1	3	85	1	1	28	2196	0	0	0
0.843	1	3	85	4	1	28	2196	0	0	0
0.846	1	3	85	7	1	28	2196	0	0	0
0.849	1	3	85	10	1	28	2196	0	0	0
0.852	1	3	86	3	1	28	2196	0	0	0
0.855	1	3	86	6	1	28	2196	0	0	0
0.858	1	3	86	9	1	28	2196	0	0	0
0.861	1	3	87	2	1	28	2196	0	0	0
0.864	1	3	87	5	1	28	2196	0	0	0
0.867	1	3	87	8	1	28	2196	0	0	0
0.87	1	3	88	1	1	28	2196	0	0	0
0.873	1	3	88	4	1	28	2196	0	0	0
0.876	1	3	88	7	1	28	2196	0	0	0
0.879	1	3	88	10	1	28	2196	0	0	0
0.882	1	3	89	3	1	28	2196	0	0	0
0.885	1	3	89	6	1	28	2196	0	0	0
0.888	1	3	89	9	1	28	2196	0	0	0
0.891	1	3	90	2	1	28	2196	0	0	0
0.894	1	3	90	5	1	28	2196	0	0	0
0.897	1	3	90	8	1	28	2196	0	0	0
0.9	1	3	91	1	1	28	2196	0	0	0
0.903	1	3	91	4	1	28	2196	0	0	0
0.906	1	3	91	7	1	28	2196	0	0	0
0.909	1	3	91	10	1	28	2196	0	0	0
0.912	1	3	92	3	1	28	2196	0	0	0
0.915	1	3	92	6	1	28	2196	0	0	0
0.918	1	3	92	9	1	28	2196	0	0	0
0.921	1	3	93	2	1	28	2196	0	0	0
0.924	1	3	93	5	1	28	2196	0	0	0
0.927	1	3	93	8	1	28	2196	0	0	0
0.93	1	3	94	1	1	28	2196	0	0	0
0.933	1	3	94	4	1	28	2196	0	0	0
0.936	1	3	94	7	1	28	2196	0	0	0
0.939	1	3	94	10	1	28	2196	0	0	0
0.942	1	3	95	3	1	28	2196	0	0	0
0.945	1	3	95	6	1	28	2196	0	0	0
0.948	1	3	95	9	1	28	2196	0	0	0
0.951	1	3	96	2	1	28	2196	0	0	0
0.954	1	3	96	5	1	28	2196	0	0	0
0.957	1	3	96	8	1	28	2196	0	0	0
0.96	1	3	97	1	1	28	2196	0	0	0
0.963	1	3	97	4	1	28	2196	0	0	0
0.966	1	3	97	7	1	28	2196	0	0	0
0.969	1	3	97	10	1	28	2196	0	0	0
0.972	1	3	98	3	1	28	2196	0	0	0
0.975	1	3	98	6	1	28	2196	0	0	0
0.978	1	3	98	9	1	28	2196	0	0	0
0.981	1	3	99	2	1	28	2196	0	0	0
0.984	1	3	99	5	1	28	2196	0	0	0
0.987	1	3	99	8	1	28	2196	0	0	0
0.99	1	3	100	1	1	28	2196	0	0	0
0.993	1	3	100	4	1	28	2196	0	0	0
0.996	1	3	100	7	1	28	2196	0	0	0
0.999	1	3	100	10	1	28	2196	0	0	0
1.002	1	3	101	3	1	28	2196	0	0	0
1.005	1	3	101	6	1	28	2196	0	0	0
1.008	1	3	101	9	1	28	2196	0	0	0
1.011	1	3	102	2	1	28	2196	0	0	0
1.014	1	3	102	5	1	28	2196	0	0	0
1.017	1	3	102	8	1	28	2196	0	0	0
1.02	1	3	103	1	1	28	2196	0	0	0
1.023	1	3	103	4	1	28	2196	0	0	0
1.026	1	3	103	7	1	28	2196	0	0	0
1.029	1	3	103	10	1	28	2196	0	0	0
1.032	1	3	104	3	1	28	2196	0	0	0
1.035	1	3	104	6	1	28	2196	0	0	0
1.038	1	3	104	9	1	28	2196	0	0	0
1.041	1	3	105	2	1	28	2196	0	0	0
1.044	1	3	105	5	1	28	2196	0	0	0
1.047	1	3	105	8	1	28	2196	0	0	0
1.05	1	3	106	1	1	28	2196	0	0	0
1.053	1	3	106	4	1	28	2196	0	0	0
1.056	1	3	106	7	1	28	2196	0	0	0
1.059	1	3	106	10	1	28	2196	0	0	0
1.062	1	3	107	3	1	28	2196	0	0	0
1.065	1	3	107	6	1	28	2196	0	0	0
1.068	1	3	107	9	1	28	2196	0	0	0
1.071	1	3	108	2	1	28	2196	0	0	0
1.074	1	3	108	5	1	28	2196	0	0	0
1.077	1	3	108	8	1	28	2196	0	0	0
1.08	1	3	109	1	1	28	2196	0	0	0
1.083	1	3	109	4	1	28	2196	0	0	0
1.086	1	3	109	7	1	28	2196	0	0	0
1.089	1	3	109	10	1	28	2196	0	0	0
1.092	1	3	110	3	1	28	2196	0	0	0
1.095	1	3	110	6	1	28	2196	0	0	0
1.098	1	3	110	9	1	28	2196	0	0	0
1.101	1	3	111	2	1	28	2196	0	0	0
1.104	1	3	111	5	1	28	2196	0	0	0
1.107	1	3	111	8	1	28	2196	0	0	0
1.11	1	3	112	1	1	28	2196	0	0	0
1.113	1	3	112	4	1	28	2196	0	0	0
1.116	1	3	112	7	1	28	2196	0	0	0
1.119	1	3	112	10	1	28	2196	0	0	0
1.122	1	3	113	3	1	28	2196	0	0	0
1.125	1	3	113	6	1	28	2196	0	0	0
1.128	1	3	113	9	1	28	2196	0	0	0
1.131	1	3	114	2	1	28	2196	0	0	0
1.134	1	3	114	5	1	28	2196	0	0	0
1.137	1	3	114	8	1	28	2196	0	0	0
1.14	1	3	115	1	1	28	2196	0	0	0
1.143	1	3	115	4	1	28	2196	0	0	0
1.146	1	3	115	7	1	28	2196	0	0	0
1.149	1	3	115	10	1	28	2196	0	0	0
1.152	1	3	116	3	1	28	2196	0	0	0
1.155	1	3	116	6	1	28	2196	0	0	0
1.158	1	3	116	9	1	28	2196	0	0	0
1.161	1	3	117	2	1	28	2196	0	0	0
1.164	1	3	117	5	1	28	2196	0	0	0
1.167	1	3	117	8	1	28	2196	0	0	0
1.17	1	3	118	1	1	28	2196	0	0	0
1.173	1	3	118	4	1	28	2196	0	0	0
1.176	1	3	118	7	1	28	2196	0	0	0
1.179	1	3	118	10	1	28	2196	0	0	0
1.182	1	3	119	3	1	28	2196	0	0	0
1.185	1	3	119	6	1	28	2196	0	0	0
1.188	1	3	119	9	1	28	2196	0	0	0
1.191	1	3	120	2	1	28	2196	0	0	0
1.194	1	3	120	5	1	28	2196	0	0	0
1.197	1	3	120	8	1	28	2196	0	0	0
1.2	1	3	121	1	1	28	2196	0	0	0
1.203	1	3	121	4	1	28	2196	0	0	0
1.206	1	3	121	7	1	28	2196	0	0	0
1.209	1	3	121	10	1	28	2196	0	0	0
1.212	1	3	122	3	1	28	2196	0	0	0
1.215	1	3	122	6	1	28	2196	0	0	0
1.218	1	3	122	9	1	28	2196	0	0	0
1.221	1	3	123	2	1	28	2196	0	0	0
1.224	1	3	123	5	1	28	2196	0	0	0
1.227	1	3	123	8	1	28	2196	0	0	0
1.23	1	3	124	1	1	28	2196	0	0	0
1.233	1	3	124	4	1	28	2196	0	0	0
1.236	1	3	124	7	1	28	2196	0	0	0
1.239	1	3	124	10	1	28	2196	0	0	0
1.242	1	3	125	3	1	28	2196	0	0	0
1.245	1	3	125	6	1	28	2196	0	0	0
1.248	1	3	125	9	1	28	2196	0	0	0
1.251	1	3	126	2	1	28	2196	0	0	0
1.254	1	3	126	5	1	28	2196	0	0	0
1.257	1	3	126	8	1	28	2196	0	0	0
1.26	1	3	127	1	1	28	2196	0	0	0
1.263	1	3	127	4	1	28	2196	0	0	0
1.266	1	3	127	7	1	28	2196	0	0	0
1.269	1	3	127	10	1	28	2196	0	0	0
1.272	1	3	128	3	1	28	2196	0	0	0
1.275	1	3	128	6	1	28	2196	0	0	0
1.278	1	3	128	9	1	28	2196	0	0	0
1.281	1	3	129	2	1	28	2196	0	0	0
1.284	1	3	129	5	1	28	2196	0	0	0
1.287	1	3	129	8	1	28	2196	0	0	0
1.29	1	3	130	1	1	28	2196	0	0	0
1.293	1	3	130	4	1	28	2196	0	0	0
1.296	1	3	130	7	1	28	2196	0	0	0
1.299	1	3	130	10	1	28	2196	0	0	0
1.302	1	3	131	3	1	28	2196	0	0	0
1.305	1	3	131	6	1	28	2196	0	0	0
1.308	1	3	131	9	1	28	2196	0	0	0
1.311	1	3	132	2	1	28	2196	0	0	0
1.314	1	3	132	5	1	28	2196	0	0	0
1.317	1	3	132	8	1	28	2196	0	0	0
1.32	1	3	133	1	1	28	2196	0	0	0
1.323	1	3	133	4	1	28	2196	0	0	0
1.326	1	3	133	7	1	28	2196	0	0	0
1.329	1	3	133	10	1	28	2196	0	0	0
1.332	1	3	134	3	1	28	2196	0	0	0
1.335	1	3	134	6	1	28	2196	0	0	0
1.338	1	3	134	9	1	28	2196	0	0	0
1.341	1	3	135	2	1	28	2196	0	0	0
1.344	1	3	135	5	1	28	2196	0	0	0
1.347	1	3	135	8	1	28	2196	0	0	0
1.35	1	3	136	1	1	28	2196	0	0	0
1.353	1	3	136	4	1	28	2196	0	0	0
1.356	1	3	136	7	1	28	2196	0	0	0
1.359	1	3	136	10	1	28	2196	0	0	0
1.362	1	3	137	3	1	28	2196	0	0	0
1.365	1	3	137	6	1	28	2196	0	0	0
1.368	1	3	137	9	1	28	2196	0	0	0
1.371	1	3	138	2	1	28	2196	0	0	0
1.374	1	3	138	5	1	28	2196	0	0	0
1.377	1	3	138	8	1	28	2196	0	0	0
1.38	1	3	139	1	1	28	2196	0	0	0
1.383	1	3	139	4	1	28	2196	0	0	0
1.386	1	3	139	7	1	28	2196	0	0	0
1.389	1	3	139	10	1	28	2196	0	0	0
1.392	1	3	140	3	1	28	2196	0	0	0
1.395	1	3	140	6	1	28	2196	0	0	0
1.398	1	3	140	9	1	28	2196	0	0	0
1.401	1	3	141	2	1	28	2196	0	0	0
1.404	1	3	141	5	1	28	2196	0	0	0
1.407	1	3	141	8	1	28	2196	0	0	0
1.41	1	3	142	1	1	28	2196	0	0	0
1.413	1	3	142	4	1	28	2196	0	0	0
1.416	1	3	142	7	1	28	2196	0	0	0
1.419	1	3	142	10	1	28	2196	0	0	0
1.422	1	3	143	3	1	28	2196	0	0	0
1.425	1	3	143	6	1	28	2196	0	0	0
1.428	1	3	143	9	1	28	2196	0	0	0
1.431	1	3	144	2	1	28	2196	0	0	0
1.434	1	3	144	5	1	28	2196	0	0	0
1.437	1	3	144	8	1	28	2196	0	0	0
1.44	1	3	145	1	1	28	2196	0	0	0
1.443	1	3	145	4	1	28	2196	0	0	0
1.446	1	3	145	7	1	28	2196	0	0	0
1.449	1	3	145	10	1	28	2196	0	0	0
1.452	1	3	146	3	1	28	2196	0	0	0
1.455	1	3	146	6	1	28	2196	0	0	0
1.458	1	3	146	9	1	28	2196	0	0	0
1.461	1	3	147	2	1	28	2196	0	0	0
1.464	1	3	147	5	1	28	2196	0	0	0
1.467	1	3	147	8	1	28	2196	0	0	0
1.47	1	3	148	1	1	28	2196	0	0	0
1.473	1	3	148	4	1	28	2196	0	0	0
1.476	1	3	148	7	1	28	2196	0	0	0
1.479	1	3	148	10	1	28	2196	0	0	0
1.482	1	3	149	3	1	28	2196	0	0	0
1.485	1	3	149	6	1	28	2196	0	0	0
1.488	1	3	149	9	1	28	2196	0	0	0
1.491	1	3	150	2	1	28	2196	0	0	0
1.494	1	3	150	5	1	28	2196	0	0	0
1.497	1	3	150	8	1	28	2196	0	0	0
1.5	1	3	151	1	1	28	2196	0	0	0
1.503	1	3	151	4	1	28	2196	0	0	0
1.506	1	3	151	7	1	28	2196	0	0	0
1.509	1	3	151	10	1	28	2196	0	0	0
1.512	1	3	152	3	1	28	2196	0	0	0
1.515	1	3	152	6	1	28	2196	0	0	0
1.518	1	3	152	9	1	28	2196	0	0	0
1.521	1	3	153	2	1	28	2196	0	0	0
1.524	1	3	153	5	1	28	2196	0	0	0
1.527	1	3	153	8	1	28	2196	0	0	0
1.53	1	3	154	1	1	28	2196	0	0	0
1.533	1	3	154	4	1	28	2196	0	0	0
1.536	1	3	154	7	1	28	2196	0	0	0
1.539	1	3	154	10	1	28	2196	0	0	0
1.542	1	3	155	3	1	28	2196	0	0	0
1.545	1	3	155	6	1	28	2196	0	0	0
1.548	1	3	155	9	1	28	2196	0	0	0
1.551	1	3	156	2	1	28	2196	0	0	0
1.554	1	3	156	5	1	28	2196	0	0	0
1.557	1	3	156	8	1	28	2196	0	0	0
1.56	1	3	157	1	1	28	2196	0	0	0
1.563	1	3	157	4	1	28	2196	0	0	0
1.566	1	3	157	7	1	28	2196	0	0	0
1.569	1	3	157	10	1	28	2196	0	0	0
1.572	1	3	158	3	1	28	2196	0	0	0
1.575	1	3	158	6	1	28	2196	0	0	0
1.578	1	3	158	9	1	28	2196	0	0	0
1.581	1	3	159	2	1	28	2196	0	0	0
1.584	1	3	159	5	1	28	2196	0	0	0
1.587	1	3	159	8	1	28	2196	0	0	0
1.59	1	3	160	1	1	28	2196	0	0	0
1.593	1	3	160	4	1	28	2196	0	0	0
1.596	1	3	160	7	1	28	2196	0	0	0
1.599	1	3	160	10	1	28	2196	0	0	0
1.602	1	3	161	3	1	28	2196	0	0	0
1.605	1	3	161	6	1	28	2196	0	0	0
1.608	1	3	161	9	1	28	2196	0	0	0
1.611	1	3	162	2	1	28	2196	0	0	0
1.614	1	3	162	5	1	28	2196	0	0	0
1.617	1	3	162	8	1	28	2196	0	0	0
1.62	1	3	163	1	1	28	2196	0	0	0
1.623	1	3	163	4	1	28	2196	0	0	0
1.626	1	3	163	7	1	28	2196	0	0	0
1.629	1	3	163	10	1	28	2196	0	0	0
1.632	1	3	164	3	1	28	2196	0	0	0
1.635	1	3	164	6	1	28	2196	0	0	0
1.638	1	3	164	9	1	28	2196	0	0	0
1.641	1	3	165	2	1	28	2196	0	0	0
1.644	1	3	165	5	1	28	2196	0	0	0
1.647	1	3	165	8	1	28	2196	0	0	0
1.65	1	3	166	1	1	28	2196	0	0	0
1.653	1	3	166	4	1	28	2196	0	0	0
1.656	1	3	166	7	1	28	2196	0	0	0
1.659	1	3	166	10	1	28	2196	0	0	0
1.662	1	3	167	3	1	28	2196	0	0	0
1.665	1	3	167	6	1	28	2196	0	0	0
1.668	1	3	167	9	1	28	2196	0	0	0
1.671	1	3	168	2	1	28	2196	0	0	0
1.674	1	3	168	5	1	28	2196	0	0	0
1.677	1	3	168	8	1	28	2196	0	0	0
1.68	1	3	169	1	1	28	2196	0	0	0
1.683	1	3	169	4	1	28	2196	0	0	0
1.686	1	3	169	7	1	28	2196	0	0	0
1.689	1	3	169	10	1	28	2196	0	0	0
1.692	1	3	170	3	1	28	2196	0	0	0
1.695	1	3	170	6	1	28	2196	0	0	0
1.698	1	3	170	9	1	28	2196	0	0	0
1.701	1	3	171	2	1	28	2196	0	0	0
1.704	1	3	171	5	1	28	2196	0	0	0
1.707	1	3	171	8	1	28	2196	0	0	0
1.71	1	3	172	1	1	28	2196	0	0	0
1.713	1	3	172	4	1	28	2196	0	0	0
1.716	1	3	172	7	1	28	2196	0	0	0
1.719	1	3	172	10	1	28	2196	0	0	0
1.722	1	3	173	3	1	28	2196	0	0	0
1.725	1	3	173	6	1	28	2196	0	0	0
1.728	1	3	173	9	1	28	2196	0	0	0
1.731	1	3	174	2	1	28	2196	0	0	0
1.734	1	3	174	5	1	28	2196	0	0	0
1.737	1	3	174	8	1	28	2196	0	0	0
1.74	1	3	175	1	1	28	2196	0	0	0
1.743	1	3	175	4	1	28	2196	0	0	0
1.746	1	3	175	7	1	28	2196	0	0	0
1.749	1	3	175	10	1	28	2196	0	0	0
1.752	1	3	176	3	1	28	2196	0	0	0
1.755	1	3	176	6	1	28	2196	0	0	0
1.758	1	3	176	9	1	28	2196	0	0	0
1.761	1	3	177	2	1	28	2196	0	0	0
1.764	1	3	177	5	1	28	2196	0	0	0
1.767	1	3	177	8	1	28	2196	0	0	0
1.77	1	3	178	1	1	28	2196	0	0	0
1.773	1	3	178	4	1	28	2196	0	0	0
1.776	1	3	178	7	1	28	2196	0	0	0
1.779	1	3	178	10	1	28	2196	0	0	0
1.782	1	3	179	3	1	28	2196	0	0	0
1.785	1	3	179	6	1	28	2196	0	0	0
1.788	1	3	179	9	1	28	2196	0	0	0
1.791	1	3	180	2	1	28	2196	0	0	0
1.794	1	3	180	5	1	28	2196	0	0	0
1.797	1	3	180	8	1	28	2196	0	0	0
1.8	1	3	181	1	1	28	2196	0	0	0
1.803	1	3	181	4	1	28	2196	0	0	0
1.806	1	3	181	7	1	28	2196	0	0	0
1.809	1	3	181	10	1	28	2196	0	0	0
1.812	1	3	182	3	1	28	2196	0	0	0
1.815	1	3	182	6	1	28	2196	0	0	0
1.818	1	3	182	9	1	28	2196	0	0	0
1.821	1	3	183	2	1	28	2196	0	0	0
1.824	1	3	183	5	1	28	2196	0	0	0
1.827	1	3	183	8	1	28	2196	0	0	0
1.83	1	3	184	1	1	28	2196	0	0	0
1.833	1	3	184	4	1	28	2196	0	0	0
1.836	1	3	184	7	1	28	2196	0	0	0
1.839	1	3	184	10	1	28	2196	0	0	0
1.842	1	3	185	3	1	28	2196	0	0	0
1.845	1	3	185	6	1	28	2196	0	0	0
1.848	1	3	185	9	1	28	2196	0	0	0
1.851	1	3	186	2	1	28	2196	0	0	0
1.854	1	3	186	5	1	28	2196	0	0	0
1.857	1	3	186	8	1	28	2196	0	0	0
1.86	1	3	187	1	1	28	2196	0	0	0
1.863	1	3	187	4	1	28	2196	0	0	0
1.866	1	3	187	7	1	28	2196	0	0	0
1.869	1	3	187	10	1	28	2196	0	0	0
1.872	1	3	188	3	1	28	2196	0	0	0
1.875	1	3	188	6	1	28	2196	0	0	0
1.878	1	3	188	9	1	28	2196	0	0	0
1.881	1	3	189	2	1	28	2196	0	0	0
1.884	1	3	189	5	1	28	2196	0	0	0
1.887	1	3	189	8	1	28	2196	0	0	0
1.89	1	3	190	1	1	28	2196	0	0	0
1.893	1	3	190	4	1	28	2196	0	0	0
1.896	1	3	190	7	1	28	2196	0	0	0
1.899	1	3	190	10	1	28	2196	0	0	0
1.902	1	3	191	3	1	28	2196	0	0	0
1.905	1	3	191	6	1	28	2196	0	0	0
1.908	1	3	191	9	1	28	2196	0	0	0
1.911	1	3	192	2	1	28	2196	0	0	0
1.914	1	3	192	5	1	28	2196	0	0	0
1.917	1	3	192	8	1	28	2196	0	0	0
1.92	1	3	193	1	1	28	2196	0	0	0
1.923	1	3	193	4	1	28	2196	0	0	0
1.926	1	3	193	7	1	28	2196	0	0	0
1.929	1	3	193	10	1	28	2196	0	0	0
1.932	1	3	194	3	1	28	2196	0	0	0
1.935	1	3	194	6	1	28	2196	0	0	0
1.938	1	3	194	9	1	28	2196	0	0	0
1.941	1	3	195	2	1	28	2196	0	0	0
1.944	1	3	195	5	1	28	2196	0	0	0
1.947	1	3	195	8	1	28	2196	0	0	0
1.95	1	3	196	1	1	28	2196	0	0	0
1.953	1	3	196	4	1	28	2196	0	0	0
1.956	1	3	196	7	1	28	2196	0	0	0
1.959	1	3	196	10	1	28	2196	0	0	0
1.962	1	3	197	3	1	28	2196	0	0	0
1.965	1	3	197	6	1	28	2196	0	0	0
1.968	1	3	197	9	1	28	2196	0	0	0
1.971	1	3	198	2	1	28	2196	0	0	0
1.974	1	3	198	5	1	28	2196	0	0	0
1.977	1	3	198	8	1	28	2196	0	0	0
1.98	1	3	199	1	1	28	2196	0	0	0
1.983	1	3	199	4	1	28	2196	0	0	0
1.986	1	3	199	7	1	28	2196	0	0	0
1.989	1	3	199	10	1	28	2196	0	0	0
1.992	1	3	200	3	1	28	2196	0	0	0
1.995	1	3	200	6	1	28	2196	0	0	0
1.998	1	3	200	9	1	28	2196	0	0	0
2.001	1	3	201	2	1	28	2196	0	0	0
2.004	1	3	201	5	1	28	2196	0	0	0
2.007	1	3	201	8	1	28	2196	0	0	0
2.01	1	3	202	1	1	28	2196	0	0	0
2.013	1	3	202	4	1	28	2196	0	0	0
2.016	1	3	202	7	1	28	2196	0	0	0
2.019	1	3	202	10	1	28	2196	0	0	0
2.022	1	3	203	3	1	28	2196	0	0	0
2.025	1	3	203	6	1	28	2196	0	0	0
2.028	1	3	203	9	1	28	2196	0	0	0
2.031	1	3	204	2	1	28	2196	0	0	0
2.034	1	3	204	5	1	28	2196	0	0	0
2.037	1	3	204	8	1	28	2196	0	0	0
2.04	1	3	205	1	1	28	2196	0	0	0
2.043	1	3	205	4	1	28	2196	0	0	0
2.046	1	3	205	7	1	28	2196	0	0	0
2.049	1	3	205	10	1	28	2196	0	0	0
2.052	1	3	206	3	1	28	2196	0	0	0
2.055	1	3	206	6	1	28	2196	0	0	0
2.058	1	3	206	9	1	28	2196	0	0	0
2.061	1	3	207	2	1	28	2196	0	0	0
2.064	1	3	207	5	1	28	2196	0	0	0
2.067	1	3	207	8	1	28	2196	0	0	0
2.07	1	3	208	1	1	28	2196	0	0	0
2.073	1	3	208	4	1	28	2196	0	0	0
2.076	1	3	208	7	1	28	2196	0	0	0
2.079	1	3	208	10	1	28	2196	0	0	0
2.082	1	3	209	3	1	28	2196	0	0	0
2.085	1	3	209	6	1	28	2196	0	0	0
2.088	1	3	209	9	1	28	2196	0	0	0
2.091	1	3	210	2	1	28	2196	0	0	0
2.094	1	3	210	5	1	28	2196	0	0	0
2.097	1	3	210	8	1	28	2196	0	0	0
2.1	1	3	211	1	1	28	2196	0	0	0
2.103	1	3	211	4	1	28	2196	0	0	0
2.106	1	3	211	7	1	28	2196	0	0	0
2.109	1	3	211	10	1	28	2196	0	0	0
2.112	1	3	212	3	1	28	2196	0	0	0
2.115	1	3	212	6	1	28	2196	0	0	0
2.118	1	3	212	9	1	28	2196	0	0	0
2.121	1	3	213	2	1	28	2196	0	0	0
2.124	1	3	213	5	1	28	2196	0	0	0
2.127	1	3	213	8	1	28	2196	0	0	0
2.13	1	3	214	1	1	28	2196	0	0	0
2.133	1	3	214	4	1	28	2196	0	0	0
2.136	1	3	214	7	1	28	2196	0	0	0
2.139	1	3	214	10	1	28	2196	0	0	0
2.142	1	3	215	3	1	28	2196	0	0	0
2.145	1	3	215	6	1	28	2196	0	0	0
2.148	1	3	215	9	1	28	2196	0	0	0
2.151	1	3	216	2	1	28	2196	0	0	0
2.154	1	3	216	5	1	28	2196	0	0	0
2.157	1	3	216	8	1	28	2196	0	0	0
2.16	1	3	217	1	1	28	2196	0	0	0
2.163	1	3	217	4	1	28	2196	0	0	0
2.166	1	3	217	7	1	28	2196	0	0	0
2.169	1	3	217	10	1	28	2196	0	0	0
2.172	1	3	218	3	1	28	2196	0	0	0
2.175	1	3	218	6	1	28	2196	0	0	0
2.178	1	3	218	9	1	28	2196	0	0	0
2.181	1	3	219	2	1	28	2196	0	0	0
2.184	1	3	219	5	1	28	2196	0	0	0
2.187	1	3	219	8	1	28	2196	0	0	0
2.19	1	3	220	1	1	28	2196	0	0	0
2.193	1	3	220	4	1	28	2196	0	0	0
2.196	1	3	220	7	1	28	2196	0	0	0
2.199	1	3	220	10	1	28	2196	0	0	0
2.202	1	3	221	3	1	28	2196	0	0	0
2.205	1	3	221	6	1	28	2196	0	0	0
2.208	1	3	221	9	1	28	2196	0	0	0
2.211	1	3	222	2	1	28	2196	0	0	0
2.214	1	3	222	5	1	28	2196	0	0	0
2.217	1	3	222	8	1	28	2196	0	0	0
2.22	1	3	223	1	1	28	2196	0	0	0
2.223	1	3	223	4	1	28	2196	0	0	0
2.226	1	3	223	7	1	28	2196	0	0	0
2.229	1	3	223	10	1	28	2196	0	0	0
2.232	1	3	224	3	1	28	2196	0	0	0
2.235	1	3	224	6	1	28	2196	0	0	0
2.238	1	3	224	9	1	28	2196	0	0	0
2.241	1	3	225	2	1	28	2196	0	0	0
2.244	1	3	225	5	1	28	2196	0	0	0
2.247	1	3	225	8	1	28	2196	0	0	0
2.25	1	3	226	1	1	28	2196	0	0	0
2.253	1	3	226	4	1	28	2196	0	0	0
2.256	1	3	226	7	1	28	2196	0	0	0
2.259	1	3	226	10	1	28	2196	0	0	0
2.262	1	3	227	3	1	28	2196	0	0	0
2.265	1	3	227	6	1	28	2196	0	0	0
2.268	1	3	227	9	1	28	2196	0	0	0
2.271	1	3	228	2	1	28	2196	0	0	0
2.274	1	3	228	5	1	28	2196	0	0	0
2.277	1	3	228	8	1	28	2196	0	0	0
2.28	1	3	229	1	1	28	2196	0	0	0
2.283	1	3	229	4	1	28	2196	0	0	0
2.286	1	3	229	7	1	28	2196	0	0	0
2.289	1	3	229	10	1	28	2196	0	0	0
2.292	1	3	230	3	1	28	2196	0	0	0
2.295	1	3	230	6	1	28	2196	0	0	0
2.298	1	3	230	9	1	28	2196	0	0	0
2.301	1	3	231	2	1	28	2196	0	0	0
2.304	1	3	231	5	1	28	2196	0	0	0
2.307	1	3	231	8	1	28	2196	0	0	0
2.31	1	3	232	1	1	28	2196	0	0	0
2.313	1	3	232	4	1	28	2196	0	0	0
2.316	1	3	232	7	1	28	2196	0	0	0
2.319	1	3	232	10	1	28	2196	0	0	0
2.322	1	3	233	3	1	28	2196	0	0	0
2.325	1	3	233	6	1	28	2196	0	0	0
2.328	1	3	233	9	1	28	2196	0	0	0
2.331	1	3	234	2	1	28	2196	0	0	0
2.334	1	3	234	5	1	28	2196	0	0	0
2.337	1	3	234	8	1	28	2196	0	0	0
2.34	1	3	235	1	1	28	2196	0	0	0
2.343	1	3	235	4	1	28	2196	0	0	0
2.346	1	3	235	7	1	28	2196	0	0	0
2.349	1	3	235	10	1	28	2196	0	0	0
2.352	1	3	236	3	1	28	2196	0	0	0
2.355	1	3	236	6	1	28	2196	0	0	0
2.358	1	3	236	9	1	28	2196	0	0	0
2.361	1	3	237	2	1	28	2196	0	0	0
2.364	1	3	237	5	1	28	2196	0	0	0
2.367	1	3	237	8	1	28	2196	0	0	0
2.37	1	3	238	1	1	28	2196	0	0	0
2.373	1	3	238	4	1	28	2196	0	0	0
2.376	1	3	238	7	1	28	2196	0	0	0
2.379	1	3	238	10	1	28	2196	0	0	0
2.382	1	3	239	3	1	28	2196	0	0	0
2.385	1	3	239	6	1	28	2196	0	0	0
2.388	1	3	239	9	1	28	2196	0	0	0
2.391	1	3	240	2	1	28	2196	0	0	0
2.394	1	3	240	5	1	28	2196	0	0	0
2.397	1	3	240	8	1	28	2196	0	0	0
2.4	1	3	241	1	1	28	2196	0	0	0
2.403	1	3	241	4	1	28	2196	0	0	0
2.406	1	3	241	7	1	28	2196	0	0	0
2.409	1	3	241	10	1	28	2196	0	0	0
2.412	1	3	242	3	1	28	2196	0	0	0
2.415	1	3	242	6	1	28	2196	0	0	0
2.418	1	3	242	9	1	28	2196	0	0	0
2.421	1	3	243	2	1	28	2196	0	0	0
2.424	1	3	243	5	1	28	2196	0	0	0
2.427	1	3	243	8	1	28	2196	0	0	0
2.43	1	3	244	1	1	28	2196	0	0	0
2.433	1	3	244	4	1	28	2196	0	0	0
2.436	1	3	244	7	1	28	2196	0	0	0
2.439	1	3	244	10	1	28	2196	0	0	0
2.442	1	3	245	3	1	28	2196	0	0	0
2.445	1	3	245	6	1	28	2196	0	0	0
2.448	1	3	245	9	1	28	2196	0	0	0
2.451	1	3	246	2	1	28	2196	0	0	0
2.454	1	3	246	5	1	28	2196	0	0	0
2.457	1	3	246	8	1	28	2196	0	0	0
2.46	1	3	247	1	1	28	2196	0	0	0
2.463	1	3	247	4	1	28	2196	0	0	0
2.466	1	3	247	7	1	28	2196	0	0	0
2.469	1	3	247	10	1	28	2196	0	0	0
2.472	1	3	248	3	1	28	2196	0	0	0
2.475	1	3	248	6	1	28	2196	0	0	0
2.478	1	3	248	9	1	28	2196	0	0	0
2.481	1	3	249	2	1	28	2196	0	0	0
2.484	1	3	249	5	1	28	2196	0	0	0
2.487	1	3	249	8	1	28	2196	0	0	0
2.49	1	3	250	1	1	28	2196	0	0	0
2.493	1	3	250	4	1	28	2196	0	0	0
2.496	1	3	250	7	1	28	2196	0	0	0
2.499	1	3	250	10	1	28	2196	0	0	0
2.502	1	3	251	3	1	28	2196	0	0	0
2.505	1	3	251	6	1	28	2196	0	0	0
2.508	1	3	251	9	1	28	2196	0	0	0
2.511	1	3	252	2	1	28	2196	0	0	0
2.514	1	3	252	5	1	28	2196	0	0	0
2.517	1	3	252	8	1	28	2196	0	0	0
2.52	1	3	253	1	1	28	2196	0	0	0
2.523	1	3	253	4	1	28	2196	0	0	0
2.526	1	3	253	7	1	28	2196	0	0	0
2.529	1	3	253	10	1	28	2196	0	0	0
2.532	1	3	254	3	1	28	2196	0	0	0
2.535	1	3	254	6	1	28	2196	0	0	0
2.538	1	3	254	9	1	28	2196	0	0	0
2.541	1	3	255	2	1	28	2196	0	0	0
2.544	1	3	255	5	1	28	2196	0	0	0
2.547	1	3	255	8	1	28	2196	0	0	0
2.55	1	3	256	1	1	28	2196	0	0	0
2.553	1	3	256	4	1	28	2196	0	0	0
2.556	1	3	256	7	1	28	2196	0	0	0
2.559	1	3	256	10	1	28	2196	0	0	0
2.562	1	3	257	3	1	28	2196	0	0	0
2.565	1	3	257	6	1	28	2196	0	0	0
2.568	1	3	257	9	1	28	2196	0	0	0
2.571	1	3	258	2	1	28	2196	0	0	0
2.574	1	3	258	5	1	28	2196	0	0	0
2.577	1	3	258	8	1	28	2196	0	0	0
2.58	1	3	259	1	1	28	2196	0	0	0
2.583	1	3	259	4	1	28	2196	0	0	0
2.586	1	3	259	7	1	28	2196	0	0	0
2.589	1	3	259	10	1	28	2196	0	0	0
2.592	1	3	260	3	1	28	2196	0	0	0
2.595	1	3	260	6	1	28	2196	0	0	0
2.598	1	3	260	9	1	28	2196	0	0	0
2.601	1	3	261	2	1	28	2196	0	0	0
2.604	1	3	261	5	1	28	2196	0	0	0
2.607	1	3	261	8	1	28	2196	0	0	0
2.61	1	3	262	1	1	28	2196	0	0	0
2.613	1	3	262	4	1	28	2196	0	0	0
2.616	1	3	262	7	1	28	2196	0	0	0
2.619	1	3	262	10	1	28	2196	0	0	0
2.622	1	3	263	3	1	28	2196	0	0	0
2.625	1	3	263	6	1	28	2196	0	0	0
2.628	1	3	263	9	1	28	2196	0	0	0
2.631	1	3	264	2	1	28	2196	0	0	0
2.634	1	3	264	5	1	28	2196	0	0	0
2.637	1	3	264	8	1	28	2196	0	0	0
2.64	1	3	265	1	1	28	2196	0	0	0
2.643	1	3	265	4	1	28	2196	0	0	0
2.646	1	3	265	7	1	28	2196	0	0	0
2.649	1	3	265	10	1	28	2196	0	0	0
2.652	1	3	266	3	1	28	2196	0	0	0
2.655	1	3	266	6	1	28	2196	0	0	0
2.658	1	3	266	9	1	28	2196	0	0	0
2.661	1	3	267	2	1	28	2196	0	0	0
2.664	1	3	267	5	1	28	2196	0	0	0
2.667	1	3	267	8	1	28	2196	0	0	0
2.67	1	3	268	1	1	28	2196	0	0	0
2.673	1	3	268	4	1	28	2196	0	0	0
2.676	1	3	268	7	1	28	2196	0	0	0
2.679	1	3	268	10	1	28	2196	0	0	0
2.682	1	3	269	3	1	28	2196	0	0	0
2.685	1	3	269	6	1	28	2196	0	0	0
2.688	1	3	269	9	1	28	2196	0	0	0
2.691	1	3	270	2	1	28	2196	0	0	0
2.694	1	3	270	5	1	28	2196	0	0	0
2.697	1	3	270	8	1	28	2196	0	0	0
2.7	1	3	271	1	1	28	2196	0	0	0
2.703	1	3	271	4	1	28	2196	0	0	0
2.706	1	3	271	7	1	28	2196	0	0	0
2.709	1	3	271	10	1	28	2196	0	0	0
2.712	1	3	272	3	1	28	2196	0	0	0
2.715	1	3	272	6	1	28	2196	0	0	0
2.718	1	3	272	9	1	28	2196	0	0	0
2.721	1	3	273	2	1	28	2196	0	0	0
2.724	1	3	273	5	1	28	2196	0	0	0
2.727	1	3	273	8	1	28	2196	0	0	0
2.73	1	3	274	1	1	28	2196	0	0	0
2.733	1	3	274	4	1	28	2196	0	0	0
2.736	1	3	274	7	1	28	2196	0	0	0
2.739	1	3	274	10	1	28	2196	0	0	0
2.742	1	3	275	3	1	28	2196	0	0	0
2.745	1	3	275	6	1	28	2196	0	0	0
2.748	1	3	275	9	1	28	2196	0	0	0
2.751	1	3	276	2	1	28	2196	0	0	0
2.754	1	3	276	5	1	28	2196	0	0	0
2.757	1	3	276	8	1	28	2196	0	0	0
2.76	1	3	277	1	1	28	2196	0	0	0
2.763	1	3	277	4	1	28	2196	0	0	0
2.766	1	3	277	7	1	28	2196	0	0	0
2.769	1	3	277	10	1	28	2196	0	0	0
2.772	1	3	278	3	1	28	2196	0	0	0
2.775	1	3	278	6	1	28	2196	0	0	0
2.778	1	3	278	9	1	28	2196	0	0	0
2.781	1	3	279	2	1	28	2196	0	0	0
2.784	1	3	279	5	1	28	2196	0	0	0
2.787	1	3	279	8	1	28	2196	0	0	0
2.79	1	3	280	1	1	28	2196	0	0	0
2.793	1	3	280	4	1	28	2196	0	0	0
2.796	1	3	280	7	1	28	2196	0	0	0
2.799	1	3	280	10	1	28	2196	0	0	0
2.802	1	3	281	3	1	28	2196	0	0	0
2.805	1	3	281	6	1	28	2196	0	0	0
2.808	1	3	281	9	1	28	2196	0	0	0
2.811	1	3	282	2	1	28	2196	0	0	0
2.814	1	3	282	5	1	28	2196	0	0	0
2.817	1	3	282	8	1	28	2196	0	0	0
2.82	1	3	283	1	1	28	2196	0	0	0
2.823	1	3	283	4	1	28	2196	0	0	0
2.826	1	3	283	7	1	28	2196	0	0	0
2.829	1	3	283	10	1	28	2196	0	0	0
2.832	1	3	284	3	1	28	2196	0	0	0
2.835	1	3	284	6	1	28	2196	0	0	0
2.838	1	3	284	9	1	28	2196	0	0	0
2.841	1	3	285	2	1	28	2196	0	0	0
2.844	1	3	285	5	1	28	2196	0	0	0
2.847	1	3	285	8	1	28	2196	0	0	0
2.85	1	3	286	1	1	28	2196	0	0	0
2.853	1	3	286	4	1	28	2196	0	0	0
2.856	1	3	286	7	1	28	2196	0	0	0
2.859	1	3	286	10	1	28	2196	0	0	0
2.862	1	3	287	3	1	28	2196	0	0	0
2.865	1	3	287	6	1	28	2196	0	0	0
2.868	1	3	287	9	1	28	2196	0	0	0
2.871	1	3	288	2	1	28	2196	0	0	0
2.874	1	3	288	5	1	28	2196	0	0	0
2.877	1	3	288	8	1	28	2196	0	0	0
2.88	1	3	289	1	1	28	2196	0	0	0
2.883	1	3	289	4	1	28	2196	0	0	0
2.886	1	3	289	7	1	28	2196	0	0	0
2.889	1	3	289	10	1	28	2196	0	0	0
2.892	1	3	290	3	1	28	2196	0	0	0
2.895	1	3	290	6	1	28	2196	0	0	0
2.898	1	3	290	9	1	28	2196	0	0	0
2.901	1	3	291	2	1	28	2196	0	0	0
2.904	1	3	291	5	1	28	2196	0	0	0
2.907	1	3	291	8	1	28	2196	0	0	0
2.91	1	3	292	1	1	28	2196	0	0	0
2.913	1	3	292	4	1	28	2196	0	0	0
2.916	1	3	292	7	1	28	2196	0	0	0
2.919	1	3	292	10	1	28	2196	0	0	0
2.922	1	3	293	3	1	28	2196	0	0	0
2.925	1	3	293	6	1	28	2196	0	0	0
2.928	1	3	293	9	1	28	2196	0	0	0
2.931	1	3	294	2	1	28	2196	0	0	0
2.934	1	3	294	5	1	28	2196	0	0	0
2.937	1	3	294	8	1	28	2196	0	0	0
2.94	1	3	295	1	1	28	2196	0	0	0
2.943	1	3	295	4	1	28	2196	0	0	0
2.946	1	3	295	7	1	28	2196	0	0	0
2.949	1	3	295	10	1	28	2196	0	0	0
2.952	1	3	296	3	1	28	2196	0	0	0
2.955	1	3	296	6	1	28	2196	0	0	0
2.958	1	3	296	9	1	28	2196	0	0	0
2.961	1	3	297	2	1	28	2196	0	0	0
2.964	1	3	297	5	1	28	2196	0	0	0
2.967	1	3	297	8	1	28	2196	0	0	0
2.97	1	3	298	1	1	28	2196	0	0	0
2.973	1	3	298	4	1	28	2196	0	0	0
2.976	1	3	298	7	1	28	2196	0	0	0
2.979	1	3	298	10	1	28	2196	0	0	0
2.982	1	3	299	3	1	28	2196	0	0	0
2.985	1	3	299	6	1	28	2196	0	0	0
2.988	1	3	299	9	1	28	2196	0	0	0
2.991	1	3	300	2	1	28	2196	0	0	0
2.994	1	3	300	5	1	28	2196	0	0	0
2.997	1	3	300	8	1	28	2196	0	0	0
3	1	3	301	1	1	28	2196	0	0	0
3.003	1	3	301	4	1	28	2196	0	0	0
3.006	1	3	301	7	1	28	2196	0	0	0
3.009	1	3	301	10	1	28	2196	0	0	0
3.012	1	3	302	3	1	28	2196	0	0	0
3.015	1	3	302	6	1	28	2196	0	0	0
3.018	1	3	302	9	1	28	2196	0	0	0
3.021	1	3	303	2	1	28	2196	0	0	0
3.024	1	3	303	5	1	28	2196	0	0	0
3.027	1	3	303	8	1	28	2196	0	0	0
3.03	1	3	304	1	1	28	2196	0	0	0
3.033	1	3	304	4	1	28	2196	0	0	0
3.036	1	3	304	7	1	28	2196	0	0	0
3.039	1	3	304	10	1	28	2196	0	0	0
3.042	1	3	305	3	1	28	2196	0	0	0
3.045	1	3	305	6	1	28	2196	0	0	0
3.048	1	3	305	9	1	28	2196	0	0	0
3.051	1	3	306	2	1	28	2196	0	0	0
3.054	1	3	306	5	1	28	2196	0	0	0
3.057	1	3	306	8	1	28	2196	0	0	0
3.06	1	3	307	1	1	28	2196	0	0	0
3.063	1	3	307	4	1	28	2196	0	0	0
3.066	1	3	307	7	1	28	2196	0	0	0
3.069	1	3	307	10	1	28	2196	0	0	0
3.072	1	3	308	3	1	28	2196	0	0	0
3.075	1	3	308	6	1	28	2196	0	0	0
3.078	1	3	308	9	1	28	2196	0	0	0
3.081	1	3	309	2	1	28	2196	0	0	0
3.084	1	3	309	5	1	28	2196	0	0	0
3.087	1	3	309	8	1	28	2196	0	0	0
3.09	1	3	310	1	1	28	2196	0	0	0
3.093	1	3	310	4	1	28	2196	0	0	0
3.096	1	3	310	7	1	28	2196	0	0	0
3.099	1	3	310	10	1	28	2196	0	0	0
3.102	1	3	311	3	1	28	2196	0	0	0
3.105	1	3	311	6	1	28	2196	0	0	0
3.108	1	3	311	9	1	28	2196	0	0	0
3.111	1	3	312	2	1	28	2196	0	0	0
3.114	1	3	312	5	1	28	2196	0	0	0
3.117	1	3	312	8	1	28	2196	0	0	0
3.12	1	3	313	1	1	28	2196	0	0	0
3.123	1	3	313	4	1	28	2196	0	0	0
3.126	1	3	313	7	1	28	2196	0	0	0
3.129	1	3	313	10	1	28	2196	0	0	0
3.132	1	3	314	3	1	28	2196	0	0	0
3.135	1	3	314	6	1	28	2196	0	0	0
3.138	1	3	314	9	1	28	2196	0	0	0
3.141	1	3	315	2	1	28	2196	0	0	0
3.144	1	3	315	5	1	28	2196	0	0	0
3.147	1	3	315	8	1	28	2196	0	0	0
3.15	1	3	316	1	1	28	2196	0	0	0
3.153	1	3	316	4	1	28	2196	0	0	0
3.156	1	3	316	7	1	28	2196	0	0	0
3.159	1	3	316	10	1	28	2196	0	0	0
3.162	1	3	317	3	1	28	2196	0	0	0
3.165	1	3	317	6	1	28	2196	0	0	0
3.168	1	3	317	9	1	28	2196	0	0	0
3.171	1	3	318	2	1	28	2196	0	0	0
3.174	1	3	318	5	1	28	2196	0	0	0
3.177	1	3	318	8	1	28	2196	0	0	0
3.18	1	3	319	1	1	28	2196	0	0	0
3.183	1	3	319	4	1	28	2196	0	0	0
3.186	1	3	319	7	1	28	2196	0	0	0
3.189	1	3	319	10	1	28	2196	0	0	0
3.192	1	3	320	3	1	28	2196	0	0	0
3.195	1	3	320	6	1	28	2196	0	0	0
3.198	1	3	320	9	1	28	2196	0	0	0
3.201	1	3	321	2	1	28	2196	0	0	0
3.204	1	3	321	5	1	28	2196	0	0	0
3.207	1	3	321	8	1	28	2196	0	0	0
3.21	1	3	322	1	1	28	2196	0	0	0
3.213	1	3	322	4	1	28	2196	0	0	0
3.216	1	3	322	7	1	28	2196	0	0	0
3.219	1	3	322	10	1	28	2196	0	0	0
3.222	1	3	323	3	1	28	2196	0	0	0
3.225	1	3	323	6	1	28	2196	0	0	0
3.228	1	3	323	9	1	28	2196	0	0	0
3.231	1	3	324	2	1	28	2196	0	0	0
3.234	1	3	324	5	1	28	2196	0	0	0
3.237	1	3	324	8	1	28	2196	0	0	0
3.24	1	3	325	1	1	28	2196	0	0	0
3.243	1	3	325	4	1	28	2196	0	0	0
3.246	1	3	325	7	1	28	2196	0	0	0
3.249	1	3	325	10	1	28	2196	0	0	0
3.252	1	3	326	3	1	28	2196	0	0	0
3.255	1	3	326	6	1	28	2196	0	0	0
3.258	1	3	326	9	1	28	2196	0	0	0
3.261	1	3	327	2	1	28	2196	0	0	0
3.264	1	3	327	5	1	28	2196	0	0	0
3.267	1	3	327	8	1	28	2196	0	0	0
3.27	1	3	328	1	1	28	2196	0	0	0
3.273	1	3	328	4	1	28	2196	0	0	0
3.276	1	3	328	7	1	28	2196	0	0	0
3.279	1	3	328	10	1	28	2196	0	0	0
3.282	1	3	329	3	1	28	2196	0	0	0
3.285	1	3	329	6	1	28	2196	0	0	0
3.288	1	3	329	9	1	28	2196	0	0	0
3.291	1	3	330	2	1	28	2196	0	0	0
3.294	1	3	330	5	1	28	2196	0	0	0
3.297	1	3	330	8	1	28	2196	0	0	0
3.3	1	3	331	1	1	28	2196	0	0	0
3.303	1	3	331	4	1	28	2196	0	0	0
3.306	1	3	331	7	1	28	2196	0	0	0
3.309	1	3	331	10	1	28	2196	0	0	0
3.312	1	3	332	3	1	28	2196	0	0	0
3.315	1	3	332	6	1	28	2196	0	0	0
3.318	1	3	332	9	1	28	2196	0	0	0
3.321	1	3	333	2	1	28	2196	0	0	0
3.324	1	3	333	5	1	28	2196	0	0	0
3.327	1	3	333	8	1	28	2196	0	0	0
3.33	1	3	334	1	1	28	2196	0	0	0
3.333	1	3	334	4	1	28	2196	0	0	0
3.336	1	3	334	7	1	28	2196	0	0	0
3.339	1	3	334	10	1	28	2196	0	0	0
3.342	1	3	335	3	1	28	2196	0	0	0
3.345	1	3	335	6	1	28	2196	0	0	0
3.348	1	3	335	9	1	28	2196	0	0	0
3.351	1	3	336	2	1	28	2196	0	0	0
3.354	1	3	336	5	1	28	2196	0	0	0
3.357	1	3	336	8	1	28	2196	0	0	0
3.36	1	3	337	1	1	28	2196	0	0	0
3.363	1	3	337	4	1	28	2196	0	0	0
3.366	1	3	337	7	1	28	2196	0	0	0
3.369	1	3	337	10	1	28	2196	0	0	0
3.372	1	3	338	3	1	28	2196	0	0	0
3.375	1	3	338	6	1	28	2196	0	0	0
3.378	1	3	338	9	1	28	2196	0	0	0
3.381	1	3	339	2	1	28	2196	0	0	0
3.384	1	3	339	5	1	28	2196	0	0	0
3.387	1	3	339	8	1	28	2196	0	0	0
3.39	1	3	340	1	1	28	2196	0	0	0
3.393	1	3	340	4	1	28	2196	0	0	0
3.396	1	3	340	7	1	28	2196	0	0	0
3.399	1	3	340	10	1	28	2196	0	0	0
3.402	1	3	341	3	1	28	2196	0	0	0
3.405	1	3	341	6	1	28	2196	0	0	0
3.408	1	3	341	9	1	28	2196	0	0	0
3.411	1	3	342	2	1	28	2196	0	0	0
3.414	1	3	342	5	1	28	2196	0	0	0
3.417	1	3	342	8	1	28	2196	0	0	0
3.42	1	3	343	1	1	28	2196	0	0	0
3.423	1	3	343	4	1	28	2196	0	0	0
3.426	1	3	343	7	1	28	2196	0	0	0
3.429	1	3	343	10	1	28	2196	0	0	0
3.432	1	3	344	3	1	28	2196	0	0	0
3.435	1	3	344	6	1	28	2196	0	0	0
3.438	1	3	344	9	1	28	2196	0	0	0
3.441	1	3	345	2	1	28	2196	0	0	0
3.444	1	3	345	5	1	28	2196	0	0	0
3.447	1	3	345	8	1	28	2196	0	0	0
3.45	1	3	346	1	1	28	2196	0	0	0
3.453	1	3	346	4	1	28	2196	0	0	0
3.456	1	3	346	7	1	28	2196	0	0	0
3.459	1	3	346	10	1	28	2196	0	0	0
3.462	1	3	347	3	1	28	2196	0	0	0
3.465	1	3	347	6	1	28	2196	0	0	0
3.468	1	3	347	9	1	28	2196	0	0	0
3.471	1	3	348	2	1	28	2196	0	0	0
3.474	1	3	348	5	1	28	2196	0	0	0
3.477	1	3	348	8	1	28	2196	0	0	0
3.48	1	3	349	1	1	28	2196	0	0	0
3.483	1	3	349	4	1	28	2196	0	0	0
3.486	1	3	349	7	1	28	2196	0	0	0
3.489	1	3	349	10	1	28	2196	0	0	0
3.492	1	3	350	3	1	28	2196	0	0	0
3.495	1	3	350	6	1	28	2196	0	0	0
3.498	1	3	350	9	1	28	2196	0	0	0
3.501	1	3	351	2	1	28	2196	0	0	0
3.504	1	3	351	5	1	28	2196	0	0	0
3.507	1	3	351	8	1	28	2196	0	0	0
3.51	1	3	352	1	1	28	2196	0	0	0
3.513	1	3	352	4	1	28	2196	0	0	0
3.516	1	3	352	7	1	28	2196	0	0	0
3.519	1	3	352	10	1	28	2196	0	0	0
3.522	1	3	353	3	1	28	2196	0	0	0
3.525	1	3	353	6	1	28	2196	0	0	0
3.528	1	3	353	9	1	28	2196	0	0	0
3.531	1	3	354	2	1	28	2196	0	0	0
3.534	1	3	354	5	1	28	2196	0	0	0
3.537	1	3	354	8	1	28	2196	0	0	0
3.54	1	3	355	1	1	28	2196	0	0	0
3.543	1	3	355	4	1	28	2196	0	0	0
3.546	1	3	355	7	1	28	2196	0	0	0
3.549	1	3	355	10	1	28	2196	0	0	0
3.552	1	3	356	3	1	28	2196	0	0	0
3.555	1	3	356	6	1	28	2196	0	0	0
3.558	1	3	356	9	1	28	2196	0	0	0
3.561	1	3	357	2	1	28	2196	0	0	0
3.564	1	3	357	5	1	28	2196	0	0	0
3.567	1	3	357	8	1	28	2196	0	0	0
3.57	1	3	358	1	1	28	2196	0	0	0
3.573	1	3	358	4	1	28	2196	0	0	0
3.576	1	3	358	7	1	28	2196	0	0	0
3.579	1	3	358	10	1	28	2196	0	0	0
3.582	1	3	359	3	1	28	2196	0	0	0
3.585	1	3	359	6	1	28	2196	0	0	0
3.588	1	3	359	9	1	28	2196	0	0	0
3.591	1	3	360	2	1	28	2196	0	0	0
3.594	1	3	360	5	1	28	2196	0	0	0
3.597	1	3	360	8	1	28	2196	0	0	0
3.6	1	3	361	1	1	28	2196	0	0	0
3.603	1	3	361	4	1	28	2196	0	0	0
3.606	1	3	361	7	1	28	2196	0	0	0
3.609	1	3	361	10	1	28	2196	0	0	0
3.612	1	3	362	3	1	28	2196	0	0	0
3.615	1	3	362	6	1	28	2196	0	0	0
3.618	1	3	362	9	1	28	2196	0	0	0
3.621	1	3	363	2	1	28	2196	0	0	0
3.624	1	3	363	5	1	28	2196	0	0	0
3.627	1	3	363	8	1	28	2196	0	0	0
3.63	1	3	364	1	1	28	2196	0	0	0
3.633	1	3	364	4	1	28	2196	0	0	0
3.636	1	3	364	7	1	28	2196	0	0	0
3.639	1	3	364	10	1	28	2196	0	0	0
3.642	1	3	365	3	1	28	2196	0	0	0
3.645	1	3	365	6	1	28	2196	0	0	0
3.648	1	3	365	9	1	28	2196	0	0	0
3.651	1	3	366	2	1	28	2196	0	0	0
3.654	1	3	366	5	1	28	2196	0	0	0
3.657	1	3	366	8	1	28	2196	0	0	0
3.66	1	3	367	1	1	28	2196	0	0	0
3.663	1	3	367	4	1	28	2196	0	0	0
3.666	1	3	367	7	1	28	2196	0	0	0
3.669	1	3	367	10	1	28	2196	0	0	0
3.672	1	3	368	3	1	28	2196	0	0	0
3.675	1	3	368	6	1	28	2196	0	0	0
3.678	1	3	368	9	1	28	2196	0	0	0
3.681	1	3	369	2	1	28	2196	0	0	0
3.684	1	3	369	5	1	28	2196	0	0	0
3.687	1	3	369	8	1	28	2196	0	0	0
3.69	1	3	370	1	1	28	2196	0	0	0
3.693	1	3	370	4	1	28	2196	0	0	0
3.696	1	3	370	7	1	28	2196	0	0	0
3.699	1	3	370	10	1	28	2196	0	0	0
3.702	1	3	371	3	1	28	2196	0	0	0
3.705	1	3	371	6	1	28	2196	0	0	0
3.708	1	3	371	9	1	28	2196	0	0	0
3.711	1	3	372	2	1	28	2196	0	0	0
3.714	1	3	372	5	1	28	2196	0	0	0
3.717	1	3	372	8	1	28	2196	0	0	0
3.72	1	3	373	1	1	28	2196	0	0	0
3.723	1	3	373	4	1	28	2196	0	0	0
3.726	1	3	373	7	1	28	2196	0	0	0
3.729	1	3	373	10	1	28	2196	0	0	0
3.732	1	3	374	3	1	28	2196	0	0	0
3.735	1	3	374	6	1	28	2196	0	0	0
3.738	1	3	374	9	1	28	2196	0	0	0
3.741	1	3	375	2	1	28	2196	0	0	0
3.744	1	3	375	5	1	28	2196	0	0	0
3.747	1	3	375	8	1	28	2196	0	0	0
3.75	1	3	376	1	1	28	2196	0	0	0
3.753	1	3	376	4	1	28	2196	0	0	0
3.756	1	3	376	7	1	28	2196	0	0	0
3.759	1	3	376	10	1	28	2196	0	0	0
3.762	1	3	377	3	1	28	2196	0	0	0
3.765	1	3	377	6	1	28	2196	0	0	0
3.768	1	3	377	9	1	28	2196	0	0	0
3.771	1	3	378	2	1	28	2196	0	0	0
3.774	1	3	378	5	1	28	2196	0	0	0
3.777	1	3	378	8	1	28	2196	0	0	0
3.78	1	3	379	1	1	28	2196	0	0	0
3.783	1	3	379	4	1	28	2196	0	0	0
3.786	1	3	379	7	1	28	2196	0	0	0
3.789	1	3	379	10	1	28	2196	0	0	0
3.792	1	3	380	3	1	28	2196	0	0	0
3.795	1	3	380	6	1	28	2196	0	0	0
3.798	1	3	380	9	1	28	2196	0	0	0
3.801	1	3	381	2	1	28	2196	0	0	0
3.804	1	3	381	5	1	28	2196	0	0	0
3.807	1	3	381	8	1	28	2196	0	0	0
3.81	1	3	382	1	1	28	2196	0	0	0
3.813	1	3	382	4	1	28	2196	0	0	0
3.816	1	3	382	7	1	28	2196	0	0	0
3.819	1	3	382	10	1	28	2196	0	0	0
3.822	1	3	383	3	1	28	2196	0	0	0
3.825	1	3	383	6	1	28	2196	0	0	0
3.828	1	3	383	9	1	28	2196	0	0	0
3.831	1	3	384	2	1	28	2196	0	0	0
3.834	1	3	384	5	1	28	2196	0	0	0
3.837	1	3	384	8	1	28	2196	0	0	0
3.84	1	3	385	1	1	28	2196	0	0	0
3.843	1	3	385	4	1	28	2196	0	0	0
3.846	1	3	385	7	1	28	2196	0	0	0
3.849	1	3	385	10	1	28	2196	0	0	0
3.852	1	3	386	3	1	28	2196	0	0	0
3.855	1	3	386	6	1	28	2196	0	0	0
3.858	1	3	386	9	1	28	2196	0	0	0
3.861	1	3	387	2	1	28	2196	0	0	0
3.864	1	3	387	5	1	28	2196	0	0	0
3.867	1	3	387	8	1	28	2196	0	0	0
3.87	1	3	388	1	1	28	2196	0	0	0
3.873	1	3	388	4	1	28	2196	0	0	0
3.876	1	3	388	7	1	28	2196	0	0	0
3.879	1	3	388	10	1	28	2196	0	0	0
3.882	1	3	389	3	1	28	2196	0	0	0
3.885	1	3	389	6	1	28	2196	0	0	0
3.888	1	3	389	9	1	28	2196	0	0	0
3.891	1	3	390	2	1	28	2196	0	0	0
3.894	1	3	390	5	1	28	2196	0	0	0
3.897	1	3	390	8	1	28	2196	0	0	0
3.9	1	3	391	1	1	28	2196	0	0	0
3.903	1	3	391	4	1	28	2196	0	0	0
3.906	1	3	391	7	1	28	2196	0	0	0
3.909	1	3	391	10	1	28	2196	0	0	0
3.912	1	3	392	3	1	28	2196	0	0	0
3.915	1	3	392	6	1	28	2196	0	0	0
3.918	1	3	392	9	1	28	2196	0	0	0
3.921	1	3	393	2	1	28	2196	0	0	0
3.924	1	3	393	5	1	28	2196	0	0	0
3.927	1	3	393	8	1	28	2196	0	0	0
3.93	1	3	394	1	1	28	2196	0	0	0
3.933	1	3	394	4	1	28	2196	0	0	0
3.936	1	3	394	7	1	28	2196	0	0	0
3.939	1	3	394	10	1	28	2196	0	0	0
3.942	1	3	395	3	1	28	2196	0	0	0
3.945	1	3	395	6	1	28	2196	0	0	0
3.948	1	3	395	9	1	28	2196	0	0	0
3.951	1	3	396	2	1	28	2196	0	0	0
3.954	1	3	396	5	1	28	2196	0	0	0
3.957	1	3	396	8	1	28	2196	0	0	0
3.96	1	3	397	1	1	28	2196	0	0	0
3.963	1	3	397	4	1	28	2196	0	0	0
3.966	1	3	397	7	1	28	2196	0	0	0
3.969	1	3	397	10	1	28	2196	0	0	0
3.972	1	3	398	3	1	28	2196	0	0	0
3.975	1	3	398	6	1	28	2196	0	0	0
3.978	1	3	398	9	1	28	2196	0	0	0
3.981	1	3	399	2	1	28	2196	0	0	0
3.984	1	3	399	5	1	28	2196	0	0	0
3.987	1	3	399	8	1	28	2196	0	0	0
3.99	1	3	400	1	1	28	2196	0	0	0
3.993	1	3	400	4	1	28	2196	0	0	0
3.996	1	3	400	7	1	28	2196	0	0	0
3.999	1	3	400	10	1	28	2196	0	0	0
4.002	1	3	401	3	1	28	2196	0	0	0
4.005	1	3	401	6	1	28	2196	0	0	0
4.008	1	3	401	9	1	28	2196	0	0	0
4.011	1	3	402	2	1	28	2196	0	0	0
4.014	1	3	402	5	1	28	2196	0	0	0
4.017	1	3	402	8	1	28	2196	0	0	0
4.02	1	3	403	1	1	28	2196	0	0	0
4.023	1	3	403	4	1	28	2196	0	0	0
4.026	1	3	403	7	1	28	2196	0	0	0
4.029	1	3	403	10	1	28	2196	0	0	0
4.032	1	3	404	3	1	28	2196	0	0	0
4.035	1	3	404	6	1	28	2196	0	0	0
4.038	1	3	404	9	1	28	2196	0	0	0
4.041	1	3	405	2	1	28	2196	0	0	0
4.044	1	3	405	5	1	28	2196	0	0	0
4.047	1	3	405	8	1	28	2196	0	0	0
4.05	1	3	406	1	1	28	2196	0	0	0
4.053	1	3	406	4	1	28	2196	0	0	0
4.056	1	3	406	7	1	28	2196	0	0	0
4.059	1	3	406	10	1	28	2196	0	0	0
4.062	1	3	407	3	1	28	2196	0	0	0
4.065	1	3	407	6	1	28	2196	0	0	0
4.068	1	3	407	9	1	28	2196	0	0	0
4.071	1	3	408	2	1	28	2196	0	0	0
4.074	1	3	408	5	1	28	2196	0	0	0
4.077	1	3	408	8	1	28	2196	0	0	0
4.08	1	3	409	1	1	28	2196	0	0	0
4.083	1	3	409	4	1	28	2196	0	0	0
4.086	1	3	409	7	1	28	2196	0	0	0
4.089	1	3	409	10	1	28	2196	0	0	0
4.092	1	3	410	3	1	28	2196	0	0	0
4.095	1	3	410	6	1	28	2196	0	0	0
4.098	1	3	410	9	1	28	2196	0	0	0
4.101	1	3	411	2	1	28	2196	0	0	0
4.104	1	3	411	5	1	28	2196	0	0	0
4.107	1	3	411	8	1	28	2196	0	0	0
4.11	1	3	412	1	1	28	2196	0	0	0
4.113	1	3	412	4	1	28	2196	0	0	0
4.116	1	3	412	7	1	28	2196	0	0	0
4.119	1	3	412	10	1	28	2196	0	0	0
4.122	1	3	413	3	1	28	2196	0	0	0
4.125	1	3	413	6	1	28	2196	0	0	0
4.128	1	3	413	9	1	28	2196	0	0	0
4.131	1	3	414	2	1	28	2196	0	0	0
4.134	1	3	414	5	1	28	2196	0	0	0
4.137	1	3	414	8	1	28	2196	0	0	0
4.14	1	3	415	1	1	28	2196	0	0	0
4.143	1	3	415	4	1	28	2196	0	0	0
4.146	1	3	415	7	1	28	2196	0	0	0
4.149	1	3	415	10	1	28	2196	0	0	0
4.152	1	3	416	3	1	28	2196	0	0	0
4.155	1	3	416	6	1	28	2196	0	0	0
4.158	1	3	416	9	1	28	2196	0	0	0
4.161	1	3	417	2	1	28	2196	0	0	0
4.164	1	3	417	5	1	28	2196	0	0	0
4.167	1	3	417	8	1	28	2196	0	0	0
4.17	1	3	418	1	1	28	2196	0	0	0
4.173	1	3	418	4	1	28	2196	0	0	0
4.176	1	3	418	7	1	28	2196	0	0	0
4.179	1	3	418	10	1	28	2196	0	0	0
4.182	1	3	419	3	1	28	2196	0	0	0
4.185	1	3	419	6	1	28	2196	0	0	0
4.188	1	3	419	9	1	28	2196	0	0	0
4.191	1	3	420	2	1	28	2196	0	0	0
4.194	1	3	420	5	1	28	2196	0	0	0
4.197	1	3	420	8	1	28	2196	0	0	0
4.2	1	3	421	1	1	28	2196	0	0	0
4.203	1	3	421	4	1	28	2196	0	0	0
4.206	1	3	421	7	1	28	2196	0	0	0
4.209	1	3	421	10	1	28	2196	0	0	0
4.212	1	3	422	3	1	28	2196	0	0	0
4.215	1	3	422	6	1	28	2196	0	0	0
4.218	1	3	422	9	1	28	2196	0	0	0
4.221	1	3	423	2	1	28	2196	0	0	0
4.224	1	3	423	5	1	28	2196	0	0	0
4.227	1	3	423	8	1	28	2196	0	0	0
4.23	1	3	424	1	1	28	2196	0	0	0
4.233	1	3	424	4	1	28	2196	0	0	0
4.236	1	3	424	7	1	28	2196	0	0	0
4.239	1	3	424	10	1	28	2196	0	0	0
4.242	1	3	425	3	1	28	2196	0	0	0
4.245	1	3	425	6	1	28	2196	0	0	0
4.248	1	3	425	9	1	28	2196	0	0	0
4.251	1	3	426	2	1	28	2196	0	0	0
4.254	1	3	426	5	1	28	2196	0	0	0
4.257	1	3	426	8	1	28	2196	0	0	0
4.26	1	3	427	1	1	28	2196	0	0	0
4.263	1	3	427	4	1	28	2196	0	0	0
4.266	1	3	427	7	1	28	2196	0	0	0
4.269	1	3	427	10	1	28	2196	0	0	0
4.272	1	3	428	3	1	28	2196	0	0	0
4.275	1	3	428	6	1	28	2196	0	0	0
4.278	1	3	428	9	1	28	2196	0	0	0
4.281	1	3	429	2	1	28	2196	0	0	0
4.284	1	3	429	5	1	28	2196	0	0	0
4.287	1	3	429	8	1	28	2196	0	0	0
4.29	1	3	430	1	1	28	2196	0	0	0
4.293	1	3	430	4	1	28	2196	0	0	0
4.296	1	3	430	7	1	28	2196	0	0	0
4.299	1	3	430	10	1	28	2196	0	0	0
4.302	1	3	431	3	1	28	2196	0	0	0
4.305	1	3	431	6	1	28	2196	0	0	0
4.308	1	3	431	9	1	28	2196	0	0	0
4.311	1	3	432	2	1	28	2196	0	0	0
4.314	1	3	432	5	1	28	2196	0	0	0
4.317	1	3	432	8	1	28	2196	0	0	0
4.32	1	3	433	1	1	28	2196	0	0	0
4.323	1	3	433	4	1	28	2196	0	0	0
4.326	1	3	433	7	1	28	2196	0	0	0
4.329	1	3	433	10	1	28	2196	0	0	0
4.332	1	3	434	3	1	28	2196	0	0	0
4.335	1	3	434	6	1	28	2196	0	0	0
4.338	1	3	434	9	1	28	2196	0	0	0
4.341	1	3	435	2	1	28	2196	0	0	0
4.344	1	3	435	5	1	28	2196	0	0	0
4.347	1	3	435	8	1	28	2196	0	0	0
4.35	1	3	436	1	1	28	2196	0	0	0
4.353	1	3	436	4	1	28	2196	0	0	0
4.356	1	3	436	7	1	28	2196	0	0	0
4.359	1	3	436	10	1	28	2196	0	0	0
4.362	1	3	437	3	1	28	2196	0	0	0
4.365	1	3	437	6	1	28	2196	0	0	0
4.368	1	3	437	9	1	28	2196	0	0	0
4.371	1	3	438	2	1	28	2196	0	0	0
4.374	1	3	438	5	1	28	2196	0	0	0
4.377	1	3	438	8	1	28	2196	0	0	0
4.38	1	3	439	1	1	28	2196	0	0	0
4.383	1	3	439	4	1	28	2196	0	0	0
4.386	1	3	439	7	1	28	2196	0	0	0
4.389	1	3	439	10	1	28	2196	0	0	0
4.392	1	3	440	3	1	28	2196	0	0	0
4.395	1	3	440	6	1	28	2196	0	0	0
4.398	1	3	440	9	1	28	2196	0	0	0
4.401	1	3	441	2	1	28	2196	0	0	0
4.404	1	3	441	5	1	28	2196	0	0	0
4.407	1	3	441	8	1	28	2196	0	0	0
4.41	1	3	442	1	1	28	2196	0	0	0
4.413	1	3	442	4	1	28	2196	0	0	0
4.416	1	3	442	7	1	28	2196	0	0	0
4.419	1	3	442	10	1	28	2196	0	0	0
4.422	1	3	443	3	1	28	2196	0	0	0
4.425	1	3	443	6	1	28	2196	0	0	0
4.428	1	3	443	9	1	28	2196	0	0	0
4.431	1	3	444	2	1	28	2196	0	0	0
4.434	1	3	444	5	1	28	2196	0	0	0
4.437	1	3	444	8	1	28	2196	0	0	0
4.44	1	3	445	1	1	28	2196	0	0	0
4.443	1	3	445	4	1	28	2196	0	0	0
4.446	1	3	445	7	1	28	2196	0	0	0
4.449	1	3	445	10	1	28	2196	0	0	0
4.452	1	3	446	3	1	28	2196	0	0	0
4.455	1	3	446	6	1	28	2196	0	0	0
4.458	1	3	446	9	1	28	2196	0	0	0
4.461	1	3	447	2	1	28	2196	0	0	0
4.464	1	3	447	5	1	28	2196	0	0	0
4.467	1	3	447	8	1	28	2196	0	0	0
4.47	1	3	448	1	1	28	2196	0	0	0
4.473	1	3	448	4	1	28	2196	0	0	0
4.476	1	3	448	7	1	28	2196	0	0	0
4.479	1	3	448	10	1	28	2196	0	0	0
4.482	1	3	449	3	1	28	2196	0	0	0
4.485	1	3	449	6	1	28	2196	0	0	0
4.488	1	3	449	9	1	28	2196	0	0	0
4.491	1	3	450	2	1	28	2196	0	0	0
4.494	1	3	450	5	1	28	2196	0	0	0
4.497	1	3	450	8	1	28	2196	0	0	0
4.5	1	3	451	1	1	28	2196	0	0	0
4.503	1	3	451	4	1	28	2196	0	0	0
4.506	1	3	451	7	1	28	2196	0	0	0
4.509	1	3	451	10	1	28	2196	0	0	0
4.512	1	3	452	3	1	28	2196	0	0	0
4.515	1	3	452	6	1	28	2196	0	0	0
4.518	1	3	452	9	1	28	2196	0	0	0
4.521	1	3	453	2	1	28	2196	0	0	0
4.524	1	3	453	5	1	28	2196	0	0	0
4.527	1	3	453	8	1	28	2196	0	0	0
4.53	1	3	454	1	1	28	2196	0	0	0
4.533	1	3	454	4	1	28	2196	0	0	0
4.536	1	3	454	7	1	28	2196	0	0	0
4.539	1	3	454	10	1	28	2196	0	0	0
4.542	1	3	455	3	1	28	2196	0	0	0
4.545	1	3	455	6	1	28	2196	0	0	0
4.548	1	3	455	9	1	28	2196	0	0	0
4.551	1	3	456	2	1	28	2196	0	0	0
4.554	1	3	456	5	1	28	2196	0	0	0
4.557	1	3	456	8	1	28	2196	0	0	0
4.56	1	3	457	1	1	28	2196	0	0	0
4.563	1	3	457	4	1	28	2196	0	0	0
4.566	1	3	457	7	1	28	2196	0	0	0
4.569	1	3	457	10	1	28	2196	0	0	0
4.572	1	3	458	3	1	28	2196	0	0	0
4.575	1	3	458	6	1	28	2196	0	0	0
4.578	1	3	458	9	1	28	2196	0	0	0
4.581	1	3	459	2	1	28	2196	0	0	0
4.584	1	3	459	5	1	28	2196	0	0	0
4.587	1	3	459	8	1	28	2196	0	0	0
4.59	1	3	460	1	1	28	2196	0	0	0
4.593	1	3	460	4	1	28	2196	0	0	0
4.596	1	3	460	7	1	28	2196	0	0	0
4.599	1	3	460	10	1	28	2196	0	0	0
4.602	1	3	461	3	1	28	2196	0	0	0
4.605	1	3	461	6	1	28	2196	0	0	0
4.608	1	3	461	9	1	28	2196	0	0	0
4.611	1	3	462	2	1	28	2196	0	0	0
4.614	1	3	462	5	1	28	2196	0	0	0
4.617	1	3	462	8	1	28	2196	0	0	0
4.62	1	3	463	1	1	28	2196	0	0	0
4.623	1	3	463	4	1	28	2196	0	0	0
4.626	1	3	463	7	1	28	2196	0	0	0
4.629	1	3	463	10	1	28	2196	0	0	0
4.632	1	3	464	3	1	28	2196	0	0	0
4.635	1	3	464	6	1	28	2196	0	0	0
4.638	1	3	464	9	1	28	2196	0	0	0
4.641	1	3	465	2	1	28	2196	0	0	0
4.644	1	3	465	5	1	28	2196	0	0	0
4.647	1	3	465	8	1	28	2196	0	0	0
4.65	1	3	466	1	1	28	2196	0	0	0
4.653	1	3	466	4	1	28	2196	0	0	0
4.656	1	3	466	7	1	28	2196	0	0	0
4.659	1	3	466	10	1	28	2196	0	0	0
4.662	1	3	467	3	1	28	2196	0	0	0
4.665	1	3	467	6	1	28	2196	0	0	0
4.668	1	3	467	9	1	28	2196	0	0	0
4.671	1	3	468	2	1	28	2196	0	0	0
4.674	1	3	468	5	1	28	2196	0	0	0
4.677	1	3	468	8	1	28	2196	0	0	0
4.68	1	3	469	1	1	28	2196	0	0	0
4.683	1	3	469	4	1	28	2196	0	0	0
4.686	1	3	469	7	1	28	2196	0	0	0
4.689	1	3	469	10	1	28	2196	0	0	0
4.692	1	3	470	3	1	28	2196	0	0	0
4.695	1	3	470	6	1	28	2196	0	0	0
4.698	1	3	470	9	1	28	2196	0	0	0
4.701	1	3	471	2	1	28	2196	0	0	0
4.704	1	3	471	5	1	28	2196	0	0	0
4.707	1	3	471	8	1	28	2196	0	0	0
4.71	1	3	472	1	1	28	2196	0	0	0
4.713	1	3	472	4	1	28	2196	0	0	0
4.716	1	3	472	7	1	28	2196	0	0	0
4.719	1	3	472	10	1	28	2196	0	0	0
4.722	1	3	473	3	1	28	2196	0	0	0
4.725	1	3	473	6	1	28	2196	0	0	0
4.728	1	3	473	9	1	28	2196	0	0	0
4.731	1	3	474	2	1	28	2196	0	0	0
4.734	1	3	474	5	1	28	2196	0	0	0
4.737	1	3	474	8	1	28	2196	0	0	0
4.74	1	3	475	1	1	28	2196	0	0	0
4.743	1	3	475	4	1	28	2196	0	0	0
4.746	1	3	475	7	1	28	2196	0	0	0
4.749	1	3	475	10	1	28	2196	0	0	0
4.752	1	3	476	3	1	28	2196	0	0	0
4.755	1	3	476	6	1	28	2196	0	0	0
4.758	1	3	476	9	1	28	2196	0	0	0
4.761	1	3	477	2	1	28	2196	0	0	0
4.764	1	3	477	5	1	28	2196	0	0	0
4.767	1	3	477	8	1	28	2196	0	0	0
4.77	1	3	478	1	1	28	2196	0	0	0
4.773	1	3	478	4	1	28	2196	0	0	0
4.776	1	3	478	7	1	28	2196	0	0	0
4.779	1	3	478	10	1	28	2196	0	0	0
4.782	1	3	479	3	1	28	2196	0	0	0
4.785	1	3	479	6	1	28	2196	0	0	0
4.788	1	3	479	9	1	28	2196	0	0	0
4.791	1	3	480	2	1	28	2196	0	0	0
4.794	1	3	480	5	1	28	2196	0	0	0
4.797	1	3	480	8	1	28	2196	0	0	0
4.8	1	3	481	1	1	28	2196	0	0	0
4.803	1	3	481	4	1	28	2196	0	0	0
4.806	1	3	481	7	1	28	2196	0	0	0
4.809	1	3	481	10	1	28	2196	0	0	0
4.812	1	3	482	3	1	28	2196	0	0	0
4.815	1	3	482	6	1	28	2196	0	0	0
4.818	1	3	482	9	1	28	2196	0	0	0
4.821	1	3	483	2	1	28	2196	0	0	0
4.824	1	3	483	5	1	28	2196	0	0	0
4.827	1	3	483	8	1	28	2196	0	0	0
4.83	1	3	484	1	1	28	2196	0	0	0
4.833	1	3	484	4	1	28	2196	0	0	0
4.836	1	3	484	7	1	28	2196	0	0	0
4.839	1	3	484	10	1	28	2196	0	0	0
4.842	1	3	485	3	1	28	2196	0	0	0
4.845	1	3	485	6	1	28	2196	0	0	0
4.848	1	3	485	9	1	28	2196	0	0	0
4.851	1	3	486	2	1	28	2196	0	0	0
4.854	1	3	486	5	1	28	2196	0	0	0
4.857	1	3	486	8	1	28	2196	0	0	0
4.86	1	3	487	1	1	28	2196	0	0	0
4.863	1	3	487	4	1	28	2196	0	0	0
4.866	1	3	487	7	1	28	2196	0	0	0
4.869	1	3	487	10	1	28	2196	0	0	0
4.872	1	3	488	3	1	28	2196	0	0	0
4.875	1	3	488	6	1	28	2196	0	0	0
4.878	1	3	488	9	1	28	2196	0	0	0
4.881	1	3	489	2	1	28	2196	0	0	0
4.884	1	3	489	5	1	28	2196	0	0	0
4.887	1	3	489	8	1	28	2196	0	0	0
4.89	1	3	490	1	1	28	2196	0	0	0
4.893	1	3	490	4	1	28	2196	0	0	0
4.896	1	3	490	7	1	28	2196	0	0	0
4.899	1	3	490	10	1	28	2196	0	0	0
4.902	1	3	491	3	1	28	2196	0	0	0
4.905	1	3	491	6	1	28	2196	0	0	0
4.908	1	3	491	9	1	28	2196	0	0	0
4.911	1	3	492	2	1	28	2196	0	0	0
4.914	1	3	492	5	1	28	2196	0	0	0
4.917	1	3	492	8	1	28	2196	0	0	0
4.92	1	3	493	1	1	28	2196	0	0	0
4.923	1	3	493	4	1	28	2196	0	0	0
4.926	1	3	493	7	1	28	2196	0	0	0
4.929	1	3	493	10	1	28	2196	0	0	0
4.932	1	3	494	3	1	28	2196	0	0	0
4.935	1	3	494	6	1	28	2196	0	0	0
4.938	1	3	494	9	1	28	2196	0	0	0
4.941	1	3	495	2	1	28	2196	0	0	0
4.944	1	3	495	5	1	28	2196	0	0	0
4.947	1	3	495	8	1	28	2196	0	0	0
4.95	1	3	496	1	1	28	2196	0	0	0
4.953	1	3	496	4	1	28	2196	0	0	0
4.956	1	3	496	7	1	28	2196	0	0	0
4.959	1	3	496	10	1	28	2196	0	0	0
4.962	1	3	497	3	1	28	2196	0	0	0
4.965	1	3	497	6	1	28	2196	0	0	0
4.968	1	3	497	9	1	28	2196	0	0	0
4.971	1	3	498	2	1	28	2196	0	0	0
4.974	1	3	498	5	1	28	2196	0	0	0
4.977	1	3	498	8	1	28	2196	0	0	0
4.98	1	3	499	1	1	28	2196	0	0	0
4.983	1	3	499	4	1	28	2196	0	0	0
4.986	1	3	499	7	1	28	2196	0	0	0
4.989	1	3	499	10	1	28	2196	0	0	0
4.992	1	3	500	3	1	28	2196	0	0	0
4.995	1	3	500	6	1	28	2196	0	0	0
4.998	1	3	500	9	1	28	2196	0	0	0
