% time	cellId	IMSI	frame	sframe	RNTI	mcsTb1	sizeTb1	mcsTb2	sizeTb2	ccId
0.023	1	1	3	4	3	0	81	0	0	0
0.026	1	1	3	7	3	28	2196	0	0	0
0.029	1	1	3	10	3	28	2196	0	0	0
0.032	1	1	4	3	3	28	2196	0	0	0
0.035	1	1	4	6	3	28	2196	0	0	0
0.038	1	1	4	9	3	28	2196	0	0	0
0.041	1	1	5	2	3	28	2196	0	0	0
0.044	1	1	5	5	3	28	2196	0	0	0
0.047	1	1	5	8	3	28	2196	0	0	0
0.05	1	1	6	1	3	28	2196	0	0	0
0.053	1	1	6	4	3	28	2196	0	0	0
0.056	1	1	6	7	3	28	2196	0	0	0
0.059	1	1	6	10	3	28	2196	0	0	0
0.062	1	1	7	3	3	28	2196	0	0	0
0.065	1	1	7	6	3	28	2196	0	0	0
0.068	1	1	7	9	3	28	2196	0	0	0
0.071	1	1	8	2	3	28	2196	0	0	0
0.074	1	1	8	5	3	28	2196	0	0	0
0.077	1	1	8	8	3	28	2196	0	0	0
0.08	1	1	9	1	3	28	2196	0	0	0
0.083	1	1	9	4	3	28	2196	0	0	0
0.086	1	1	9	7	3	28	2196	0	0	0
0.089	1	1	9	10	3	28	2196	0	0	0
0.092	1	1	10	3	3	28	2196	0	0	0
0.095	1	1	10	6	3	28	2196	0	0	0
0.098	1	1	10	9	3	28	2196	0	0	0
0.101	1	1	11	2	3	28	2196	0	0	0
0.104	1	1	11	5	3	28	2196	0	0	0
0.107	1	1	11	8	3	28	2196	0	0	0
0.11	1	1	12	1	3	28	2196	0	0	0
0.113	1	1	12	4	3	28	2196	0	0	0
0.116	1	1	12	7	3	28	2196	0	0	0
0.119	1	1	12	10	3	28	2196	0	0	0
0.122	1	1	13	3	3	28	2196	0	0	0
0.125	1	1	13	6	3	28	2196	0	0	0
0.128	1	1	13	9	3	28	2196	0	0	0
0.131	1	1	14	2	3	28	2196	0	0	0
0.134	1	1	14	5	3	28	2196	0	0	0
0.137	1	1	14	8	3	28	2196	0	0	0
0.14	1	1	15	1	3	28	2196	0	0	0
0.143	1	1	15	4	3	28	2196	0	0	0
0.146	1	1	15	7	3	28	2196	0	0	0
0.149	1	1	15	10	3	28	2196	0	0	0
0.152	1	1	16	3	3	28	2196	0	0	0
0.155	1	1	16	6	3	28	2196	0	0	0
0.158	1	1	16	9	3	28	2196	0	0	0
0.161	1	1	17	2	3	28	2196	0	0	0
0.164	1	1	17	5	3	28	2196	0	0	0
0.167	1	1	17	8	3	28	2196	0	0	0
0.17	1	1	18	1	3	28	2196	0	0	0
0.173	1	1	18	4	3	28	2196	0	0	0
0.176	1	1	18	7	3	28	2196	0	0	0
0.179	1	1	18	10	3	28	2196	0	0	0
0.182	1	1	19	3	3	28	2196	0	0	0
0.185	1	1	19	6	3	28	2196	0	0	0
0.188	1	1	19	9	3	28	2196	0	0	0
0.191	1	1	20	2	3	28	2196	0	0	0
0.194	1	1	20	5	3	28	2196	0	0	0
0.197	1	1	20	8	3	28	2196	0	0	0
0.2	1	1	21	1	3	28	2196	0	0	0
0.203	1	1	21	4	3	28	2196	0	0	0
0.206	1	1	21	7	3	28	2196	0	0	0
0.209	1	1	21	10	3	28	2196	0	0	0
0.212	1	1	22	3	3	28	2196	0	0	0
0.215	1	1	22	6	3	28	2196	0	0	0
0.218	1	1	22	9	3	28	2196	0	0	0
0.221	1	1	23	2	3	28	2196	0	0	0
0.224	1	1	23	5	3	28	2196	0	0	0
0.227	1	1	23	8	3	28	2196	0	0	0
0.23	1	1	24	1	3	28	2196	0	0	0
0.233	1	1	24	4	3	28	2196	0	0	0
0.236	1	1	24	7	3	28	2196	0	0	0
0.239	1	1	24	10	3	28	2196	0	0	0
0.242	1	1	25	3	3	28	2196	0	0	0
0.245	1	1	25	6	3	28	2196	0	0	0
0.248	1	1	25	9	3	28	2196	0	0	0
0.251	1	1	26	2	3	28	2196	0	0	0
0.254	1	1	26	5	3	28	2196	0	0	0
0.257	1	1	26	8	3	28	2196	0	0	0
0.26	1	1	27	1	3	28	2196	0	0	0
0.263	1	1	27	4	3	28	2196	0	0	0
0.266	1	1	27	7	3	28	2196	0	0	0
0.269	1	1	27	10	3	28	2196	0	0	0
0.272	1	1	28	3	3	28	2196	0	0	0
0.275	1	1	28	6	3	28	2196	0	0	0
0.278	1	1	28	9	3	28	2196	0	0	0
0.281	1	1	29	2	3	28	2196	0	0	0
0.284	1	1	29	5	3	28	2196	0	0	0
0.287	1	1	29	8	3	28	2196	0	0	0
0.29	1	1	30	1	3	28	2196	0	0	0
0.293	1	1	30	4	3	28	2196	0	0	0
0.296	1	1	30	7	3	28	2196	0	0	0
0.299	1	1	30	10	3	28	2196	0	0	0
0.302	1	1	31	3	3	28	2196	0	0	0
0.305	1	1	31	6	3	28	2196	0	0	0
0.308	1	1	31	9	3	28	2196	0	0	0
0.311	1	1	32	2	3	28	2196	0	0	0
0.314	1	1	32	5	3	28	2196	0	0	0
0.317	1	1	32	8	3	28	2196	0	0	0
0.32	1	1	33	1	3	28	2196	0	0	0
0.323	1	1	33	4	3	28	2196	0	0	0
0.326	1	1	33	7	3	28	2196	0	0	0
0.329	1	1	33	10	3	28	2196	0	0	0
0.332	1	1	34	3	3	28	2196	0	0	0
0.335	1	1	34	6	3	28	2196	0	0	0
0.338	1	1	34	9	3	28	2196	0	0	0
0.341	1	1	35	2	3	28	2196	0	0	0
0.344	1	1	35	5	3	28	2196	0	0	0
0.347	1	1	35	8	3	28	2196	0	0	0
0.35	1	1	36	1	3	28	2196	0	0	0
0.353	1	1	36	4	3	28	2196	0	0	0
0.356	1	1	36	7	3	28	2196	0	0	0
0.359	1	1	36	10	3	28	2196	0	0	0
0.362	1	1	37	3	3	28	2196	0	0	0
0.365	1	1	37	6	3	28	2196	0	0	0
0.368	1	1	37	9	3	28	2196	0	0	0
0.371	1	1	38	2	3	28	2196	0	0	0
0.374	1	1	38	5	3	28	2196	0	0	0
0.377	1	1	38	8	3	28	2196	0	0	0
0.38	1	1	39	1	3	28	2196	0	0	0
0.383	1	1	39	4	3	28	2196	0	0	0
0.386	1	1	39	7	3	28	2196	0	0	0
0.389	1	1	39	10	3	28	2196	0	0	0
0.392	1	1	40	3	3	28	2196	0	0	0
0.395	1	1	40	6	3	28	2196	0	0	0
0.398	1	1	40	9	3	28	2196	0	0	0
0.401	1	1	41	2	3	28	2196	0	0	0
0.404	1	1	41	5	3	28	2196	0	0	0
0.407	1	1	41	8	3	28	2196	0	0	0
0.41	1	1	42	1	3	28	2196	0	0	0
0.413	1	1	42	4	3	28	2196	0	0	0
0.416	1	1	42	7	3	28	2196	0	0	0
0.419	1	1	42	10	3	28	2196	0	0	0
0.422	1	1	43	3	3	28	2196	0	0	0
0.425	1	1	43	6	3	28	2196	0	0	0
0.428	1	1	43	9	3	28	2196	0	0	0
0.431	1	1	44	2	3	28	2196	0	0	0
0.434	1	1	44	5	3	28	2196	0	0	0
0.437	1	1	44	8	3	28	2196	0	0	0
0.44	1	1	45	1	3	28	2196	0	0	0
0.443	1	1	45	4	3	28	2196	0	0	0
0.446	1	1	45	7	3	28	2196	0	0	0
0.449	1	1	45	10	3	28	2196	0	0	0
0.452	1	1	46	3	3	28	2196	0	0	0
0.455	1	1	46	6	3	28	2196	0	0	0
0.458	1	1	46	9	3	28	2196	0	0	0
0.461	1	1	47	2	3	28	2196	0	0	0
0.464	1	1	47	5	3	28	2196	0	0	0
0.467	1	1	47	8	3	28	2196	0	0	0
0.47	1	1	48	1	3	28	2196	0	0	0
0.473	1	1	48	4	3	28	2196	0	0	0
0.476	1	1	48	7	3	28	2196	0	0	0
0.479	1	1	48	10	3	28	2196	0	0	0
0.482	1	1	49	3	3	28	2196	0	0	0
0.485	1	1	49	6	3	28	2196	0	0	0
0.488	1	1	49	9	3	28	2196	0	0	0
0.491	1	1	50	2	3	28	2196	0	0	0
0.494	1	1	50	5	3	28	2196	0	0	0
0.497	1	1	50	8	3	28	2196	0	0	0
0.5	1	1	51	1	3	28	2196	0	0	0
0.503	1	1	51	4	3	28	2196	0	0	0
0.506	1	1	51	7	3	28	2196	0	0	0
0.509	1	1	51	10	3	28	2196	0	0	0
0.512	1	1	52	3	3	28	2196	0	0	0
0.515	1	1	52	6	3	28	2196	0	0	0
0.518	1	1	52	9	3	28	2196	0	0	0
0.521	1	1	53	2	3	28	2196	0	0	0
0.524	1	1	53	5	3	28	2196	0	0	0
0.527	1	1	53	8	3	28	2196	0	0	0
0.53	1	1	54	1	3	28	2196	0	0	0
0.533	1	1	54	4	3	28	2196	0	0	0
0.536	1	1	54	7	3	28	2196	0	0	0
0.539	1	1	54	10	3	28	2196	0	0	0
0.542	1	1	55	3	3	28	2196	0	0	0
0.545	1	1	55	6	3	28	2196	0	0	0
0.548	1	1	55	9	3	28	2196	0	0	0
0.551	1	1	56	2	3	28	2196	0	0	0
0.554	1	1	56	5	3	28	2196	0	0	0
0.557	1	1	56	8	3	28	2196	0	0	0
0.56	1	1	57	1	3	28	2196	0	0	0
0.563	1	1	57	4	3	28	2196	0	0	0
0.566	1	1	57	7	3	28	2196	0	0	0
0.569	1	1	57	10	3	28	2196	0	0	0
0.572	1	1	58	3	3	28	2196	0	0	0
0.575	1	1	58	6	3	28	2196	0	0	0
0.578	1	1	58	9	3	28	2196	0	0	0
0.581	1	1	59	2	3	28	2196	0	0	0
0.584	1	1	59	5	3	28	2196	0	0	0
0.587	1	1	59	8	3	28	2196	0	0	0
0.59	1	1	60	1	3	28	2196	0	0	0
0.593	1	1	60	4	3	28	2196	0	0	0
0.596	1	1	60	7	3	28	2196	0	0	0
0.599	1	1	60	10	3	28	2196	0	0	0
0.602	1	1	61	3	3	28	2196	0	0	0
0.605	1	1	61	6	3	28	2196	0	0	0
0.608	1	1	61	9	3	28	2196	0	0	0
0.611	1	1	62	2	3	28	2196	0	0	0
0.614	1	1	62	5	3	28	2196	0	0	0
0.617	1	1	62	8	3	28	2196	0	0	0
0.62	1	1	63	1	3	28	2196	0	0	0
0.623	1	1	63	4	3	28	2196	0	0	0
0.626	1	1	63	7	3	28	2196	0	0	0
0.629	1	1	63	10	3	28	2196	0	0	0
0.632	1	1	64	3	3	28	2196	0	0	0
0.635	1	1	64	6	3	28	2196	0	0	0
0.638	1	1	64	9	3	28	2196	0	0	0
0.641	1	1	65	2	3	28	2196	0	0	0
0.644	1	1	65	5	3	28	2196	0	0	0
0.647	1	1	65	8	3	28	2196	0	0	0
0.65	1	1	66	1	3	28	2196	0	0	0
0.653	1	1	66	4	3	28	2196	0	0	0
0.656	1	1	66	7	3	28	2196	0	0	0
0.659	1	1	66	10	3	28	2196	0	0	0
0.662	1	1	67	3	3	28	2196	0	0	0
0.665	1	1	67	6	3	28	2196	0	0	0
0.668	1	1	67	9	3	28	2196	0	0	0
0.671	1	1	68	2	3	28	2196	0	0	0
0.674	1	1	68	5	3	28	2196	0	0	0
0.677	1	1	68	8	3	28	2196	0	0	0
0.68	1	1	69	1	3	28	2196	0	0	0
0.683	1	1	69	4	3	28	2196	0	0	0
0.686	1	1	69	7	3	28	2196	0	0	0
0.689	1	1	69	10	3	28	2196	0	0	0
0.692	1	1	70	3	3	28	2196	0	0	0
0.695	1	1	70	6	3	28	2196	0	0	0
0.698	1	1	70	9	3	28	2196	0	0	0
0.701	1	1	71	2	3	28	2196	0	0	0
0.704	1	1	71	5	3	28	2196	0	0	0
0.707	1	1	71	8	3	28	2196	0	0	0
0.71	1	1	72	1	3	28	2196	0	0	0
0.713	1	1	72	4	3	28	2196	0	0	0
0.716	1	1	72	7	3	28	2196	0	0	0
0.719	1	1	72	10	3	28	2196	0	0	0
0.722	1	1	73	3	3	28	2196	0	0	0
0.725	1	1	73	6	3	28	2196	0	0	0
0.728	1	1	73	9	3	28	2196	0	0	0
0.731	1	1	74	2	3	28	2196	0	0	0
0.734	1	1	74	5	3	28	2196	0	0	0
0.737	1	1	74	8	3	28	2196	0	0	0
0.74	1	1	75	1	3	28	2196	0	0	0
0.743	1	1	75	4	3	28	2196	0	0	0
0.746	1	1	75	7	3	28	2196	0	0	0
0.749	1	1	75	10	3	28	2196	0	0	0
0.752	1	1	76	3	3	28	2196	0	0	0
0.755	1	1	76	6	3	28	2196	0	0	0
0.758	1	1	76	9	3	28	2196	0	0	0
0.761	1	1	77	2	3	28	2196	0	0	0
0.764	1	1	77	5	3	28	2196	0	0	0
0.767	1	1	77	8	3	28	2196	0	0	0
0.77	1	1	78	1	3	28	2196	0	0	0
0.773	1	1	78	4	3	28	2196	0	0	0
0.776	1	1	78	7	3	28	2196	0	0	0
0.779	1	1	78	10	3	28	2196	0	0	0
0.782	1	1	79	3	3	28	2196	0	0	0
0.785	1	1	79	6	3	28	2196	0	0	0
0.788	1	1	79	9	3	28	2196	0	0	0
0.791	1	1	80	2	3	28	2196	0	0	0
0.794	1	1	80	5	3	28	2196	0	0	0
0.797	1	1	80	8	3	28	2196	0	0	0
0.8	1	1	81	1	3	28	2196	0	0	0
0.803	1	1	81	4	3	28	2196	0	0	0
0.806	1	1	81	7	3	28	2196	0	0	0
0.809	1	1	81	10	3	28	2196	0	0	0
0.812	1	1	82	3	3	28	2196	0	0	0
0.815	1	1	82	6	3	28	2196	0	0	0
0.818	1	1	82	9	3	28	2196	0	0	0
0.821	1	1	83	2	3	28	2196	0	0	0
0.824	1	1	83	5	3	28	2196	0	0	0
0.827	1	1	83	8	3	28	2196	0	0	0
0.83	1	1	84	1	3	28	2196	0	0	0
0.833	1	1	84	4	3	28	2196	0	0	0
0.836	1	1	84	7	3	28	2196	0	0	0
0.839	1	1	84	10	3	28	2196	0	0	0
0.842	1	1	85	3	3	28	2196	0	0	0
0.845	1	1	85	6	3	28	2196	0	0	0
0.848	1	1	85	9	3	28	2196	0	0	0
0.851	1	1	86	2	3	28	2196	0	0	0
0.854	1	1	86	5	3	28	2196	0	0	0
0.857	1	1	86	8	3	28	2196	0	0	0
0.86	1	1	87	1	3	28	2196	0	0	0
0.863	1	1	87	4	3	28	2196	0	0	0
0.866	1	1	87	7	3	28	2196	0	0	0
0.869	1	1	87	10	3	28	2196	0	0	0
0.872	1	1	88	3	3	28	2196	0	0	0
0.875	1	1	88	6	3	28	2196	0	0	0
0.878	1	1	88	9	3	28	2196	0	0	0
0.881	1	1	89	2	3	28	2196	0	0	0
0.884	1	1	89	5	3	28	2196	0	0	0
0.887	1	1	89	8	3	28	2196	0	0	0
0.89	1	1	90	1	3	28	2196	0	0	0
0.893	1	1	90	4	3	28	2196	0	0	0
0.896	1	1	90	7	3	28	2196	0	0	0
0.899	1	1	90	10	3	28	2196	0	0	0
0.902	1	1	91	3	3	28	2196	0	0	0
0.905	1	1	91	6	3	28	2196	0	0	0
0.908	1	1	91	9	3	28	2196	0	0	0
0.911	1	1	92	2	3	28	2196	0	0	0
0.914	1	1	92	5	3	28	2196	0	0	0
0.917	1	1	92	8	3	28	2196	0	0	0
0.92	1	1	93	1	3	28	2196	0	0	0
0.923	1	1	93	4	3	28	2196	0	0	0
0.926	1	1	93	7	3	28	2196	0	0	0
0.929	1	1	93	10	3	28	2196	0	0	0
0.932	1	1	94	3	3	28	2196	0	0	0
0.935	1	1	94	6	3	28	2196	0	0	0
0.938	1	1	94	9	3	28	2196	0	0	0
0.941	1	1	95	2	3	28	2196	0	0	0
0.944	1	1	95	5	3	28	2196	0	0	0
0.947	1	1	95	8	3	28	2196	0	0	0
0.95	1	1	96	1	3	28	2196	0	0	0
0.953	1	1	96	4	3	28	2196	0	0	0
0.956	1	1	96	7	3	28	2196	0	0	0
0.959	1	1	96	10	3	28	2196	0	0	0
0.962	1	1	97	3	3	28	2196	0	0	0
0.965	1	1	97	6	3	28	2196	0	0	0
0.968	1	1	97	9	3	28	2196	0	0	0
0.971	1	1	98	2	3	28	2196	0	0	0
0.974	1	1	98	5	3	28	2196	0	0	0
0.977	1	1	98	8	3	28	2196	0	0	0
0.98	1	1	99	1	3	28	2196	0	0	0
0.983	1	1	99	4	3	28	2196	0	0	0
0.986	1	1	99	7	3	28	2196	0	0	0
0.989	1	1	99	10	3	28	2196	0	0	0
0.992	1	1	100	3	3	28	2196	0	0	0
0.995	1	1	100	6	3	28	2196	0	0	0
0.998	1	1	100	9	3	28	2196	0	0	0
1.001	1	1	101	2	3	28	2196	0	0	0
1.004	1	1	101	5	3	28	2196	0	0	0
1.007	1	1	101	8	3	28	2196	0	0	0
1.01	1	1	102	1	3	28	2196	0	0	0
1.013	1	1	102	4	3	28	2196	0	0	0
1.016	1	1	102	7	3	28	2196	0	0	0
1.019	1	1	102	10	3	28	2196	0	0	0
1.022	1	1	103	3	3	28	2196	0	0	0
1.025	1	1	103	6	3	28	2196	0	0	0
1.028	1	1	103	9	3	28	2196	0	0	0
1.031	1	1	104	2	3	28	2196	0	0	0
1.034	1	1	104	5	3	28	2196	0	0	0
1.037	1	1	104	8	3	28	2196	0	0	0
1.04	1	1	105	1	3	28	2196	0	0	0
1.043	1	1	105	4	3	28	2196	0	0	0
1.046	1	1	105	7	3	28	2196	0	0	0
1.049	1	1	105	10	3	28	2196	0	0	0
1.052	1	1	106	3	3	28	2196	0	0	0
1.055	1	1	106	6	3	28	2196	0	0	0
1.058	1	1	106	9	3	28	2196	0	0	0
1.061	1	1	107	2	3	28	2196	0	0	0
1.064	1	1	107	5	3	28	2196	0	0	0
1.067	1	1	107	8	3	28	2196	0	0	0
1.07	1	1	108	1	3	28	2196	0	0	0
1.073	1	1	108	4	3	28	2196	0	0	0
1.076	1	1	108	7	3	28	2196	0	0	0
1.079	1	1	108	10	3	28	2196	0	0	0
1.082	1	1	109	3	3	28	2196	0	0	0
1.085	1	1	109	6	3	28	2196	0	0	0
1.088	1	1	109	9	3	28	2196	0	0	0
1.091	1	1	110	2	3	28	2196	0	0	0
1.094	1	1	110	5	3	28	2196	0	0	0
1.097	1	1	110	8	3	28	2196	0	0	0
1.1	1	1	111	1	3	28	2196	0	0	0
1.103	1	1	111	4	3	28	2196	0	0	0
1.106	1	1	111	7	3	28	2196	0	0	0
1.109	1	1	111	10	3	28	2196	0	0	0
1.112	1	1	112	3	3	28	2196	0	0	0
1.115	1	1	112	6	3	28	2196	0	0	0
1.118	1	1	112	9	3	28	2196	0	0	0
1.121	1	1	113	2	3	28	2196	0	0	0
1.124	1	1	113	5	3	28	2196	0	0	0
1.127	1	1	113	8	3	28	2196	0	0	0
1.13	1	1	114	1	3	28	2196	0	0	0
1.133	1	1	114	4	3	28	2196	0	0	0
1.136	1	1	114	7	3	28	2196	0	0	0
1.139	1	1	114	10	3	28	2196	0	0	0
1.142	1	1	115	3	3	28	2196	0	0	0
1.145	1	1	115	6	3	28	2196	0	0	0
1.148	1	1	115	9	3	28	2196	0	0	0
1.151	1	1	116	2	3	28	2196	0	0	0
1.154	1	1	116	5	3	28	2196	0	0	0
1.157	1	1	116	8	3	28	2196	0	0	0
1.16	1	1	117	1	3	28	2196	0	0	0
1.163	1	1	117	4	3	28	2196	0	0	0
1.166	1	1	117	7	3	28	2196	0	0	0
1.169	1	1	117	10	3	28	2196	0	0	0
1.172	1	1	118	3	3	28	2196	0	0	0
1.175	1	1	118	6	3	28	2196	0	0	0
1.178	1	1	118	9	3	28	2196	0	0	0
1.181	1	1	119	2	3	28	2196	0	0	0
1.184	1	1	119	5	3	28	2196	0	0	0
1.187	1	1	119	8	3	28	2196	0	0	0
1.19	1	1	120	1	3	28	2196	0	0	0
1.193	1	1	120	4	3	28	2196	0	0	0
1.196	1	1	120	7	3	28	2196	0	0	0
1.199	1	1	120	10	3	28	2196	0	0	0
1.202	1	1	121	3	3	28	2196	0	0	0
1.205	1	1	121	6	3	28	2196	0	0	0
1.208	1	1	121	9	3	28	2196	0	0	0
1.211	1	1	122	2	3	28	2196	0	0	0
1.214	1	1	122	5	3	28	2196	0	0	0
1.217	1	1	122	8	3	28	2196	0	0	0
1.22	1	1	123	1	3	28	2196	0	0	0
1.223	1	1	123	4	3	28	2196	0	0	0
1.226	1	1	123	7	3	28	2196	0	0	0
1.229	1	1	123	10	3	28	2196	0	0	0
1.232	1	1	124	3	3	28	2196	0	0	0
1.235	1	1	124	6	3	28	2196	0	0	0
1.238	1	1	124	9	3	28	2196	0	0	0
1.241	1	1	125	2	3	28	2196	0	0	0
1.244	1	1	125	5	3	28	2196	0	0	0
1.247	1	1	125	8	3	28	2196	0	0	0
1.25	1	1	126	1	3	28	2196	0	0	0
1.253	1	1	126	4	3	28	2196	0	0	0
1.256	1	1	126	7	3	28	2196	0	0	0
1.259	1	1	126	10	3	28	2196	0	0	0
1.262	1	1	127	3	3	28	2196	0	0	0
1.265	1	1	127	6	3	28	2196	0	0	0
1.268	1	1	127	9	3	28	2196	0	0	0
1.271	1	1	128	2	3	28	2196	0	0	0
1.274	1	1	128	5	3	28	2196	0	0	0
1.277	1	1	128	8	3	28	2196	0	0	0
1.28	1	1	129	1	3	28	2196	0	0	0
1.283	1	1	129	4	3	28	2196	0	0	0
1.286	1	1	129	7	3	28	2196	0	0	0
1.289	1	1	129	10	3	28	2196	0	0	0
1.292	1	1	130	3	3	28	2196	0	0	0
1.295	1	1	130	6	3	28	2196	0	0	0
1.298	1	1	130	9	3	28	2196	0	0	0
1.301	1	1	131	2	3	28	2196	0	0	0
1.304	1	1	131	5	3	28	2196	0	0	0
1.307	1	1	131	8	3	28	2196	0	0	0
1.31	1	1	132	1	3	28	2196	0	0	0
1.313	1	1	132	4	3	28	2196	0	0	0
1.316	1	1	132	7	3	28	2196	0	0	0
1.319	1	1	132	10	3	28	2196	0	0	0
1.322	1	1	133	3	3	28	2196	0	0	0
1.325	1	1	133	6	3	28	2196	0	0	0
1.328	1	1	133	9	3	28	2196	0	0	0
1.331	1	1	134	2	3	28	2196	0	0	0
1.334	1	1	134	5	3	28	2196	0	0	0
1.337	1	1	134	8	3	28	2196	0	0	0
1.34	1	1	135	1	3	28	2196	0	0	0
1.343	1	1	135	4	3	28	2196	0	0	0
1.346	1	1	135	7	3	28	2196	0	0	0
1.349	1	1	135	10	3	28	2196	0	0	0
1.352	1	1	136	3	3	28	2196	0	0	0
1.355	1	1	136	6	3	28	2196	0	0	0
1.358	1	1	136	9	3	28	2196	0	0	0
1.361	1	1	137	2	3	28	2196	0	0	0
1.364	1	1	137	5	3	28	2196	0	0	0
1.367	1	1	137	8	3	28	2196	0	0	0
1.37	1	1	138	1	3	28	2196	0	0	0
1.373	1	1	138	4	3	28	2196	0	0	0
1.376	1	1	138	7	3	28	2196	0	0	0
1.379	1	1	138	10	3	28	2196	0	0	0
1.382	1	1	139	3	3	28	2196	0	0	0
1.385	1	1	139	6	3	28	2196	0	0	0
1.388	1	1	139	9	3	28	2196	0	0	0
1.391	1	1	140	2	3	28	2196	0	0	0
1.394	1	1	140	5	3	28	2196	0	0	0
1.397	1	1	140	8	3	28	2196	0	0	0
1.4	1	1	141	1	3	28	2196	0	0	0
1.403	1	1	141	4	3	28	2196	0	0	0
1.406	1	1	141	7	3	28	2196	0	0	0
1.409	1	1	141	10	3	28	2196	0	0	0
1.412	1	1	142	3	3	28	2196	0	0	0
1.415	1	1	142	6	3	28	2196	0	0	0
1.418	1	1	142	9	3	28	2196	0	0	0
1.421	1	1	143	2	3	28	2196	0	0	0
1.424	1	1	143	5	3	28	2196	0	0	0
1.427	1	1	143	8	3	28	2196	0	0	0
1.43	1	1	144	1	3	28	2196	0	0	0
1.433	1	1	144	4	3	28	2196	0	0	0
1.436	1	1	144	7	3	28	2196	0	0	0
1.439	1	1	144	10	3	28	2196	0	0	0
1.442	1	1	145	3	3	28	2196	0	0	0
1.445	1	1	145	6	3	28	2196	0	0	0
1.448	1	1	145	9	3	28	2196	0	0	0
1.451	1	1	146	2	3	28	2196	0	0	0
1.454	1	1	146	5	3	28	2196	0	0	0
1.457	1	1	146	8	3	28	2196	0	0	0
1.46	1	1	147	1	3	28	2196	0	0	0
1.463	1	1	147	4	3	28	2196	0	0	0
1.466	1	1	147	7	3	28	2196	0	0	0
1.469	1	1	147	10	3	28	2196	0	0	0
1.472	1	1	148	3	3	28	2196	0	0	0
1.475	1	1	148	6	3	28	2196	0	0	0
1.478	1	1	148	9	3	28	2196	0	0	0
1.481	1	1	149	2	3	28	2196	0	0	0
1.484	1	1	149	5	3	28	2196	0	0	0
1.487	1	1	149	8	3	28	2196	0	0	0
1.49	1	1	150	1	3	28	2196	0	0	0
1.493	1	1	150	4	3	28	2196	0	0	0
1.496	1	1	150	7	3	28	2196	0	0	0
1.499	1	1	150	10	3	28	2196	0	0	0
1.502	1	1	151	3	3	28	2196	0	0	0
1.505	1	1	151	6	3	28	2196	0	0	0
1.508	1	1	151	9	3	28	2196	0	0	0
1.511	1	1	152	2	3	28	2196	0	0	0
1.514	1	1	152	5	3	28	2196	0	0	0
1.517	1	1	152	8	3	28	2196	0	0	0
1.52	1	1	153	1	3	28	2196	0	0	0
1.523	1	1	153	4	3	28	2196	0	0	0
1.526	1	1	153	7	3	28	2196	0	0	0
1.529	1	1	153	10	3	28	2196	0	0	0
1.532	1	1	154	3	3	28	2196	0	0	0
1.535	1	1	154	6	3	28	2196	0	0	0
1.538	1	1	154	9	3	28	2196	0	0	0
1.541	1	1	155	2	3	28	2196	0	0	0
1.544	1	1	155	5	3	28	2196	0	0	0
1.547	1	1	155	8	3	28	2196	0	0	0
1.55	1	1	156	1	3	28	2196	0	0	0
1.553	1	1	156	4	3	28	2196	0	0	0
1.556	1	1	156	7	3	28	2196	0	0	0
1.559	1	1	156	10	3	28	2196	0	0	0
1.562	1	1	157	3	3	28	2196	0	0	0
1.565	1	1	157	6	3	28	2196	0	0	0
1.568	1	1	157	9	3	28	2196	0	0	0
1.571	1	1	158	2	3	28	2196	0	0	0
1.574	1	1	158	5	3	28	2196	0	0	0
1.577	1	1	158	8	3	28	2196	0	0	0
1.58	1	1	159	1	3	28	2196	0	0	0
1.583	1	1	159	4	3	28	2196	0	0	0
1.586	1	1	159	7	3	28	2196	0	0	0
1.589	1	1	159	10	3	28	2196	0	0	0
1.592	1	1	160	3	3	28	2196	0	0	0
1.595	1	1	160	6	3	28	2196	0	0	0
1.598	1	1	160	9	3	28	2196	0	0	0
1.601	1	1	161	2	3	28	2196	0	0	0
1.604	1	1	161	5	3	28	2196	0	0	0
1.607	1	1	161	8	3	28	2196	0	0	0
1.61	1	1	162	1	3	28	2196	0	0	0
1.613	1	1	162	4	3	28	2196	0	0	0
1.616	1	1	162	7	3	28	2196	0	0	0
1.619	1	1	162	10	3	28	2196	0	0	0
1.622	1	1	163	3	3	28	2196	0	0	0
1.625	1	1	163	6	3	28	2196	0	0	0
1.628	1	1	163	9	3	28	2196	0	0	0
1.631	1	1	164	2	3	28	2196	0	0	0
1.634	1	1	164	5	3	28	2196	0	0	0
1.637	1	1	164	8	3	28	2196	0	0	0
1.64	1	1	165	1	3	28	2196	0	0	0
1.643	1	1	165	4	3	28	2196	0	0	0
1.646	1	1	165	7	3	28	2196	0	0	0
1.649	1	1	165	10	3	28	2196	0	0	0
1.652	1	1	166	3	3	28	2196	0	0	0
1.655	1	1	166	6	3	28	2196	0	0	0
1.658	1	1	166	9	3	28	2196	0	0	0
1.661	1	1	167	2	3	28	2196	0	0	0
1.664	1	1	167	5	3	28	2196	0	0	0
1.667	1	1	167	8	3	28	2196	0	0	0
1.67	1	1	168	1	3	28	2196	0	0	0
1.673	1	1	168	4	3	28	2196	0	0	0
1.676	1	1	168	7	3	28	2196	0	0	0
1.679	1	1	168	10	3	28	2196	0	0	0
1.682	1	1	169	3	3	28	2196	0	0	0
1.685	1	1	169	6	3	28	2196	0	0	0
1.688	1	1	169	9	3	28	2196	0	0	0
1.691	1	1	170	2	3	28	2196	0	0	0
1.694	1	1	170	5	3	28	2196	0	0	0
1.697	1	1	170	8	3	28	2196	0	0	0
1.7	1	1	171	1	3	28	2196	0	0	0
1.703	1	1	171	4	3	28	2196	0	0	0
1.706	1	1	171	7	3	28	2196	0	0	0
1.709	1	1	171	10	3	28	2196	0	0	0
1.712	1	1	172	3	3	28	2196	0	0	0
1.715	1	1	172	6	3	28	2196	0	0	0
1.718	1	1	172	9	3	28	2196	0	0	0
1.721	1	1	173	2	3	28	2196	0	0	0
1.724	1	1	173	5	3	28	2196	0	0	0
1.727	1	1	173	8	3	28	2196	0	0	0
1.73	1	1	174	1	3	28	2196	0	0	0
1.733	1	1	174	4	3	28	2196	0	0	0
1.736	1	1	174	7	3	28	2196	0	0	0
1.739	1	1	174	10	3	28	2196	0	0	0
1.742	1	1	175	3	3	28	2196	0	0	0
1.745	1	1	175	6	3	28	2196	0	0	0
1.748	1	1	175	9	3	28	2196	0	0	0
1.751	1	1	176	2	3	28	2196	0	0	0
1.754	1	1	176	5	3	28	2196	0	0	0
1.757	1	1	176	8	3	28	2196	0	0	0
1.76	1	1	177	1	3	28	2196	0	0	0
1.763	1	1	177	4	3	28	2196	0	0	0
1.766	1	1	177	7	3	28	2196	0	0	0
1.769	1	1	177	10	3	28	2196	0	0	0
1.772	1	1	178	3	3	28	2196	0	0	0
1.775	1	1	178	6	3	28	2196	0	0	0
1.778	1	1	178	9	3	28	2196	0	0	0
1.781	1	1	179	2	3	28	2196	0	0	0
1.784	1	1	179	5	3	28	2196	0	0	0
1.787	1	1	179	8	3	28	2196	0	0	0
1.79	1	1	180	1	3	28	2196	0	0	0
1.793	1	1	180	4	3	28	2196	0	0	0
1.796	1	1	180	7	3	28	2196	0	0	0
1.799	1	1	180	10	3	28	2196	0	0	0
1.802	1	1	181	3	3	28	2196	0	0	0
1.805	1	1	181	6	3	28	2196	0	0	0
1.808	1	1	181	9	3	28	2196	0	0	0
1.811	1	1	182	2	3	28	2196	0	0	0
1.814	1	1	182	5	3	28	2196	0	0	0
1.817	1	1	182	8	3	28	2196	0	0	0
1.82	1	1	183	1	3	28	2196	0	0	0
1.823	1	1	183	4	3	28	2196	0	0	0
1.826	1	1	183	7	3	28	2196	0	0	0
1.829	1	1	183	10	3	28	2196	0	0	0
1.832	1	1	184	3	3	28	2196	0	0	0
1.835	1	1	184	6	3	28	2196	0	0	0
1.838	1	1	184	9	3	28	2196	0	0	0
1.841	1	1	185	2	3	28	2196	0	0	0
1.844	1	1	185	5	3	28	2196	0	0	0
1.847	1	1	185	8	3	28	2196	0	0	0
1.85	1	1	186	1	3	28	2196	0	0	0
1.853	1	1	186	4	3	28	2196	0	0	0
1.856	1	1	186	7	3	28	2196	0	0	0
1.859	1	1	186	10	3	28	2196	0	0	0
1.862	1	1	187	3	3	28	2196	0	0	0
1.865	1	1	187	6	3	28	2196	0	0	0
1.868	1	1	187	9	3	28	2196	0	0	0
1.871	1	1	188	2	3	28	2196	0	0	0
1.874	1	1	188	5	3	28	2196	0	0	0
1.877	1	1	188	8	3	28	2196	0	0	0
1.88	1	1	189	1	3	28	2196	0	0	0
1.883	1	1	189	4	3	28	2196	0	0	0
1.886	1	1	189	7	3	28	2196	0	0	0
1.889	1	1	189	10	3	28	2196	0	0	0
1.892	1	1	190	3	3	28	2196	0	0	0
1.895	1	1	190	6	3	28	2196	0	0	0
1.898	1	1	190	9	3	28	2196	0	0	0
1.901	1	1	191	2	3	28	2196	0	0	0
1.904	1	1	191	5	3	28	2196	0	0	0
1.907	1	1	191	8	3	28	2196	0	0	0
1.91	1	1	192	1	3	28	2196	0	0	0
1.913	1	1	192	4	3	28	2196	0	0	0
1.916	1	1	192	7	3	28	2196	0	0	0
1.919	1	1	192	10	3	28	2196	0	0	0
1.922	1	1	193	3	3	28	2196	0	0	0
1.925	1	1	193	6	3	28	2196	0	0	0
1.928	1	1	193	9	3	28	2196	0	0	0
1.931	1	1	194	2	3	28	2196	0	0	0
1.934	1	1	194	5	3	28	2196	0	0	0
1.937	1	1	194	8	3	28	2196	0	0	0
1.94	1	1	195	1	3	28	2196	0	0	0
1.943	1	1	195	4	3	28	2196	0	0	0
1.946	1	1	195	7	3	28	2196	0	0	0
1.949	1	1	195	10	3	28	2196	0	0	0
1.952	1	1	196	3	3	28	2196	0	0	0
1.955	1	1	196	6	3	28	2196	0	0	0
1.958	1	1	196	9	3	28	2196	0	0	0
1.961	1	1	197	2	3	28	2196	0	0	0
1.964	1	1	197	5	3	28	2196	0	0	0
1.967	1	1	197	8	3	28	2196	0	0	0
1.97	1	1	198	1	3	28	2196	0	0	0
1.973	1	1	198	4	3	28	2196	0	0	0
1.976	1	1	198	7	3	28	2196	0	0	0
1.979	1	1	198	10	3	28	2196	0	0	0
1.982	1	1	199	3	3	28	2196	0	0	0
1.985	1	1	199	6	3	28	2196	0	0	0
1.988	1	1	199	9	3	28	2196	0	0	0
1.991	1	1	200	2	3	28	2196	0	0	0
1.994	1	1	200	5	3	28	2196	0	0	0
1.997	1	1	200	8	3	28	2196	0	0	0
2	1	1	201	1	3	28	2196	0	0	0
2.003	1	1	201	4	3	28	2196	0	0	0
2.006	1	1	201	7	3	28	2196	0	0	0
2.009	1	1	201	10	3	28	2196	0	0	0
2.012	1	1	202	3	3	28	2196	0	0	0
2.015	1	1	202	6	3	28	2196	0	0	0
2.018	1	1	202	9	3	28	2196	0	0	0
2.021	1	1	203	2	3	28	2196	0	0	0
2.024	1	1	203	5	3	28	2196	0	0	0
2.027	1	1	203	8	3	28	2196	0	0	0
2.03	1	1	204	1	3	28	2196	0	0	0
2.033	1	1	204	4	3	28	2196	0	0	0
2.036	1	1	204	7	3	28	2196	0	0	0
2.039	1	1	204	10	3	28	2196	0	0	0
2.042	1	1	205	3	3	28	2196	0	0	0
2.045	1	1	205	6	3	28	2196	0	0	0
2.048	1	1	205	9	3	28	2196	0	0	0
2.051	1	1	206	2	3	28	2196	0	0	0
2.054	1	1	206	5	3	28	2196	0	0	0
2.057	1	1	206	8	3	28	2196	0	0	0
2.06	1	1	207	1	3	28	2196	0	0	0
2.063	1	1	207	4	3	28	2196	0	0	0
2.066	1	1	207	7	3	28	2196	0	0	0
2.069	1	1	207	10	3	28	2196	0	0	0
2.072	1	1	208	3	3	28	2196	0	0	0
2.075	1	1	208	6	3	28	2196	0	0	0
2.078	1	1	208	9	3	28	2196	0	0	0
2.081	1	1	209	2	3	28	2196	0	0	0
2.084	1	1	209	5	3	28	2196	0	0	0
2.087	1	1	209	8	3	28	2196	0	0	0
2.09	1	1	210	1	3	28	2196	0	0	0
2.093	1	1	210	4	3	28	2196	0	0	0
2.096	1	1	210	7	3	28	2196	0	0	0
2.099	1	1	210	10	3	28	2196	0	0	0
2.102	1	1	211	3	3	28	2196	0	0	0
2.105	1	1	211	6	3	28	2196	0	0	0
2.108	1	1	211	9	3	28	2196	0	0	0
2.111	1	1	212	2	3	28	2196	0	0	0
2.114	1	1	212	5	3	28	2196	0	0	0
2.117	1	1	212	8	3	28	2196	0	0	0
2.12	1	1	213	1	3	28	2196	0	0	0
2.123	1	1	213	4	3	28	2196	0	0	0
2.126	1	1	213	7	3	28	2196	0	0	0
2.129	1	1	213	10	3	28	2196	0	0	0
2.132	1	1	214	3	3	28	2196	0	0	0
2.135	1	1	214	6	3	28	2196	0	0	0
2.138	1	1	214	9	3	28	2196	0	0	0
2.141	1	1	215	2	3	28	2196	0	0	0
2.144	1	1	215	5	3	28	2196	0	0	0
2.147	1	1	215	8	3	28	2196	0	0	0
2.15	1	1	216	1	3	28	2196	0	0	0
2.153	1	1	216	4	3	28	2196	0	0	0
2.156	1	1	216	7	3	28	2196	0	0	0
2.159	1	1	216	10	3	28	2196	0	0	0
2.162	1	1	217	3	3	28	2196	0	0	0
2.165	1	1	217	6	3	28	2196	0	0	0
2.168	1	1	217	9	3	28	2196	0	0	0
2.171	1	1	218	2	3	28	2196	0	0	0
2.174	1	1	218	5	3	28	2196	0	0	0
2.177	1	1	218	8	3	28	2196	0	0	0
2.18	1	1	219	1	3	28	2196	0	0	0
2.183	1	1	219	4	3	28	2196	0	0	0
2.186	1	1	219	7	3	28	2196	0	0	0
2.189	1	1	219	10	3	28	2196	0	0	0
2.192	1	1	220	3	3	28	2196	0	0	0
2.195	1	1	220	6	3	28	2196	0	0	0
2.198	1	1	220	9	3	28	2196	0	0	0
2.201	1	1	221	2	3	28	2196	0	0	0
2.204	1	1	221	5	3	28	2196	0	0	0
2.207	1	1	221	8	3	28	2196	0	0	0
2.21	1	1	222	1	3	28	2196	0	0	0
2.213	1	1	222	4	3	28	2196	0	0	0
2.216	1	1	222	7	3	28	2196	0	0	0
2.219	1	1	222	10	3	28	2196	0	0	0
2.222	1	1	223	3	3	28	2196	0	0	0
2.225	1	1	223	6	3	28	2196	0	0	0
2.228	1	1	223	9	3	28	2196	0	0	0
2.231	1	1	224	2	3	28	2196	0	0	0
2.234	1	1	224	5	3	28	2196	0	0	0
2.237	1	1	224	8	3	28	2196	0	0	0
2.24	1	1	225	1	3	28	2196	0	0	0
2.243	1	1	225	4	3	28	2196	0	0	0
2.246	1	1	225	7	3	28	2196	0	0	0
2.249	1	1	225	10	3	28	2196	0	0	0
2.252	1	1	226	3	3	28	2196	0	0	0
2.255	1	1	226	6	3	28	2196	0	0	0
2.258	1	1	226	9	3	28	2196	0	0	0
2.261	1	1	227	2	3	28	2196	0	0	0
2.264	1	1	227	5	3	28	2196	0	0	0
2.267	1	1	227	8	3	28	2196	0	0	0
2.27	1	1	228	1	3	28	2196	0	0	0
2.273	1	1	228	4	3	28	2196	0	0	0
2.276	1	1	228	7	3	28	2196	0	0	0
2.279	1	1	228	10	3	28	2196	0	0	0
2.282	1	1	229	3	3	28	2196	0	0	0
2.285	1	1	229	6	3	28	2196	0	0	0
2.288	1	1	229	9	3	28	2196	0	0	0
2.291	1	1	230	2	3	28	2196	0	0	0
2.294	1	1	230	5	3	28	2196	0	0	0
2.297	1	1	230	8	3	28	2196	0	0	0
2.3	1	1	231	1	3	28	2196	0	0	0
2.303	1	1	231	4	3	28	2196	0	0	0
2.306	1	1	231	7	3	28	2196	0	0	0
2.309	1	1	231	10	3	28	2196	0	0	0
2.312	1	1	232	3	3	28	2196	0	0	0
2.315	1	1	232	6	3	28	2196	0	0	0
2.318	1	1	232	9	3	28	2196	0	0	0
2.321	1	1	233	2	3	28	2196	0	0	0
2.324	1	1	233	5	3	28	2196	0	0	0
2.327	1	1	233	8	3	28	2196	0	0	0
2.33	1	1	234	1	3	28	2196	0	0	0
2.333	1	1	234	4	3	28	2196	0	0	0
2.336	1	1	234	7	3	28	2196	0	0	0
2.339	1	1	234	10	3	28	2196	0	0	0
2.342	1	1	235	3	3	28	2196	0	0	0
2.345	1	1	235	6	3	28	2196	0	0	0
2.348	1	1	235	9	3	28	2196	0	0	0
2.351	1	1	236	2	3	28	2196	0	0	0
2.354	1	1	236	5	3	28	2196	0	0	0
2.357	1	1	236	8	3	28	2196	0	0	0
2.36	1	1	237	1	3	28	2196	0	0	0
2.363	1	1	237	4	3	28	2196	0	0	0
2.366	1	1	237	7	3	28	2196	0	0	0
2.369	1	1	237	10	3	28	2196	0	0	0
2.372	1	1	238	3	3	28	2196	0	0	0
2.375	1	1	238	6	3	28	2196	0	0	0
2.378	1	1	238	9	3	28	2196	0	0	0
2.381	1	1	239	2	3	28	2196	0	0	0
2.384	1	1	239	5	3	28	2196	0	0	0
2.387	1	1	239	8	3	28	2196	0	0	0
2.39	1	1	240	1	3	28	2196	0	0	0
2.393	1	1	240	4	3	28	2196	0	0	0
2.396	1	1	240	7	3	28	2196	0	0	0
2.399	1	1	240	10	3	28	2196	0	0	0
2.402	1	1	241	3	3	28	2196	0	0	0
2.405	1	1	241	6	3	28	2196	0	0	0
2.408	1	1	241	9	3	28	2196	0	0	0
2.411	1	1	242	2	3	28	2196	0	0	0
2.414	1	1	242	5	3	28	2196	0	0	0
2.417	1	1	242	8	3	28	2196	0	0	0
2.42	1	1	243	1	3	28	2196	0	0	0
2.423	1	1	243	4	3	28	2196	0	0	0
2.426	1	1	243	7	3	28	2196	0	0	0
2.429	1	1	243	10	3	28	2196	0	0	0
2.432	1	1	244	3	3	28	2196	0	0	0
2.435	1	1	244	6	3	28	2196	0	0	0
2.438	1	1	244	9	3	28	2196	0	0	0
2.441	1	1	245	2	3	28	2196	0	0	0
2.444	1	1	245	5	3	28	2196	0	0	0
2.447	1	1	245	8	3	28	2196	0	0	0
2.45	1	1	246	1	3	28	2196	0	0	0
2.453	1	1	246	4	3	28	2196	0	0	0
2.456	1	1	246	7	3	28	2196	0	0	0
2.459	1	1	246	10	3	28	2196	0	0	0
2.462	1	1	247	3	3	28	2196	0	0	0
2.465	1	1	247	6	3	28	2196	0	0	0
2.468	1	1	247	9	3	28	2196	0	0	0
2.471	1	1	248	2	3	28	2196	0	0	0
2.474	1	1	248	5	3	28	2196	0	0	0
2.477	1	1	248	8	3	28	2196	0	0	0
2.48	1	1	249	1	3	28	2196	0	0	0
2.483	1	1	249	4	3	28	2196	0	0	0
2.486	1	1	249	7	3	28	2196	0	0	0
2.489	1	1	249	10	3	28	2196	0	0	0
2.492	1	1	250	3	3	28	2196	0	0	0
2.495	1	1	250	6	3	28	2196	0	0	0
2.498	1	1	250	9	3	28	2196	0	0	0
2.501	1	1	251	2	3	28	2196	0	0	0
2.504	1	1	251	5	3	28	2196	0	0	0
2.507	1	1	251	8	3	28	2196	0	0	0
2.51	1	1	252	1	3	28	2196	0	0	0
2.513	1	1	252	4	3	28	2196	0	0	0
2.516	1	1	252	7	3	28	2196	0	0	0
2.519	1	1	252	10	3	28	2196	0	0	0
2.522	1	1	253	3	3	28	2196	0	0	0
2.525	1	1	253	6	3	28	2196	0	0	0
2.528	1	1	253	9	3	28	2196	0	0	0
2.531	1	1	254	2	3	28	2196	0	0	0
2.534	1	1	254	5	3	28	2196	0	0	0
2.537	1	1	254	8	3	28	2196	0	0	0
2.54	1	1	255	1	3	28	2196	0	0	0
2.543	1	1	255	4	3	28	2196	0	0	0
2.546	1	1	255	7	3	28	2196	0	0	0
2.549	1	1	255	10	3	28	2196	0	0	0
2.552	1	1	256	3	3	28	2196	0	0	0
2.555	1	1	256	6	3	28	2196	0	0	0
2.558	1	1	256	9	3	28	2196	0	0	0
2.561	1	1	257	2	3	28	2196	0	0	0
2.564	1	1	257	5	3	28	2196	0	0	0
2.567	1	1	257	8	3	28	2196	0	0	0
2.57	1	1	258	1	3	28	2196	0	0	0
2.573	1	1	258	4	3	28	2196	0	0	0
2.576	1	1	258	7	3	28	2196	0	0	0
2.579	1	1	258	10	3	28	2196	0	0	0
2.582	1	1	259	3	3	28	2196	0	0	0
2.585	1	1	259	6	3	28	2196	0	0	0
2.588	1	1	259	9	3	28	2196	0	0	0
2.591	1	1	260	2	3	28	2196	0	0	0
2.594	1	1	260	5	3	28	2196	0	0	0
2.597	1	1	260	8	3	28	2196	0	0	0
2.6	1	1	261	1	3	28	2196	0	0	0
2.603	1	1	261	4	3	28	2196	0	0	0
2.606	1	1	261	7	3	28	2196	0	0	0
2.609	1	1	261	10	3	28	2196	0	0	0
2.612	1	1	262	3	3	28	2196	0	0	0
2.615	1	1	262	6	3	28	2196	0	0	0
2.618	1	1	262	9	3	28	2196	0	0	0
2.621	1	1	263	2	3	28	2196	0	0	0
2.624	1	1	263	5	3	28	2196	0	0	0
2.627	1	1	263	8	3	28	2196	0	0	0
2.63	1	1	264	1	3	28	2196	0	0	0
2.633	1	1	264	4	3	28	2196	0	0	0
2.636	1	1	264	7	3	28	2196	0	0	0
2.639	1	1	264	10	3	28	2196	0	0	0
2.642	1	1	265	3	3	28	2196	0	0	0
2.645	1	1	265	6	3	28	2196	0	0	0
2.648	1	1	265	9	3	28	2196	0	0	0
2.651	1	1	266	2	3	28	2196	0	0	0
2.654	1	1	266	5	3	28	2196	0	0	0
2.657	1	1	266	8	3	28	2196	0	0	0
2.66	1	1	267	1	3	28	2196	0	0	0
2.663	1	1	267	4	3	28	2196	0	0	0
2.666	1	1	267	7	3	28	2196	0	0	0
2.669	1	1	267	10	3	28	2196	0	0	0
2.672	1	1	268	3	3	28	2196	0	0	0
2.675	1	1	268	6	3	28	2196	0	0	0
2.678	1	1	268	9	3	28	2196	0	0	0
2.681	1	1	269	2	3	28	2196	0	0	0
2.684	1	1	269	5	3	28	2196	0	0	0
2.687	1	1	269	8	3	28	2196	0	0	0
2.69	1	1	270	1	3	28	2196	0	0	0
2.693	1	1	270	4	3	28	2196	0	0	0
2.696	1	1	270	7	3	28	2196	0	0	0
2.699	1	1	270	10	3	28	2196	0	0	0
2.702	1	1	271	3	3	28	2196	0	0	0
2.705	1	1	271	6	3	28	2196	0	0	0
2.708	1	1	271	9	3	28	2196	0	0	0
2.711	1	1	272	2	3	28	2196	0	0	0
2.714	1	1	272	5	3	28	2196	0	0	0
2.717	1	1	272	8	3	28	2196	0	0	0
2.72	1	1	273	1	3	28	2196	0	0	0
2.723	1	1	273	4	3	28	2196	0	0	0
2.726	1	1	273	7	3	28	2196	0	0	0
2.729	1	1	273	10	3	28	2196	0	0	0
2.732	1	1	274	3	3	28	2196	0	0	0
2.735	1	1	274	6	3	28	2196	0	0	0
2.738	1	1	274	9	3	28	2196	0	0	0
2.741	1	1	275	2	3	28	2196	0	0	0
2.744	1	1	275	5	3	28	2196	0	0	0
2.747	1	1	275	8	3	28	2196	0	0	0
2.75	1	1	276	1	3	28	2196	0	0	0
2.753	1	1	276	4	3	28	2196	0	0	0
2.756	1	1	276	7	3	28	2196	0	0	0
2.759	1	1	276	10	3	28	2196	0	0	0
2.762	1	1	277	3	3	28	2196	0	0	0
2.765	1	1	277	6	3	28	2196	0	0	0
2.768	1	1	277	9	3	28	2196	0	0	0
2.771	1	1	278	2	3	28	2196	0	0	0
2.774	1	1	278	5	3	28	2196	0	0	0
2.777	1	1	278	8	3	28	2196	0	0	0
2.78	1	1	279	1	3	28	2196	0	0	0
2.783	1	1	279	4	3	28	2196	0	0	0
2.786	1	1	279	7	3	28	2196	0	0	0
2.789	1	1	279	10	3	28	2196	0	0	0
2.792	1	1	280	3	3	28	2196	0	0	0
2.795	1	1	280	6	3	28	2196	0	0	0
2.798	1	1	280	9	3	28	2196	0	0	0
2.801	1	1	281	2	3	28	2196	0	0	0
2.804	1	1	281	5	3	28	2196	0	0	0
2.807	1	1	281	8	3	28	2196	0	0	0
2.81	1	1	282	1	3	28	2196	0	0	0
2.813	1	1	282	4	3	28	2196	0	0	0
2.816	1	1	282	7	3	28	2196	0	0	0
2.819	1	1	282	10	3	28	2196	0	0	0
2.822	1	1	283	3	3	28	2196	0	0	0
2.825	1	1	283	6	3	28	2196	0	0	0
2.828	1	1	283	9	3	28	2196	0	0	0
2.831	1	1	284	2	3	28	2196	0	0	0
2.834	1	1	284	5	3	28	2196	0	0	0
2.837	1	1	284	8	3	28	2196	0	0	0
2.84	1	1	285	1	3	28	2196	0	0	0
2.843	1	1	285	4	3	28	2196	0	0	0
2.846	1	1	285	7	3	28	2196	0	0	0
2.849	1	1	285	10	3	28	2196	0	0	0
2.852	1	1	286	3	3	28	2196	0	0	0
2.855	1	1	286	6	3	28	2196	0	0	0
2.858	1	1	286	9	3	28	2196	0	0	0
2.861	1	1	287	2	3	28	2196	0	0	0
2.864	1	1	287	5	3	28	2196	0	0	0
2.867	1	1	287	8	3	28	2196	0	0	0
2.87	1	1	288	1	3	28	2196	0	0	0
2.873	1	1	288	4	3	28	2196	0	0	0
2.876	1	1	288	7	3	28	2196	0	0	0
2.879	1	1	288	10	3	28	2196	0	0	0
2.882	1	1	289	3	3	28	2196	0	0	0
2.885	1	1	289	6	3	28	2196	0	0	0
2.888	1	1	289	9	3	28	2196	0	0	0
2.891	1	1	290	2	3	28	2196	0	0	0
2.894	1	1	290	5	3	28	2196	0	0	0
2.897	1	1	290	8	3	28	2196	0	0	0
2.9	1	1	291	1	3	28	2196	0	0	0
2.903	1	1	291	4	3	28	2196	0	0	0
2.906	1	1	291	7	3	28	2196	0	0	0
2.909	1	1	291	10	3	28	2196	0	0	0
2.912	1	1	292	3	3	28	2196	0	0	0
2.915	1	1	292	6	3	28	2196	0	0	0
2.918	1	1	292	9	3	28	2196	0	0	0
2.921	1	1	293	2	3	28	2196	0	0	0
2.924	1	1	293	5	3	28	2196	0	0	0
2.927	1	1	293	8	3	28	2196	0	0	0
2.93	1	1	294	1	3	28	2196	0	0	0
2.933	1	1	294	4	3	28	2196	0	0	0
2.936	1	1	294	7	3	28	2196	0	0	0
2.939	1	1	294	10	3	28	2196	0	0	0
2.942	1	1	295	3	3	28	2196	0	0	0
2.945	1	1	295	6	3	28	2196	0	0	0
2.948	1	1	295	9	3	28	2196	0	0	0
2.951	1	1	296	2	3	28	2196	0	0	0
2.954	1	1	296	5	3	28	2196	0	0	0
2.957	1	1	296	8	3	28	2196	0	0	0
2.96	1	1	297	1	3	28	2196	0	0	0
2.963	1	1	297	4	3	28	2196	0	0	0
2.966	1	1	297	7	3	28	2196	0	0	0
2.969	1	1	297	10	3	28	2196	0	0	0
2.972	1	1	298	3	3	28	2196	0	0	0
2.975	1	1	298	6	3	28	2196	0	0	0
2.978	1	1	298	9	3	28	2196	0	0	0
2.981	1	1	299	2	3	28	2196	0	0	0
2.984	1	1	299	5	3	28	2196	0	0	0
2.987	1	1	299	8	3	28	2196	0	0	0
2.99	1	1	300	1	3	28	2196	0	0	0
2.993	1	1	300	4	3	28	2196	0	0	0
2.996	1	1	300	7	3	28	2196	0	0	0
2.999	1	1	300	10	3	28	2196	0	0	0
3.002	1	1	301	3	3	28	2196	0	0	0
3.005	1	1	301	6	3	28	2196	0	0	0
3.008	1	1	301	9	3	28	2196	0	0	0
3.011	1	1	302	2	3	28	2196	0	0	0
3.014	1	1	302	5	3	28	2196	0	0	0
3.017	1	1	302	8	3	28	2196	0	0	0
3.02	1	1	303	1	3	28	2196	0	0	0
3.023	1	1	303	4	3	28	2196	0	0	0
3.026	1	1	303	7	3	28	2196	0	0	0
3.029	1	1	303	10	3	28	2196	0	0	0
3.032	1	1	304	3	3	28	2196	0	0	0
3.035	1	1	304	6	3	28	2196	0	0	0
3.038	1	1	304	9	3	28	2196	0	0	0
3.041	1	1	305	2	3	28	2196	0	0	0
3.044	1	1	305	5	3	28	2196	0	0	0
3.047	1	1	305	8	3	28	2196	0	0	0
3.05	1	1	306	1	3	28	2196	0	0	0
3.053	1	1	306	4	3	28	2196	0	0	0
3.056	1	1	306	7	3	28	2196	0	0	0
3.059	1	1	306	10	3	28	2196	0	0	0
3.062	1	1	307	3	3	28	2196	0	0	0
3.065	1	1	307	6	3	28	2196	0	0	0
3.068	1	1	307	9	3	28	2196	0	0	0
3.071	1	1	308	2	3	28	2196	0	0	0
3.074	1	1	308	5	3	28	2196	0	0	0
3.077	1	1	308	8	3	28	2196	0	0	0
3.08	1	1	309	1	3	28	2196	0	0	0
3.083	1	1	309	4	3	28	2196	0	0	0
3.086	1	1	309	7	3	28	2196	0	0	0
3.089	1	1	309	10	3	28	2196	0	0	0
3.092	1	1	310	3	3	28	2196	0	0	0
3.095	1	1	310	6	3	28	2196	0	0	0
3.098	1	1	310	9	3	28	2196	0	0	0
3.101	1	1	311	2	3	28	2196	0	0	0
3.104	1	1	311	5	3	28	2196	0	0	0
3.107	1	1	311	8	3	28	2196	0	0	0
3.11	1	1	312	1	3	28	2196	0	0	0
3.113	1	1	312	4	3	28	2196	0	0	0
3.116	1	1	312	7	3	28	2196	0	0	0
3.119	1	1	312	10	3	28	2196	0	0	0
3.122	1	1	313	3	3	28	2196	0	0	0
3.125	1	1	313	6	3	28	2196	0	0	0
3.128	1	1	313	9	3	28	2196	0	0	0
3.131	1	1	314	2	3	28	2196	0	0	0
3.134	1	1	314	5	3	28	2196	0	0	0
3.137	1	1	314	8	3	28	2196	0	0	0
3.14	1	1	315	1	3	28	2196	0	0	0
3.143	1	1	315	4	3	28	2196	0	0	0
3.146	1	1	315	7	3	28	2196	0	0	0
3.149	1	1	315	10	3	28	2196	0	0	0
3.152	1	1	316	3	3	28	2196	0	0	0
3.155	1	1	316	6	3	28	2196	0	0	0
3.158	1	1	316	9	3	28	2196	0	0	0
3.161	1	1	317	2	3	28	2196	0	0	0
3.164	1	1	317	5	3	28	2196	0	0	0
3.167	1	1	317	8	3	28	2196	0	0	0
3.17	1	1	318	1	3	28	2196	0	0	0
3.173	1	1	318	4	3	28	2196	0	0	0
3.176	1	1	318	7	3	28	2196	0	0	0
3.179	1	1	318	10	3	28	2196	0	0	0
3.182	1	1	319	3	3	28	2196	0	0	0
3.185	1	1	319	6	3	28	2196	0	0	0
3.188	1	1	319	9	3	28	2196	0	0	0
3.191	1	1	320	2	3	28	2196	0	0	0
3.194	1	1	320	5	3	28	2196	0	0	0
3.197	1	1	320	8	3	28	2196	0	0	0
3.2	1	1	321	1	3	28	2196	0	0	0
3.203	1	1	321	4	3	28	2196	0	0	0
3.206	1	1	321	7	3	28	2196	0	0	0
3.209	1	1	321	10	3	28	2196	0	0	0
3.212	1	1	322	3	3	28	2196	0	0	0
3.215	1	1	322	6	3	28	2196	0	0	0
3.218	1	1	322	9	3	28	2196	0	0	0
3.221	1	1	323	2	3	28	2196	0	0	0
3.224	1	1	323	5	3	28	2196	0	0	0
3.227	1	1	323	8	3	28	2196	0	0	0
3.23	1	1	324	1	3	28	2196	0	0	0
3.233	1	1	324	4	3	28	2196	0	0	0
3.236	1	1	324	7	3	28	2196	0	0	0
3.239	1	1	324	10	3	28	2196	0	0	0
3.242	1	1	325	3	3	28	2196	0	0	0
3.245	1	1	325	6	3	28	2196	0	0	0
3.248	1	1	325	9	3	28	2196	0	0	0
3.251	1	1	326	2	3	28	2196	0	0	0
3.254	1	1	326	5	3	28	2196	0	0	0
3.257	1	1	326	8	3	28	2196	0	0	0
3.26	1	1	327	1	3	28	2196	0	0	0
3.263	1	1	327	4	3	28	2196	0	0	0
3.266	1	1	327	7	3	28	2196	0	0	0
3.269	1	1	327	10	3	28	2196	0	0	0
3.272	1	1	328	3	3	28	2196	0	0	0
3.275	1	1	328	6	3	28	2196	0	0	0
3.278	1	1	328	9	3	28	2196	0	0	0
3.281	1	1	329	2	3	28	2196	0	0	0
3.284	1	1	329	5	3	28	2196	0	0	0
3.287	1	1	329	8	3	28	2196	0	0	0
3.29	1	1	330	1	3	28	2196	0	0	0
3.293	1	1	330	4	3	28	2196	0	0	0
3.296	1	1	330	7	3	28	2196	0	0	0
3.299	1	1	330	10	3	28	2196	0	0	0
3.302	1	1	331	3	3	28	2196	0	0	0
3.305	1	1	331	6	3	28	2196	0	0	0
3.308	1	1	331	9	3	28	2196	0	0	0
3.311	1	1	332	2	3	28	2196	0	0	0
3.314	1	1	332	5	3	28	2196	0	0	0
3.317	1	1	332	8	3	28	2196	0	0	0
3.32	1	1	333	1	3	28	2196	0	0	0
3.323	1	1	333	4	3	28	2196	0	0	0
3.326	1	1	333	7	3	28	2196	0	0	0
3.329	1	1	333	10	3	28	2196	0	0	0
3.332	1	1	334	3	3	28	2196	0	0	0
3.335	1	1	334	6	3	28	2196	0	0	0
3.338	1	1	334	9	3	28	2196	0	0	0
3.341	1	1	335	2	3	28	2196	0	0	0
3.344	1	1	335	5	3	28	2196	0	0	0
3.347	1	1	335	8	3	28	2196	0	0	0
3.35	1	1	336	1	3	28	2196	0	0	0
3.353	1	1	336	4	3	28	2196	0	0	0
3.356	1	1	336	7	3	28	2196	0	0	0
3.359	1	1	336	10	3	28	2196	0	0	0
3.362	1	1	337	3	3	28	2196	0	0	0
3.365	1	1	337	6	3	28	2196	0	0	0
3.368	1	1	337	9	3	28	2196	0	0	0
3.371	1	1	338	2	3	28	2196	0	0	0
3.374	1	1	338	5	3	28	2196	0	0	0
3.377	1	1	338	8	3	28	2196	0	0	0
3.38	1	1	339	1	3	28	2196	0	0	0
3.383	1	1	339	4	3	28	2196	0	0	0
3.386	1	1	339	7	3	28	2196	0	0	0
3.389	1	1	339	10	3	28	2196	0	0	0
3.392	1	1	340	3	3	28	2196	0	0	0
3.395	1	1	340	6	3	28	2196	0	0	0
3.398	1	1	340	9	3	28	2196	0	0	0
3.401	1	1	341	2	3	28	2196	0	0	0
3.404	1	1	341	5	3	28	2196	0	0	0
3.407	1	1	341	8	3	28	2196	0	0	0
3.41	1	1	342	1	3	28	2196	0	0	0
3.413	1	1	342	4	3	28	2196	0	0	0
3.416	1	1	342	7	3	28	2196	0	0	0
3.419	1	1	342	10	3	28	2196	0	0	0
3.422	1	1	343	3	3	28	2196	0	0	0
3.425	1	1	343	6	3	28	2196	0	0	0
3.428	1	1	343	9	3	28	2196	0	0	0
3.431	1	1	344	2	3	28	2196	0	0	0
3.434	1	1	344	5	3	28	2196	0	0	0
3.437	1	1	344	8	3	28	2196	0	0	0
3.44	1	1	345	1	3	28	2196	0	0	0
3.443	1	1	345	4	3	28	2196	0	0	0
3.446	1	1	345	7	3	28	2196	0	0	0
3.449	1	1	345	10	3	28	2196	0	0	0
3.452	1	1	346	3	3	28	2196	0	0	0
3.455	1	1	346	6	3	28	2196	0	0	0
3.458	1	1	346	9	3	28	2196	0	0	0
3.461	1	1	347	2	3	28	2196	0	0	0
3.464	1	1	347	5	3	28	2196	0	0	0
3.467	1	1	347	8	3	28	2196	0	0	0
3.47	1	1	348	1	3	28	2196	0	0	0
3.473	1	1	348	4	3	28	2196	0	0	0
3.476	1	1	348	7	3	28	2196	0	0	0
3.479	1	1	348	10	3	28	2196	0	0	0
3.482	1	1	349	3	3	28	2196	0	0	0
3.485	1	1	349	6	3	28	2196	0	0	0
3.488	1	1	349	9	3	28	2196	0	0	0
3.491	1	1	350	2	3	28	2196	0	0	0
3.494	1	1	350	5	3	28	2196	0	0	0
3.497	1	1	350	8	3	28	2196	0	0	0
3.5	1	1	351	1	3	28	2196	0	0	0
3.503	1	1	351	4	3	28	2196	0	0	0
3.506	1	1	351	7	3	28	2196	0	0	0
3.509	1	1	351	10	3	28	2196	0	0	0
3.512	1	1	352	3	3	28	2196	0	0	0
3.515	1	1	352	6	3	28	2196	0	0	0
3.518	1	1	352	9	3	28	2196	0	0	0
3.521	1	1	353	2	3	28	2196	0	0	0
3.524	1	1	353	5	3	28	2196	0	0	0
3.527	1	1	353	8	3	28	2196	0	0	0
3.53	1	1	354	1	3	28	2196	0	0	0
3.533	1	1	354	4	3	28	2196	0	0	0
3.536	1	1	354	7	3	28	2196	0	0	0
3.539	1	1	354	10	3	28	2196	0	0	0
3.542	1	1	355	3	3	28	2196	0	0	0
3.545	1	1	355	6	3	28	2196	0	0	0
3.548	1	1	355	9	3	28	2196	0	0	0
3.551	1	1	356	2	3	28	2196	0	0	0
3.554	1	1	356	5	3	28	2196	0	0	0
3.557	1	1	356	8	3	28	2196	0	0	0
3.56	1	1	357	1	3	28	2196	0	0	0
3.563	1	1	357	4	3	28	2196	0	0	0
3.566	1	1	357	7	3	28	2196	0	0	0
3.569	1	1	357	10	3	28	2196	0	0	0
3.572	1	1	358	3	3	28	2196	0	0	0
3.575	1	1	358	6	3	28	2196	0	0	0
3.578	1	1	358	9	3	28	2196	0	0	0
3.581	1	1	359	2	3	28	2196	0	0	0
3.584	1	1	359	5	3	28	2196	0	0	0
3.587	1	1	359	8	3	28	2196	0	0	0
3.59	1	1	360	1	3	28	2196	0	0	0
3.593	1	1	360	4	3	28	2196	0	0	0
3.596	1	1	360	7	3	28	2196	0	0	0
3.599	1	1	360	10	3	28	2196	0	0	0
3.602	1	1	361	3	3	28	2196	0	0	0
3.605	1	1	361	6	3	28	2196	0	0	0
3.608	1	1	361	9	3	28	2196	0	0	0
3.611	1	1	362	2	3	28	2196	0	0	0
3.614	1	1	362	5	3	28	2196	0	0	0
3.617	1	1	362	8	3	28	2196	0	0	0
3.62	1	1	363	1	3	28	2196	0	0	0
3.623	1	1	363	4	3	28	2196	0	0	0
3.626	1	1	363	7	3	28	2196	0	0	0
3.629	1	1	363	10	3	28	2196	0	0	0
3.632	1	1	364	3	3	28	2196	0	0	0
3.635	1	1	364	6	3	28	2196	0	0	0
3.638	1	1	364	9	3	28	2196	0	0	0
3.641	1	1	365	2	3	28	2196	0	0	0
3.644	1	1	365	5	3	28	2196	0	0	0
3.647	1	1	365	8	3	28	2196	0	0	0
3.65	1	1	366	1	3	28	2196	0	0	0
3.653	1	1	366	4	3	28	2196	0	0	0
3.656	1	1	366	7	3	28	2196	0	0	0
3.659	1	1	366	10	3	28	2196	0	0	0
3.662	1	1	367	3	3	28	2196	0	0	0
3.665	1	1	367	6	3	28	2196	0	0	0
3.668	1	1	367	9	3	28	2196	0	0	0
3.671	1	1	368	2	3	28	2196	0	0	0
3.674	1	1	368	5	3	28	2196	0	0	0
3.677	1	1	368	8	3	28	2196	0	0	0
3.68	1	1	369	1	3	28	2196	0	0	0
3.683	1	1	369	4	3	28	2196	0	0	0
3.686	1	1	369	7	3	28	2196	0	0	0
3.689	1	1	369	10	3	28	2196	0	0	0
3.692	1	1	370	3	3	28	2196	0	0	0
3.695	1	1	370	6	3	28	2196	0	0	0
3.698	1	1	370	9	3	28	2196	0	0	0
3.701	1	1	371	2	3	28	2196	0	0	0
3.704	1	1	371	5	3	28	2196	0	0	0
3.707	1	1	371	8	3	28	2196	0	0	0
3.71	1	1	372	1	3	28	2196	0	0	0
3.713	1	1	372	4	3	28	2196	0	0	0
3.716	1	1	372	7	3	28	2196	0	0	0
3.719	1	1	372	10	3	28	2196	0	0	0
3.722	1	1	373	3	3	28	2196	0	0	0
3.725	1	1	373	6	3	28	2196	0	0	0
3.728	1	1	373	9	3	28	2196	0	0	0
3.731	1	1	374	2	3	28	2196	0	0	0
3.734	1	1	374	5	3	28	2196	0	0	0
3.737	1	1	374	8	3	28	2196	0	0	0
3.74	1	1	375	1	3	28	2196	0	0	0
3.743	1	1	375	4	3	28	2196	0	0	0
3.746	1	1	375	7	3	28	2196	0	0	0
3.749	1	1	375	10	3	28	2196	0	0	0
3.752	1	1	376	3	3	28	2196	0	0	0
3.755	1	1	376	6	3	28	2196	0	0	0
3.758	1	1	376	9	3	28	2196	0	0	0
3.761	1	1	377	2	3	28	2196	0	0	0
3.764	1	1	377	5	3	28	2196	0	0	0
3.767	1	1	377	8	3	28	2196	0	0	0
3.77	1	1	378	1	3	28	2196	0	0	0
3.773	1	1	378	4	3	28	2196	0	0	0
3.776	1	1	378	7	3	28	2196	0	0	0
3.779	1	1	378	10	3	28	2196	0	0	0
3.782	1	1	379	3	3	28	2196	0	0	0
3.785	1	1	379	6	3	28	2196	0	0	0
3.788	1	1	379	9	3	28	2196	0	0	0
3.791	1	1	380	2	3	28	2196	0	0	0
3.794	1	1	380	5	3	28	2196	0	0	0
3.797	1	1	380	8	3	28	2196	0	0	0
3.8	1	1	381	1	3	28	2196	0	0	0
3.803	1	1	381	4	3	28	2196	0	0	0
3.806	1	1	381	7	3	28	2196	0	0	0
3.809	1	1	381	10	3	28	2196	0	0	0
3.812	1	1	382	3	3	28	2196	0	0	0
3.815	1	1	382	6	3	28	2196	0	0	0
3.818	1	1	382	9	3	28	2196	0	0	0
3.821	1	1	383	2	3	28	2196	0	0	0
3.824	1	1	383	5	3	28	2196	0	0	0
3.827	1	1	383	8	3	28	2196	0	0	0
3.83	1	1	384	1	3	28	2196	0	0	0
3.833	1	1	384	4	3	28	2196	0	0	0
3.836	1	1	384	7	3	28	2196	0	0	0
3.839	1	1	384	10	3	28	2196	0	0	0
3.842	1	1	385	3	3	28	2196	0	0	0
3.845	1	1	385	6	3	28	2196	0	0	0
3.848	1	1	385	9	3	28	2196	0	0	0
3.851	1	1	386	2	3	28	2196	0	0	0
3.854	1	1	386	5	3	28	2196	0	0	0
3.857	1	1	386	8	3	28	2196	0	0	0
3.86	1	1	387	1	3	28	2196	0	0	0
3.863	1	1	387	4	3	28	2196	0	0	0
3.866	1	1	387	7	3	28	2196	0	0	0
3.869	1	1	387	10	3	28	2196	0	0	0
3.872	1	1	388	3	3	28	2196	0	0	0
3.875	1	1	388	6	3	28	2196	0	0	0
3.878	1	1	388	9	3	28	2196	0	0	0
3.881	1	1	389	2	3	28	2196	0	0	0
3.884	1	1	389	5	3	28	2196	0	0	0
3.887	1	1	389	8	3	28	2196	0	0	0
3.89	1	1	390	1	3	28	2196	0	0	0
3.893	1	1	390	4	3	28	2196	0	0	0
3.896	1	1	390	7	3	28	2196	0	0	0
3.899	1	1	390	10	3	28	2196	0	0	0
3.902	1	1	391	3	3	28	2196	0	0	0
3.905	1	1	391	6	3	28	2196	0	0	0
3.908	1	1	391	9	3	28	2196	0	0	0
3.911	1	1	392	2	3	28	2196	0	0	0
3.914	1	1	392	5	3	28	2196	0	0	0
3.917	1	1	392	8	3	28	2196	0	0	0
3.92	1	1	393	1	3	28	2196	0	0	0
3.923	1	1	393	4	3	28	2196	0	0	0
3.926	1	1	393	7	3	28	2196	0	0	0
3.929	1	1	393	10	3	28	2196	0	0	0
3.932	1	1	394	3	3	28	2196	0	0	0
3.935	1	1	394	6	3	28	2196	0	0	0
3.938	1	1	394	9	3	28	2196	0	0	0
3.941	1	1	395	2	3	28	2196	0	0	0
3.944	1	1	395	5	3	28	2196	0	0	0
3.947	1	1	395	8	3	28	2196	0	0	0
3.95	1	1	396	1	3	28	2196	0	0	0
3.953	1	1	396	4	3	28	2196	0	0	0
3.956	1	1	396	7	3	28	2196	0	0	0
3.959	1	1	396	10	3	28	2196	0	0	0
3.962	1	1	397	3	3	28	2196	0	0	0
3.965	1	1	397	6	3	28	2196	0	0	0
3.968	1	1	397	9	3	28	2196	0	0	0
3.971	1	1	398	2	3	28	2196	0	0	0
3.974	1	1	398	5	3	28	2196	0	0	0
3.977	1	1	398	8	3	28	2196	0	0	0
3.98	1	1	399	1	3	28	2196	0	0	0
3.983	1	1	399	4	3	28	2196	0	0	0
3.986	1	1	399	7	3	28	2196	0	0	0
3.989	1	1	399	10	3	28	2196	0	0	0
3.992	1	1	400	3	3	28	2196	0	0	0
3.995	1	1	400	6	3	28	2196	0	0	0
3.998	1	1	400	9	3	28	2196	0	0	0
4.001	1	1	401	2	3	28	2196	0	0	0
4.004	1	1	401	5	3	28	2196	0	0	0
4.007	1	1	401	8	3	28	2196	0	0	0
4.01	1	1	402	1	3	28	2196	0	0	0
4.013	1	1	402	4	3	28	2196	0	0	0
4.016	1	1	402	7	3	28	2196	0	0	0
4.019	1	1	402	10	3	28	2196	0	0	0
4.022	1	1	403	3	3	28	2196	0	0	0
4.025	1	1	403	6	3	28	2196	0	0	0
4.028	1	1	403	9	3	28	2196	0	0	0
4.031	1	1	404	2	3	28	2196	0	0	0
4.034	1	1	404	5	3	28	2196	0	0	0
4.037	1	1	404	8	3	28	2196	0	0	0
4.04	1	1	405	1	3	28	2196	0	0	0
4.043	1	1	405	4	3	28	2196	0	0	0
4.046	1	1	405	7	3	28	2196	0	0	0
4.049	1	1	405	10	3	28	2196	0	0	0
4.052	1	1	406	3	3	28	2196	0	0	0
4.055	1	1	406	6	3	28	2196	0	0	0
4.058	1	1	406	9	3	28	2196	0	0	0
4.061	1	1	407	2	3	28	2196	0	0	0
4.064	1	1	407	5	3	28	2196	0	0	0
4.067	1	1	407	8	3	28	2196	0	0	0
4.07	1	1	408	1	3	28	2196	0	0	0
4.073	1	1	408	4	3	28	2196	0	0	0
4.076	1	1	408	7	3	28	2196	0	0	0
4.079	1	1	408	10	3	28	2196	0	0	0
4.082	1	1	409	3	3	28	2196	0	0	0
4.085	1	1	409	6	3	28	2196	0	0	0
4.088	1	1	409	9	3	28	2196	0	0	0
4.091	1	1	410	2	3	28	2196	0	0	0
4.094	1	1	410	5	3	28	2196	0	0	0
4.097	1	1	410	8	3	28	2196	0	0	0
4.1	1	1	411	1	3	28	2196	0	0	0
4.103	1	1	411	4	3	28	2196	0	0	0
4.106	1	1	411	7	3	28	2196	0	0	0
4.109	1	1	411	10	3	28	2196	0	0	0
4.112	1	1	412	3	3	28	2196	0	0	0
4.115	1	1	412	6	3	28	2196	0	0	0
4.118	1	1	412	9	3	28	2196	0	0	0
4.121	1	1	413	2	3	28	2196	0	0	0
4.124	1	1	413	5	3	28	2196	0	0	0
4.127	1	1	413	8	3	28	2196	0	0	0
4.13	1	1	414	1	3	28	2196	0	0	0
4.133	1	1	414	4	3	28	2196	0	0	0
4.136	1	1	414	7	3	28	2196	0	0	0
4.139	1	1	414	10	3	28	2196	0	0	0
4.142	1	1	415	3	3	28	2196	0	0	0
4.145	1	1	415	6	3	28	2196	0	0	0
4.148	1	1	415	9	3	28	2196	0	0	0
4.151	1	1	416	2	3	28	2196	0	0	0
4.154	1	1	416	5	3	28	2196	0	0	0
4.157	1	1	416	8	3	28	2196	0	0	0
4.16	1	1	417	1	3	28	2196	0	0	0
4.163	1	1	417	4	3	28	2196	0	0	0
4.166	1	1	417	7	3	28	2196	0	0	0
4.169	1	1	417	10	3	28	2196	0	0	0
4.172	1	1	418	3	3	28	2196	0	0	0
4.175	1	1	418	6	3	28	2196	0	0	0
4.178	1	1	418	9	3	28	2196	0	0	0
4.181	1	1	419	2	3	28	2196	0	0	0
4.184	1	1	419	5	3	28	2196	0	0	0
4.187	1	1	419	8	3	28	2196	0	0	0
4.19	1	1	420	1	3	28	2196	0	0	0
4.193	1	1	420	4	3	28	2196	0	0	0
4.196	1	1	420	7	3	28	2196	0	0	0
4.199	1	1	420	10	3	28	2196	0	0	0
4.202	1	1	421	3	3	28	2196	0	0	0
4.205	1	1	421	6	3	28	2196	0	0	0
4.208	1	1	421	9	3	28	2196	0	0	0
4.211	1	1	422	2	3	28	2196	0	0	0
4.214	1	1	422	5	3	28	2196	0	0	0
4.217	1	1	422	8	3	28	2196	0	0	0
4.22	1	1	423	1	3	28	2196	0	0	0
4.223	1	1	423	4	3	28	2196	0	0	0
4.226	1	1	423	7	3	28	2196	0	0	0
4.229	1	1	423	10	3	28	2196	0	0	0
4.232	1	1	424	3	3	28	2196	0	0	0
4.235	1	1	424	6	3	28	2196	0	0	0
4.238	1	1	424	9	3	28	2196	0	0	0
4.241	1	1	425	2	3	28	2196	0	0	0
4.244	1	1	425	5	3	28	2196	0	0	0
4.247	1	1	425	8	3	28	2196	0	0	0
4.25	1	1	426	1	3	28	2196	0	0	0
4.253	1	1	426	4	3	28	2196	0	0	0
4.256	1	1	426	7	3	28	2196	0	0	0
4.259	1	1	426	10	3	28	2196	0	0	0
4.262	1	1	427	3	3	28	2196	0	0	0
4.265	1	1	427	6	3	28	2196	0	0	0
4.268	1	1	427	9	3	28	2196	0	0	0
4.271	1	1	428	2	3	28	2196	0	0	0
4.274	1	1	428	5	3	28	2196	0	0	0
4.277	1	1	428	8	3	28	2196	0	0	0
4.28	1	1	429	1	3	28	2196	0	0	0
4.283	1	1	429	4	3	28	2196	0	0	0
4.286	1	1	429	7	3	28	2196	0	0	0
4.289	1	1	429	10	3	28	2196	0	0	0
4.292	1	1	430	3	3	28	2196	0	0	0
4.295	1	1	430	6	3	28	2196	0	0	0
4.298	1	1	430	9	3	28	2196	0	0	0
4.301	1	1	431	2	3	28	2196	0	0	0
4.304	1	1	431	5	3	28	2196	0	0	0
4.307	1	1	431	8	3	28	2196	0	0	0
4.31	1	1	432	1	3	28	2196	0	0	0
4.313	1	1	432	4	3	28	2196	0	0	0
4.316	1	1	432	7	3	28	2196	0	0	0
4.319	1	1	432	10	3	28	2196	0	0	0
4.322	1	1	433	3	3	28	2196	0	0	0
4.325	1	1	433	6	3	28	2196	0	0	0
4.328	1	1	433	9	3	28	2196	0	0	0
4.331	1	1	434	2	3	28	2196	0	0	0
4.334	1	1	434	5	3	28	2196	0	0	0
4.337	1	1	434	8	3	28	2196	0	0	0
4.34	1	1	435	1	3	28	2196	0	0	0
4.343	1	1	435	4	3	28	2196	0	0	0
4.346	1	1	435	7	3	28	2196	0	0	0
4.349	1	1	435	10	3	28	2196	0	0	0
4.352	1	1	436	3	3	28	2196	0	0	0
4.355	1	1	436	6	3	28	2196	0	0	0
4.358	1	1	436	9	3	28	2196	0	0	0
4.361	1	1	437	2	3	28	2196	0	0	0
4.364	1	1	437	5	3	28	2196	0	0	0
4.367	1	1	437	8	3	28	2196	0	0	0
4.37	1	1	438	1	3	28	2196	0	0	0
4.373	1	1	438	4	3	28	2196	0	0	0
4.376	1	1	438	7	3	28	2196	0	0	0
4.379	1	1	438	10	3	28	2196	0	0	0
4.382	1	1	439	3	3	28	2196	0	0	0
4.385	1	1	439	6	3	28	2196	0	0	0
4.388	1	1	439	9	3	28	2196	0	0	0
4.391	1	1	440	2	3	28	2196	0	0	0
4.394	1	1	440	5	3	28	2196	0	0	0
4.397	1	1	440	8	3	28	2196	0	0	0
4.4	1	1	441	1	3	28	2196	0	0	0
4.403	1	1	441	4	3	28	2196	0	0	0
4.406	1	1	441	7	3	28	2196	0	0	0
4.409	1	1	441	10	3	28	2196	0	0	0
4.412	1	1	442	3	3	28	2196	0	0	0
4.415	1	1	442	6	3	28	2196	0	0	0
4.418	1	1	442	9	3	28	2196	0	0	0
4.421	1	1	443	2	3	28	2196	0	0	0
4.424	1	1	443	5	3	28	2196	0	0	0
4.427	1	1	443	8	3	28	2196	0	0	0
4.43	1	1	444	1	3	28	2196	0	0	0
4.433	1	1	444	4	3	28	2196	0	0	0
4.436	1	1	444	7	3	28	2196	0	0	0
4.439	1	1	444	10	3	28	2196	0	0	0
4.442	1	1	445	3	3	28	2196	0	0	0
4.445	1	1	445	6	3	28	2196	0	0	0
4.448	1	1	445	9	3	28	2196	0	0	0
4.451	1	1	446	2	3	28	2196	0	0	0
4.454	1	1	446	5	3	28	2196	0	0	0
4.457	1	1	446	8	3	28	2196	0	0	0
4.46	1	1	447	1	3	28	2196	0	0	0
4.463	1	1	447	4	3	28	2196	0	0	0
4.466	1	1	447	7	3	28	2196	0	0	0
4.469	1	1	447	10	3	28	2196	0	0	0
4.472	1	1	448	3	3	28	2196	0	0	0
4.475	1	1	448	6	3	28	2196	0	0	0
4.478	1	1	448	9	3	28	2196	0	0	0
4.481	1	1	449	2	3	28	2196	0	0	0
4.484	1	1	449	5	3	28	2196	0	0	0
4.487	1	1	449	8	3	28	2196	0	0	0
4.49	1	1	450	1	3	28	2196	0	0	0
4.493	1	1	450	4	3	28	2196	0	0	0
4.496	1	1	450	7	3	28	2196	0	0	0
4.499	1	1	450	10	3	28	2196	0	0	0
4.502	1	1	451	3	3	28	2196	0	0	0
4.505	1	1	451	6	3	28	2196	0	0	0
4.508	1	1	451	9	3	28	2196	0	0	0
4.511	1	1	452	2	3	28	2196	0	0	0
4.514	1	1	452	5	3	28	2196	0	0	0
4.517	1	1	452	8	3	28	2196	0	0	0
4.52	1	1	453	1	3	28	2196	0	0	0
4.523	1	1	453	4	3	28	2196	0	0	0
4.526	1	1	453	7	3	28	2196	0	0	0
4.529	1	1	453	10	3	28	2196	0	0	0
4.532	1	1	454	3	3	28	2196	0	0	0
4.535	1	1	454	6	3	28	2196	0	0	0
4.538	1	1	454	9	3	28	2196	0	0	0
4.541	1	1	455	2	3	28	2196	0	0	0
4.544	1	1	455	5	3	28	2196	0	0	0
4.547	1	1	455	8	3	28	2196	0	0	0
4.55	1	1	456	1	3	28	2196	0	0	0
4.553	1	1	456	4	3	28	2196	0	0	0
4.556	1	1	456	7	3	28	2196	0	0	0
4.559	1	1	456	10	3	28	2196	0	0	0
4.562	1	1	457	3	3	28	2196	0	0	0
4.565	1	1	457	6	3	28	2196	0	0	0
4.568	1	1	457	9	3	28	2196	0	0	0
4.571	1	1	458	2	3	28	2196	0	0	0
4.574	1	1	458	5	3	28	2196	0	0	0
4.577	1	1	458	8	3	28	2196	0	0	0
4.58	1	1	459	1	3	28	2196	0	0	0
4.583	1	1	459	4	3	28	2196	0	0	0
4.586	1	1	459	7	3	28	2196	0	0	0
4.589	1	1	459	10	3	28	2196	0	0	0
4.592	1	1	460	3	3	28	2196	0	0	0
4.595	1	1	460	6	3	28	2196	0	0	0
4.598	1	1	460	9	3	28	2196	0	0	0
4.601	1	1	461	2	3	28	2196	0	0	0
4.604	1	1	461	5	3	28	2196	0	0	0
4.607	1	1	461	8	3	28	2196	0	0	0
4.61	1	1	462	1	3	28	2196	0	0	0
4.613	1	1	462	4	3	28	2196	0	0	0
4.616	1	1	462	7	3	28	2196	0	0	0
4.619	1	1	462	10	3	28	2196	0	0	0
4.622	1	1	463	3	3	28	2196	0	0	0
4.625	1	1	463	6	3	28	2196	0	0	0
4.628	1	1	463	9	3	28	2196	0	0	0
4.631	1	1	464	2	3	28	2196	0	0	0
4.634	1	1	464	5	3	28	2196	0	0	0
4.637	1	1	464	8	3	28	2196	0	0	0
4.64	1	1	465	1	3	28	2196	0	0	0
4.643	1	1	465	4	3	28	2196	0	0	0
4.646	1	1	465	7	3	28	2196	0	0	0
4.649	1	1	465	10	3	28	2196	0	0	0
4.652	1	1	466	3	3	28	2196	0	0	0
4.655	1	1	466	6	3	28	2196	0	0	0
4.658	1	1	466	9	3	28	2196	0	0	0
4.661	1	1	467	2	3	28	2196	0	0	0
4.664	1	1	467	5	3	28	2196	0	0	0
4.667	1	1	467	8	3	28	2196	0	0	0
4.67	1	1	468	1	3	28	2196	0	0	0
4.673	1	1	468	4	3	28	2196	0	0	0
4.676	1	1	468	7	3	28	2196	0	0	0
4.679	1	1	468	10	3	28	2196	0	0	0
4.682	1	1	469	3	3	28	2196	0	0	0
4.685	1	1	469	6	3	28	2196	0	0	0
4.688	1	1	469	9	3	28	2196	0	0	0
4.691	1	1	470	2	3	28	2196	0	0	0
4.694	1	1	470	5	3	28	2196	0	0	0
4.697	1	1	470	8	3	28	2196	0	0	0
4.7	1	1	471	1	3	28	2196	0	0	0
4.703	1	1	471	4	3	28	2196	0	0	0
4.706	1	1	471	7	3	28	2196	0	0	0
4.709	1	1	471	10	3	28	2196	0	0	0
4.712	1	1	472	3	3	28	2196	0	0	0
4.715	1	1	472	6	3	28	2196	0	0	0
4.718	1	1	472	9	3	28	2196	0	0	0
4.721	1	1	473	2	3	28	2196	0	0	0
4.724	1	1	473	5	3	28	2196	0	0	0
4.727	1	1	473	8	3	28	2196	0	0	0
4.73	1	1	474	1	3	28	2196	0	0	0
4.733	1	1	474	4	3	28	2196	0	0	0
4.736	1	1	474	7	3	28	2196	0	0	0
4.739	1	1	474	10	3	28	2196	0	0	0
4.742	1	1	475	3	3	28	2196	0	0	0
4.745	1	1	475	6	3	28	2196	0	0	0
4.748	1	1	475	9	3	28	2196	0	0	0
4.751	1	1	476	2	3	28	2196	0	0	0
4.754	1	1	476	5	3	28	2196	0	0	0
4.757	1	1	476	8	3	28	2196	0	0	0
4.76	1	1	477	1	3	28	2196	0	0	0
4.763	1	1	477	4	3	28	2196	0	0	0
4.766	1	1	477	7	3	28	2196	0	0	0
4.769	1	1	477	10	3	28	2196	0	0	0
4.772	1	1	478	3	3	28	2196	0	0	0
4.775	1	1	478	6	3	28	2196	0	0	0
4.778	1	1	478	9	3	28	2196	0	0	0
4.781	1	1	479	2	3	28	2196	0	0	0
4.784	1	1	479	5	3	28	2196	0	0	0
4.787	1	1	479	8	3	28	2196	0	0	0
4.79	1	1	480	1	3	28	2196	0	0	0
4.793	1	1	480	4	3	28	2196	0	0	0
4.796	1	1	480	7	3	28	2196	0	0	0
4.799	1	1	480	10	3	28	2196	0	0	0
4.802	1	1	481	3	3	28	2196	0	0	0
4.805	1	1	481	6	3	28	2196	0	0	0
4.808	1	1	481	9	3	28	2196	0	0	0
4.811	1	1	482	2	3	28	2196	0	0	0
4.814	1	1	482	5	3	28	2196	0	0	0
4.817	1	1	482	8	3	28	2196	0	0	0
4.82	1	1	483	1	3	28	2196	0	0	0
4.823	1	1	483	4	3	28	2196	0	0	0
4.826	1	1	483	7	3	28	2196	0	0	0
4.829	1	1	483	10	3	28	2196	0	0	0
4.832	1	1	484	3	3	28	2196	0	0	0
4.835	1	1	484	6	3	28	2196	0	0	0
4.838	1	1	484	9	3	28	2196	0	0	0
4.841	1	1	485	2	3	28	2196	0	0	0
4.844	1	1	485	5	3	28	2196	0	0	0
4.847	1	1	485	8	3	28	2196	0	0	0
4.85	1	1	486	1	3	28	2196	0	0	0
4.853	1	1	486	4	3	28	2196	0	0	0
4.856	1	1	486	7	3	28	2196	0	0	0
4.859	1	1	486	10	3	28	2196	0	0	0
4.862	1	1	487	3	3	28	2196	0	0	0
4.865	1	1	487	6	3	28	2196	0	0	0
4.868	1	1	487	9	3	28	2196	0	0	0
4.871	1	1	488	2	3	28	2196	0	0	0
4.874	1	1	488	5	3	28	2196	0	0	0
4.877	1	1	488	8	3	28	2196	0	0	0
4.88	1	1	489	1	3	28	2196	0	0	0
4.883	1	1	489	4	3	28	2196	0	0	0
4.886	1	1	489	7	3	28	2196	0	0	0
4.889	1	1	489	10	3	28	2196	0	0	0
4.892	1	1	490	3	3	28	2196	0	0	0
4.895	1	1	490	6	3	28	2196	0	0	0
4.898	1	1	490	9	3	28	2196	0	0	0
4.901	1	1	491	2	3	28	2196	0	0	0
4.904	1	1	491	5	3	28	2196	0	0	0
4.907	1	1	491	8	3	28	2196	0	0	0
4.91	1	1	492	1	3	28	2196	0	0	0
4.913	1	1	492	4	3	28	2196	0	0	0
4.916	1	1	492	7	3	28	2196	0	0	0
4.919	1	1	492	10	3	28	2196	0	0	0
4.922	1	1	493	3	3	28	2196	0	0	0
4.925	1	1	493	6	3	28	2196	0	0	0
4.928	1	1	493	9	3	28	2196	0	0	0
4.931	1	1	494	2	3	28	2196	0	0	0
4.934	1	1	494	5	3	28	2196	0	0	0
4.937	1	1	494	8	3	28	2196	0	0	0
4.94	1	1	495	1	3	28	2196	0	0	0
4.943	1	1	495	4	3	28	2196	0	0	0
4.946	1	1	495	7	3	28	2196	0	0	0
4.949	1	1	495	10	3	28	2196	0	0	0
4.952	1	1	496	3	3	28	2196	0	0	0
4.955	1	1	496	6	3	28	2196	0	0	0
4.958	1	1	496	9	3	28	2196	0	0	0
4.961	1	1	497	2	3	28	2196	0	0	0
4.964	1	1	497	5	3	28	2196	0	0	0
4.967	1	1	497	8	3	28	2196	0	0	0
4.97	1	1	498	1	3	28	2196	0	0	0
4.973	1	1	498	4	3	28	2196	0	0	0
4.976	1	1	498	7	3	28	2196	0	0	0
4.979	1	1	498	10	3	28	2196	0	0	0
4.982	1	1	499	3	3	28	2196	0	0	0
4.985	1	1	499	6	3	28	2196	0	0	0
4.988	1	1	499	9	3	28	2196	0	0	0
4.991	1	1	500	2	3	28	2196	0	0	0
4.994	1	1	500	5	3	28	2196	0	0	0
4.997	1	1	500	8	3	28	2196	0	0	0
