% time	cellId	IMSI	frame	sframe	RNTI	mcsTb1	sizeTb1	mcsTb2	sizeTb2	ccId
0.022	1	2	3	3	2	0	81	0	0	0
0.025	1	2	3	6	2	0	81	0	0	0
0.028	1	2	3	9	2	28	2196	0	0	0
0.031	1	2	4	2	2	28	2196	0	0	0
0.034	1	2	4	5	2	28	2196	0	0	0
0.037	1	2	4	8	2	28	2196	0	0	0
0.04	1	2	5	1	2	28	2196	0	0	0
0.043	1	2	5	4	2	28	2196	0	0	0
0.046	1	2	5	7	2	28	2196	0	0	0
0.049	1	2	5	10	2	28	2196	0	0	0
0.052	1	2	6	3	2	28	2196	0	0	0
0.055	1	2	6	6	2	28	2196	0	0	0
0.058	1	2	6	9	2	28	2196	0	0	0
0.061	1	2	7	2	2	28	2196	0	0	0
0.064	1	2	7	5	2	28	2196	0	0	0
0.067	1	2	7	8	2	28	2196	0	0	0
0.07	1	2	8	1	2	28	2196	0	0	0
0.073	1	2	8	4	2	28	2196	0	0	0
0.076	1	2	8	7	2	28	2196	0	0	0
0.079	1	2	8	10	2	28	2196	0	0	0
0.082	1	2	9	3	2	28	2196	0	0	0
0.085	1	2	9	6	2	28	2196	0	0	0
0.088	1	2	9	9	2	28	2196	0	0	0
0.091	1	2	10	2	2	28	2196	0	0	0
0.094	1	2	10	5	2	28	2196	0	0	0
0.097	1	2	10	8	2	28	2196	0	0	0
0.1	1	2	11	1	2	28	2196	0	0	0
0.103	1	2	11	4	2	28	2196	0	0	0
0.106	1	2	11	7	2	28	2196	0	0	0
0.109	1	2	11	10	2	28	2196	0	0	0
0.112	1	2	12	3	2	28	2196	0	0	0
0.115	1	2	12	6	2	28	2196	0	0	0
0.118	1	2	12	9	2	28	2196	0	0	0
0.121	1	2	13	2	2	28	2196	0	0	0
0.124	1	2	13	5	2	28	2196	0	0	0
0.127	1	2	13	8	2	28	2196	0	0	0
0.13	1	2	14	1	2	28	2196	0	0	0
0.133	1	2	14	4	2	28	2196	0	0	0
0.136	1	2	14	7	2	28	2196	0	0	0
0.139	1	2	14	10	2	28	2196	0	0	0
0.142	1	2	15	3	2	28	2196	0	0	0
0.145	1	2	15	6	2	28	2196	0	0	0
0.148	1	2	15	9	2	28	2196	0	0	0
0.151	1	2	16	2	2	28	2196	0	0	0
0.154	1	2	16	5	2	28	2196	0	0	0
0.157	1	2	16	8	2	28	2196	0	0	0
0.16	1	2	17	1	2	28	2196	0	0	0
0.163	1	2	17	4	2	28	2196	0	0	0
0.166	1	2	17	7	2	28	2196	0	0	0
0.169	1	2	17	10	2	28	2196	0	0	0
0.172	1	2	18	3	2	28	2196	0	0	0
0.175	1	2	18	6	2	28	2196	0	0	0
0.178	1	2	18	9	2	28	2196	0	0	0
0.181	1	2	19	2	2	28	2196	0	0	0
0.184	1	2	19	5	2	28	2196	0	0	0
0.187	1	2	19	8	2	28	2196	0	0	0
0.19	1	2	20	1	2	28	2196	0	0	0
0.193	1	2	20	4	2	28	2196	0	0	0
0.196	1	2	20	7	2	28	2196	0	0	0
0.199	1	2	20	10	2	28	2196	0	0	0
0.202	1	2	21	3	2	28	2196	0	0	0
0.205	1	2	21	6	2	28	2196	0	0	0
0.208	1	2	21	9	2	28	2196	0	0	0
0.211	1	2	22	2	2	28	2196	0	0	0
0.214	1	2	22	5	2	28	2196	0	0	0
0.217	1	2	22	8	2	28	2196	0	0	0
0.22	1	2	23	1	2	28	2196	0	0	0
0.223	1	2	23	4	2	28	2196	0	0	0
0.226	1	2	23	7	2	28	2196	0	0	0
0.229	1	2	23	10	2	28	2196	0	0	0
0.232	1	2	24	3	2	28	2196	0	0	0
0.235	1	2	24	6	2	28	2196	0	0	0
0.238	1	2	24	9	2	28	2196	0	0	0
0.241	1	2	25	2	2	28	2196	0	0	0
0.244	1	2	25	5	2	28	2196	0	0	0
0.247	1	2	25	8	2	28	2196	0	0	0
0.25	1	2	26	1	2	28	2196	0	0	0
0.253	1	2	26	4	2	28	2196	0	0	0
0.256	1	2	26	7	2	28	2196	0	0	0
0.259	1	2	26	10	2	28	2196	0	0	0
0.262	1	2	27	3	2	28	2196	0	0	0
0.265	1	2	27	6	2	28	2196	0	0	0
0.268	1	2	27	9	2	28	2196	0	0	0
0.271	1	2	28	2	2	28	2196	0	0	0
0.274	1	2	28	5	2	28	2196	0	0	0
0.277	1	2	28	8	2	28	2196	0	0	0
0.28	1	2	29	1	2	28	2196	0	0	0
0.283	1	2	29	4	2	28	2196	0	0	0
0.286	1	2	29	7	2	28	2196	0	0	0
0.289	1	2	29	10	2	28	2196	0	0	0
0.292	1	2	30	3	2	28	2196	0	0	0
0.295	1	2	30	6	2	28	2196	0	0	0
0.298	1	2	30	9	2	28	2196	0	0	0
0.301	1	2	31	2	2	28	2196	0	0	0
0.304	1	2	31	5	2	28	2196	0	0	0
0.307	1	2	31	8	2	28	2196	0	0	0
0.31	1	2	32	1	2	28	2196	0	0	0
0.313	1	2	32	4	2	28	2196	0	0	0
0.316	1	2	32	7	2	28	2196	0	0	0
0.319	1	2	32	10	2	28	2196	0	0	0
0.322	1	2	33	3	2	28	2196	0	0	0
0.325	1	2	33	6	2	28	2196	0	0	0
0.328	1	2	33	9	2	28	2196	0	0	0
0.331	1	2	34	2	2	28	2196	0	0	0
0.334	1	2	34	5	2	28	2196	0	0	0
0.337	1	2	34	8	2	28	2196	0	0	0
0.34	1	2	35	1	2	28	2196	0	0	0
0.343	1	2	35	4	2	28	2196	0	0	0
0.346	1	2	35	7	2	28	2196	0	0	0
0.349	1	2	35	10	2	28	2196	0	0	0
0.352	1	2	36	3	2	28	2196	0	0	0
0.355	1	2	36	6	2	28	2196	0	0	0
0.358	1	2	36	9	2	28	2196	0	0	0
0.361	1	2	37	2	2	28	2196	0	0	0
0.364	1	2	37	5	2	28	2196	0	0	0
0.367	1	2	37	8	2	28	2196	0	0	0
0.37	1	2	38	1	2	28	2196	0	0	0
0.373	1	2	38	4	2	28	2196	0	0	0
0.376	1	2	38	7	2	28	2196	0	0	0
0.379	1	2	38	10	2	28	2196	0	0	0
0.382	1	2	39	3	2	28	2196	0	0	0
0.385	1	2	39	6	2	28	2196	0	0	0
0.388	1	2	39	9	2	28	2196	0	0	0
0.391	1	2	40	2	2	28	2196	0	0	0
0.394	1	2	40	5	2	28	2196	0	0	0
0.397	1	2	40	8	2	28	2196	0	0	0
0.4	1	2	41	1	2	28	2196	0	0	0
0.403	1	2	41	4	2	28	2196	0	0	0
0.406	1	2	41	7	2	28	2196	0	0	0
0.409	1	2	41	10	2	28	2196	0	0	0
0.412	1	2	42	3	2	28	2196	0	0	0
0.415	1	2	42	6	2	28	2196	0	0	0
0.418	1	2	42	9	2	28	2196	0	0	0
0.421	1	2	43	2	2	28	2196	0	0	0
0.424	1	2	43	5	2	28	2196	0	0	0
0.427	1	2	43	8	2	28	2196	0	0	0
0.43	1	2	44	1	2	28	2196	0	0	0
0.433	1	2	44	4	2	28	2196	0	0	0
0.436	1	2	44	7	2	28	2196	0	0	0
0.439	1	2	44	10	2	28	2196	0	0	0
0.442	1	2	45	3	2	28	2196	0	0	0
0.445	1	2	45	6	2	28	2196	0	0	0
0.448	1	2	45	9	2	28	2196	0	0	0
0.451	1	2	46	2	2	28	2196	0	0	0
0.454	1	2	46	5	2	28	2196	0	0	0
0.457	1	2	46	8	2	28	2196	0	0	0
0.46	1	2	47	1	2	28	2196	0	0	0
0.463	1	2	47	4	2	28	2196	0	0	0
0.466	1	2	47	7	2	28	2196	0	0	0
0.469	1	2	47	10	2	28	2196	0	0	0
0.472	1	2	48	3	2	28	2196	0	0	0
0.475	1	2	48	6	2	28	2196	0	0	0
0.478	1	2	48	9	2	28	2196	0	0	0
0.481	1	2	49	2	2	28	2196	0	0	0
0.484	1	2	49	5	2	28	2196	0	0	0
0.487	1	2	49	8	2	28	2196	0	0	0
0.49	1	2	50	1	2	28	2196	0	0	0
0.493	1	2	50	4	2	28	2196	0	0	0
0.496	1	2	50	7	2	28	2196	0	0	0
0.499	1	2	50	10	2	28	2196	0	0	0
0.502	1	2	51	3	2	28	2196	0	0	0
0.505	1	2	51	6	2	28	2196	0	0	0
0.508	1	2	51	9	2	28	2196	0	0	0
0.511	1	2	52	2	2	28	2196	0	0	0
0.514	1	2	52	5	2	28	2196	0	0	0
0.517	1	2	52	8	2	28	2196	0	0	0
0.52	1	2	53	1	2	28	2196	0	0	0
0.523	1	2	53	4	2	28	2196	0	0	0
0.526	1	2	53	7	2	28	2196	0	0	0
0.529	1	2	53	10	2	28	2196	0	0	0
0.532	1	2	54	3	2	28	2196	0	0	0
0.535	1	2	54	6	2	28	2196	0	0	0
0.538	1	2	54	9	2	28	2196	0	0	0
0.541	1	2	55	2	2	28	2196	0	0	0
0.544	1	2	55	5	2	28	2196	0	0	0
0.547	1	2	55	8	2	28	2196	0	0	0
0.55	1	2	56	1	2	28	2196	0	0	0
0.553	1	2	56	4	2	28	2196	0	0	0
0.556	1	2	56	7	2	28	2196	0	0	0
0.559	1	2	56	10	2	28	2196	0	0	0
0.562	1	2	57	3	2	28	2196	0	0	0
0.565	1	2	57	6	2	28	2196	0	0	0
0.568	1	2	57	9	2	28	2196	0	0	0
0.571	1	2	58	2	2	28	2196	0	0	0
0.574	1	2	58	5	2	28	2196	0	0	0
0.577	1	2	58	8	2	28	2196	0	0	0
0.58	1	2	59	1	2	28	2196	0	0	0
0.583	1	2	59	4	2	28	2196	0	0	0
0.586	1	2	59	7	2	28	2196	0	0	0
0.589	1	2	59	10	2	28	2196	0	0	0
0.592	1	2	60	3	2	28	2196	0	0	0
0.595	1	2	60	6	2	28	2196	0	0	0
0.598	1	2	60	9	2	28	2196	0	0	0
0.601	1	2	61	2	2	28	2196	0	0	0
0.604	1	2	61	5	2	28	2196	0	0	0
0.607	1	2	61	8	2	28	2196	0	0	0
0.61	1	2	62	1	2	28	2196	0	0	0
0.613	1	2	62	4	2	28	2196	0	0	0
0.616	1	2	62	7	2	28	2196	0	0	0
0.619	1	2	62	10	2	28	2196	0	0	0
0.622	1	2	63	3	2	28	2196	0	0	0
0.625	1	2	63	6	2	28	2196	0	0	0
0.628	1	2	63	9	2	28	2196	0	0	0
0.631	1	2	64	2	2	28	2196	0	0	0
0.634	1	2	64	5	2	28	2196	0	0	0
0.637	1	2	64	8	2	28	2196	0	0	0
0.64	1	2	65	1	2	28	2196	0	0	0
0.643	1	2	65	4	2	28	2196	0	0	0
0.646	1	2	65	7	2	28	2196	0	0	0
0.649	1	2	65	10	2	28	2196	0	0	0
0.652	1	2	66	3	2	28	2196	0	0	0
0.655	1	2	66	6	2	28	2196	0	0	0
0.658	1	2	66	9	2	28	2196	0	0	0
0.661	1	2	67	2	2	28	2196	0	0	0
0.664	1	2	67	5	2	28	2196	0	0	0
0.667	1	2	67	8	2	28	2196	0	0	0
0.67	1	2	68	1	2	28	2196	0	0	0
0.673	1	2	68	4	2	28	2196	0	0	0
0.676	1	2	68	7	2	28	2196	0	0	0
0.679	1	2	68	10	2	28	2196	0	0	0
0.682	1	2	69	3	2	28	2196	0	0	0
0.685	1	2	69	6	2	28	2196	0	0	0
0.688	1	2	69	9	2	28	2196	0	0	0
0.691	1	2	70	2	2	28	2196	0	0	0
0.694	1	2	70	5	2	28	2196	0	0	0
0.697	1	2	70	8	2	28	2196	0	0	0
0.7	1	2	71	1	2	28	2196	0	0	0
0.703	1	2	71	4	2	28	2196	0	0	0
0.706	1	2	71	7	2	28	2196	0	0	0
0.709	1	2	71	10	2	28	2196	0	0	0
0.712	1	2	72	3	2	28	2196	0	0	0
0.715	1	2	72	6	2	28	2196	0	0	0
0.718	1	2	72	9	2	28	2196	0	0	0
0.721	1	2	73	2	2	28	2196	0	0	0
0.724	1	2	73	5	2	28	2196	0	0	0
0.727	1	2	73	8	2	28	2196	0	0	0
0.73	1	2	74	1	2	28	2196	0	0	0
0.733	1	2	74	4	2	28	2196	0	0	0
0.736	1	2	74	7	2	28	2196	0	0	0
0.739	1	2	74	10	2	28	2196	0	0	0
0.742	1	2	75	3	2	28	2196	0	0	0
0.745	1	2	75	6	2	28	2196	0	0	0
0.748	1	2	75	9	2	28	2196	0	0	0
0.751	1	2	76	2	2	28	2196	0	0	0
0.754	1	2	76	5	2	28	2196	0	0	0
0.757	1	2	76	8	2	28	2196	0	0	0
0.76	1	2	77	1	2	28	2196	0	0	0
0.763	1	2	77	4	2	28	2196	0	0	0
0.766	1	2	77	7	2	28	2196	0	0	0
0.769	1	2	77	10	2	28	2196	0	0	0
0.772	1	2	78	3	2	28	2196	0	0	0
0.775	1	2	78	6	2	28	2196	0	0	0
0.778	1	2	78	9	2	28	2196	0	0	0
0.781	1	2	79	2	2	28	2196	0	0	0
0.784	1	2	79	5	2	28	2196	0	0	0
0.787	1	2	79	8	2	28	2196	0	0	0
0.79	1	2	80	1	2	28	2196	0	0	0
0.793	1	2	80	4	2	28	2196	0	0	0
0.796	1	2	80	7	2	28	2196	0	0	0
0.799	1	2	80	10	2	28	2196	0	0	0
0.802	1	2	81	3	2	28	2196	0	0	0
0.805	1	2	81	6	2	28	2196	0	0	0
0.808	1	2	81	9	2	28	2196	0	0	0
0.811	1	2	82	2	2	28	2196	0	0	0
0.814	1	2	82	5	2	28	2196	0	0	0
0.817	1	2	82	8	2	28	2196	0	0	0
0.82	1	2	83	1	2	28	2196	0	0	0
0.823	1	2	83	4	2	28	2196	0	0	0
0.826	1	2	83	7	2	28	2196	0	0	0
0.829	1	2	83	10	2	28	2196	0	0	0
0.832	1	2	84	3	2	28	2196	0	0	0
0.835	1	2	84	6	2	28	2196	0	0	0
0.838	1	2	84	9	2	28	2196	0	0	0
0.841	1	2	85	2	2	28	2196	0	0	0
0.844	1	2	85	5	2	28	2196	0	0	0
0.847	1	2	85	8	2	28	2196	0	0	0
0.85	1	2	86	1	2	28	2196	0	0	0
0.853	1	2	86	4	2	28	2196	0	0	0
0.856	1	2	86	7	2	28	2196	0	0	0
0.859	1	2	86	10	2	28	2196	0	0	0
0.862	1	2	87	3	2	28	2196	0	0	0
0.865	1	2	87	6	2	28	2196	0	0	0
0.868	1	2	87	9	2	28	2196	0	0	0
0.871	1	2	88	2	2	28	2196	0	0	0
0.874	1	2	88	5	2	28	2196	0	0	0
0.877	1	2	88	8	2	28	2196	0	0	0
0.88	1	2	89	1	2	28	2196	0	0	0
0.883	1	2	89	4	2	28	2196	0	0	0
0.886	1	2	89	7	2	28	2196	0	0	0
0.889	1	2	89	10	2	28	2196	0	0	0
0.892	1	2	90	3	2	28	2196	0	0	0
0.895	1	2	90	6	2	28	2196	0	0	0
0.898	1	2	90	9	2	28	2196	0	0	0
0.901	1	2	91	2	2	28	2196	0	0	0
0.904	1	2	91	5	2	28	2196	0	0	0
0.907	1	2	91	8	2	28	2196	0	0	0
0.91	1	2	92	1	2	28	2196	0	0	0
0.913	1	2	92	4	2	28	2196	0	0	0
0.916	1	2	92	7	2	28	2196	0	0	0
0.919	1	2	92	10	2	28	2196	0	0	0
0.922	1	2	93	3	2	28	2196	0	0	0
0.925	1	2	93	6	2	28	2196	0	0	0
0.928	1	2	93	9	2	28	2196	0	0	0
0.931	1	2	94	2	2	28	2196	0	0	0
0.934	1	2	94	5	2	28	2196	0	0	0
0.937	1	2	94	8	2	28	2196	0	0	0
0.94	1	2	95	1	2	28	2196	0	0	0
0.943	1	2	95	4	2	28	2196	0	0	0
0.946	1	2	95	7	2	28	2196	0	0	0
0.949	1	2	95	10	2	28	2196	0	0	0
0.952	1	2	96	3	2	28	2196	0	0	0
0.955	1	2	96	6	2	28	2196	0	0	0
0.958	1	2	96	9	2	28	2196	0	0	0
0.961	1	2	97	2	2	28	2196	0	0	0
0.964	1	2	97	5	2	28	2196	0	0	0
0.967	1	2	97	8	2	28	2196	0	0	0
0.97	1	2	98	1	2	28	2196	0	0	0
0.973	1	2	98	4	2	28	2196	0	0	0
0.976	1	2	98	7	2	28	2196	0	0	0
0.979	1	2	98	10	2	28	2196	0	0	0
0.982	1	2	99	3	2	28	2196	0	0	0
0.985	1	2	99	6	2	28	2196	0	0	0
0.988	1	2	99	9	2	28	2196	0	0	0
0.991	1	2	100	2	2	28	2196	0	0	0
0.994	1	2	100	5	2	28	2196	0	0	0
0.997	1	2	100	8	2	28	2196	0	0	0
1	1	2	101	1	2	28	2196	0	0	0
1.003	1	2	101	4	2	28	2196	0	0	0
1.006	1	2	101	7	2	28	2196	0	0	0
1.009	1	2	101	10	2	28	2196	0	0	0
1.012	1	2	102	3	2	28	2196	0	0	0
1.015	1	2	102	6	2	28	2196	0	0	0
1.018	1	2	102	9	2	28	2196	0	0	0
1.021	1	2	103	2	2	28	2196	0	0	0
1.024	1	2	103	5	2	28	2196	0	0	0
1.027	1	2	103	8	2	28	2196	0	0	0
1.03	1	2	104	1	2	28	2196	0	0	0
1.033	1	2	104	4	2	28	2196	0	0	0
1.036	1	2	104	7	2	28	2196	0	0	0
1.039	1	2	104	10	2	28	2196	0	0	0
1.042	1	2	105	3	2	28	2196	0	0	0
1.045	1	2	105	6	2	28	2196	0	0	0
1.048	1	2	105	9	2	28	2196	0	0	0
1.051	1	2	106	2	2	28	2196	0	0	0
1.054	1	2	106	5	2	28	2196	0	0	0
1.057	1	2	106	8	2	28	2196	0	0	0
1.06	1	2	107	1	2	28	2196	0	0	0
1.063	1	2	107	4	2	28	2196	0	0	0
1.066	1	2	107	7	2	28	2196	0	0	0
1.069	1	2	107	10	2	28	2196	0	0	0
1.072	1	2	108	3	2	28	2196	0	0	0
1.075	1	2	108	6	2	28	2196	0	0	0
1.078	1	2	108	9	2	28	2196	0	0	0
1.081	1	2	109	2	2	28	2196	0	0	0
1.084	1	2	109	5	2	28	2196	0	0	0
1.087	1	2	109	8	2	28	2196	0	0	0
1.09	1	2	110	1	2	28	2196	0	0	0
1.093	1	2	110	4	2	28	2196	0	0	0
1.096	1	2	110	7	2	28	2196	0	0	0
1.099	1	2	110	10	2	28	2196	0	0	0
1.102	1	2	111	3	2	28	2196	0	0	0
1.105	1	2	111	6	2	28	2196	0	0	0
1.108	1	2	111	9	2	28	2196	0	0	0
1.111	1	2	112	2	2	28	2196	0	0	0
1.114	1	2	112	5	2	28	2196	0	0	0
1.117	1	2	112	8	2	28	2196	0	0	0
1.12	1	2	113	1	2	28	2196	0	0	0
1.123	1	2	113	4	2	28	2196	0	0	0
1.126	1	2	113	7	2	28	2196	0	0	0
1.129	1	2	113	10	2	28	2196	0	0	0
1.132	1	2	114	3	2	28	2196	0	0	0
1.135	1	2	114	6	2	28	2196	0	0	0
1.138	1	2	114	9	2	28	2196	0	0	0
1.141	1	2	115	2	2	28	2196	0	0	0
1.144	1	2	115	5	2	28	2196	0	0	0
1.147	1	2	115	8	2	28	2196	0	0	0
1.15	1	2	116	1	2	28	2196	0	0	0
1.153	1	2	116	4	2	28	2196	0	0	0
1.156	1	2	116	7	2	28	2196	0	0	0
1.159	1	2	116	10	2	28	2196	0	0	0
1.162	1	2	117	3	2	28	2196	0	0	0
1.165	1	2	117	6	2	28	2196	0	0	0
1.168	1	2	117	9	2	28	2196	0	0	0
1.171	1	2	118	2	2	28	2196	0	0	0
1.174	1	2	118	5	2	28	2196	0	0	0
1.177	1	2	118	8	2	28	2196	0	0	0
1.18	1	2	119	1	2	28	2196	0	0	0
1.183	1	2	119	4	2	28	2196	0	0	0
1.186	1	2	119	7	2	28	2196	0	0	0
1.189	1	2	119	10	2	28	2196	0	0	0
1.192	1	2	120	3	2	28	2196	0	0	0
1.195	1	2	120	6	2	28	2196	0	0	0
1.198	1	2	120	9	2	28	2196	0	0	0
1.201	1	2	121	2	2	28	2196	0	0	0
1.204	1	2	121	5	2	28	2196	0	0	0
1.207	1	2	121	8	2	28	2196	0	0	0
1.21	1	2	122	1	2	28	2196	0	0	0
1.213	1	2	122	4	2	28	2196	0	0	0
1.216	1	2	122	7	2	28	2196	0	0	0
1.219	1	2	122	10	2	28	2196	0	0	0
1.222	1	2	123	3	2	28	2196	0	0	0
1.225	1	2	123	6	2	28	2196	0	0	0
1.228	1	2	123	9	2	28	2196	0	0	0
1.231	1	2	124	2	2	28	2196	0	0	0
1.234	1	2	124	5	2	28	2196	0	0	0
1.237	1	2	124	8	2	28	2196	0	0	0
1.24	1	2	125	1	2	28	2196	0	0	0
1.243	1	2	125	4	2	28	2196	0	0	0
1.246	1	2	125	7	2	28	2196	0	0	0
1.249	1	2	125	10	2	28	2196	0	0	0
1.252	1	2	126	3	2	28	2196	0	0	0
1.255	1	2	126	6	2	28	2196	0	0	0
1.258	1	2	126	9	2	28	2196	0	0	0
1.261	1	2	127	2	2	28	2196	0	0	0
1.264	1	2	127	5	2	28	2196	0	0	0
1.267	1	2	127	8	2	28	2196	0	0	0
1.27	1	2	128	1	2	28	2196	0	0	0
1.273	1	2	128	4	2	28	2196	0	0	0
1.276	1	2	128	7	2	28	2196	0	0	0
1.279	1	2	128	10	2	28	2196	0	0	0
1.282	1	2	129	3	2	28	2196	0	0	0
1.285	1	2	129	6	2	28	2196	0	0	0
1.288	1	2	129	9	2	28	2196	0	0	0
1.291	1	2	130	2	2	28	2196	0	0	0
1.294	1	2	130	5	2	28	2196	0	0	0
1.297	1	2	130	8	2	28	2196	0	0	0
1.3	1	2	131	1	2	28	2196	0	0	0
1.303	1	2	131	4	2	28	2196	0	0	0
1.306	1	2	131	7	2	28	2196	0	0	0
1.309	1	2	131	10	2	28	2196	0	0	0
1.312	1	2	132	3	2	28	2196	0	0	0
1.315	1	2	132	6	2	28	2196	0	0	0
1.318	1	2	132	9	2	28	2196	0	0	0
1.321	1	2	133	2	2	28	2196	0	0	0
1.324	1	2	133	5	2	28	2196	0	0	0
1.327	1	2	133	8	2	28	2196	0	0	0
1.33	1	2	134	1	2	28	2196	0	0	0
1.333	1	2	134	4	2	28	2196	0	0	0
1.336	1	2	134	7	2	28	2196	0	0	0
1.339	1	2	134	10	2	28	2196	0	0	0
1.342	1	2	135	3	2	28	2196	0	0	0
1.345	1	2	135	6	2	28	2196	0	0	0
1.348	1	2	135	9	2	28	2196	0	0	0
1.351	1	2	136	2	2	28	2196	0	0	0
1.354	1	2	136	5	2	28	2196	0	0	0
1.357	1	2	136	8	2	28	2196	0	0	0
1.36	1	2	137	1	2	28	2196	0	0	0
1.363	1	2	137	4	2	28	2196	0	0	0
1.366	1	2	137	7	2	28	2196	0	0	0
1.369	1	2	137	10	2	28	2196	0	0	0
1.372	1	2	138	3	2	28	2196	0	0	0
1.375	1	2	138	6	2	28	2196	0	0	0
1.378	1	2	138	9	2	28	2196	0	0	0
1.381	1	2	139	2	2	28	2196	0	0	0
1.384	1	2	139	5	2	28	2196	0	0	0
1.387	1	2	139	8	2	28	2196	0	0	0
1.39	1	2	140	1	2	28	2196	0	0	0
1.393	1	2	140	4	2	28	2196	0	0	0
1.396	1	2	140	7	2	28	2196	0	0	0
1.399	1	2	140	10	2	28	2196	0	0	0
1.402	1	2	141	3	2	28	2196	0	0	0
1.405	1	2	141	6	2	28	2196	0	0	0
1.408	1	2	141	9	2	28	2196	0	0	0
1.411	1	2	142	2	2	28	2196	0	0	0
1.414	1	2	142	5	2	28	2196	0	0	0
1.417	1	2	142	8	2	28	2196	0	0	0
1.42	1	2	143	1	2	28	2196	0	0	0
1.423	1	2	143	4	2	28	2196	0	0	0
1.426	1	2	143	7	2	28	2196	0	0	0
1.429	1	2	143	10	2	28	2196	0	0	0
1.432	1	2	144	3	2	28	2196	0	0	0
1.435	1	2	144	6	2	28	2196	0	0	0
1.438	1	2	144	9	2	28	2196	0	0	0
1.441	1	2	145	2	2	28	2196	0	0	0
1.444	1	2	145	5	2	28	2196	0	0	0
1.447	1	2	145	8	2	28	2196	0	0	0
1.45	1	2	146	1	2	28	2196	0	0	0
1.453	1	2	146	4	2	28	2196	0	0	0
1.456	1	2	146	7	2	28	2196	0	0	0
1.459	1	2	146	10	2	28	2196	0	0	0
1.462	1	2	147	3	2	28	2196	0	0	0
1.465	1	2	147	6	2	28	2196	0	0	0
1.468	1	2	147	9	2	28	2196	0	0	0
1.471	1	2	148	2	2	28	2196	0	0	0
1.474	1	2	148	5	2	28	2196	0	0	0
1.477	1	2	148	8	2	28	2196	0	0	0
1.48	1	2	149	1	2	28	2196	0	0	0
1.483	1	2	149	4	2	28	2196	0	0	0
1.486	1	2	149	7	2	28	2196	0	0	0
1.489	1	2	149	10	2	28	2196	0	0	0
1.492	1	2	150	3	2	28	2196	0	0	0
1.495	1	2	150	6	2	28	2196	0	0	0
1.498	1	2	150	9	2	28	2196	0	0	0
1.501	1	2	151	2	2	28	2196	0	0	0
1.504	1	2	151	5	2	28	2196	0	0	0
1.507	1	2	151	8	2	28	2196	0	0	0
1.51	1	2	152	1	2	28	2196	0	0	0
1.513	1	2	152	4	2	28	2196	0	0	0
1.516	1	2	152	7	2	28	2196	0	0	0
1.519	1	2	152	10	2	28	2196	0	0	0
1.522	1	2	153	3	2	28	2196	0	0	0
1.525	1	2	153	6	2	28	2196	0	0	0
1.528	1	2	153	9	2	28	2196	0	0	0
1.531	1	2	154	2	2	28	2196	0	0	0
1.534	1	2	154	5	2	28	2196	0	0	0
1.537	1	2	154	8	2	28	2196	0	0	0
1.54	1	2	155	1	2	28	2196	0	0	0
1.543	1	2	155	4	2	28	2196	0	0	0
1.546	1	2	155	7	2	28	2196	0	0	0
1.549	1	2	155	10	2	28	2196	0	0	0
1.552	1	2	156	3	2	28	2196	0	0	0
1.555	1	2	156	6	2	28	2196	0	0	0
1.558	1	2	156	9	2	28	2196	0	0	0
1.561	1	2	157	2	2	28	2196	0	0	0
1.564	1	2	157	5	2	28	2196	0	0	0
1.567	1	2	157	8	2	28	2196	0	0	0
1.57	1	2	158	1	2	28	2196	0	0	0
1.573	1	2	158	4	2	28	2196	0	0	0
1.576	1	2	158	7	2	28	2196	0	0	0
1.579	1	2	158	10	2	28	2196	0	0	0
1.582	1	2	159	3	2	28	2196	0	0	0
1.585	1	2	159	6	2	28	2196	0	0	0
1.588	1	2	159	9	2	28	2196	0	0	0
1.591	1	2	160	2	2	28	2196	0	0	0
1.594	1	2	160	5	2	28	2196	0	0	0
1.597	1	2	160	8	2	28	2196	0	0	0
1.6	1	2	161	1	2	28	2196	0	0	0
1.603	1	2	161	4	2	28	2196	0	0	0
1.606	1	2	161	7	2	28	2196	0	0	0
1.609	1	2	161	10	2	28	2196	0	0	0
1.612	1	2	162	3	2	28	2196	0	0	0
1.615	1	2	162	6	2	28	2196	0	0	0
1.618	1	2	162	9	2	28	2196	0	0	0
1.621	1	2	163	2	2	28	2196	0	0	0
1.624	1	2	163	5	2	28	2196	0	0	0
1.627	1	2	163	8	2	28	2196	0	0	0
1.63	1	2	164	1	2	28	2196	0	0	0
1.633	1	2	164	4	2	28	2196	0	0	0
1.636	1	2	164	7	2	28	2196	0	0	0
1.639	1	2	164	10	2	28	2196	0	0	0
1.642	1	2	165	3	2	28	2196	0	0	0
1.645	1	2	165	6	2	28	2196	0	0	0
1.648	1	2	165	9	2	28	2196	0	0	0
1.651	1	2	166	2	2	28	2196	0	0	0
1.654	1	2	166	5	2	28	2196	0	0	0
1.657	1	2	166	8	2	28	2196	0	0	0
1.66	1	2	167	1	2	28	2196	0	0	0
1.663	1	2	167	4	2	28	2196	0	0	0
1.666	1	2	167	7	2	28	2196	0	0	0
1.669	1	2	167	10	2	28	2196	0	0	0
1.672	1	2	168	3	2	28	2196	0	0	0
1.675	1	2	168	6	2	28	2196	0	0	0
1.678	1	2	168	9	2	28	2196	0	0	0
1.681	1	2	169	2	2	28	2196	0	0	0
1.684	1	2	169	5	2	28	2196	0	0	0
1.687	1	2	169	8	2	28	2196	0	0	0
1.69	1	2	170	1	2	28	2196	0	0	0
1.693	1	2	170	4	2	28	2196	0	0	0
1.696	1	2	170	7	2	28	2196	0	0	0
1.699	1	2	170	10	2	28	2196	0	0	0
1.702	1	2	171	3	2	28	2196	0	0	0
1.705	1	2	171	6	2	28	2196	0	0	0
1.708	1	2	171	9	2	28	2196	0	0	0
1.711	1	2	172	2	2	28	2196	0	0	0
1.714	1	2	172	5	2	28	2196	0	0	0
1.717	1	2	172	8	2	28	2196	0	0	0
1.72	1	2	173	1	2	28	2196	0	0	0
1.723	1	2	173	4	2	28	2196	0	0	0
1.726	1	2	173	7	2	28	2196	0	0	0
1.729	1	2	173	10	2	28	2196	0	0	0
1.732	1	2	174	3	2	28	2196	0	0	0
1.735	1	2	174	6	2	28	2196	0	0	0
1.738	1	2	174	9	2	28	2196	0	0	0
1.741	1	2	175	2	2	28	2196	0	0	0
1.744	1	2	175	5	2	28	2196	0	0	0
1.747	1	2	175	8	2	28	2196	0	0	0
1.75	1	2	176	1	2	28	2196	0	0	0
1.753	1	2	176	4	2	28	2196	0	0	0
1.756	1	2	176	7	2	28	2196	0	0	0
1.759	1	2	176	10	2	28	2196	0	0	0
1.762	1	2	177	3	2	28	2196	0	0	0
1.765	1	2	177	6	2	28	2196	0	0	0
1.768	1	2	177	9	2	28	2196	0	0	0
1.771	1	2	178	2	2	28	2196	0	0	0
1.774	1	2	178	5	2	28	2196	0	0	0
1.777	1	2	178	8	2	28	2196	0	0	0
1.78	1	2	179	1	2	28	2196	0	0	0
1.783	1	2	179	4	2	28	2196	0	0	0
1.786	1	2	179	7	2	28	2196	0	0	0
1.789	1	2	179	10	2	28	2196	0	0	0
1.792	1	2	180	3	2	28	2196	0	0	0
1.795	1	2	180	6	2	28	2196	0	0	0
1.798	1	2	180	9	2	28	2196	0	0	0
1.801	1	2	181	2	2	28	2196	0	0	0
1.804	1	2	181	5	2	28	2196	0	0	0
1.807	1	2	181	8	2	28	2196	0	0	0
1.81	1	2	182	1	2	28	2196	0	0	0
1.813	1	2	182	4	2	28	2196	0	0	0
1.816	1	2	182	7	2	28	2196	0	0	0
1.819	1	2	182	10	2	28	2196	0	0	0
1.822	1	2	183	3	2	28	2196	0	0	0
1.825	1	2	183	6	2	28	2196	0	0	0
1.828	1	2	183	9	2	28	2196	0	0	0
1.831	1	2	184	2	2	28	2196	0	0	0
1.834	1	2	184	5	2	28	2196	0	0	0
1.837	1	2	184	8	2	28	2196	0	0	0
1.84	1	2	185	1	2	28	2196	0	0	0
1.843	1	2	185	4	2	28	2196	0	0	0
1.846	1	2	185	7	2	28	2196	0	0	0
1.849	1	2	185	10	2	28	2196	0	0	0
1.852	1	2	186	3	2	28	2196	0	0	0
1.855	1	2	186	6	2	28	2196	0	0	0
1.858	1	2	186	9	2	28	2196	0	0	0
1.861	1	2	187	2	2	28	2196	0	0	0
1.864	1	2	187	5	2	28	2196	0	0	0
1.867	1	2	187	8	2	28	2196	0	0	0
1.87	1	2	188	1	2	28	2196	0	0	0
1.873	1	2	188	4	2	28	2196	0	0	0
1.876	1	2	188	7	2	28	2196	0	0	0
1.879	1	2	188	10	2	28	2196	0	0	0
1.882	1	2	189	3	2	28	2196	0	0	0
1.885	1	2	189	6	2	28	2196	0	0	0
1.888	1	2	189	9	2	28	2196	0	0	0
1.891	1	2	190	2	2	28	2196	0	0	0
1.894	1	2	190	5	2	28	2196	0	0	0
1.897	1	2	190	8	2	28	2196	0	0	0
1.9	1	2	191	1	2	28	2196	0	0	0
1.903	1	2	191	4	2	28	2196	0	0	0
1.906	1	2	191	7	2	28	2196	0	0	0
1.909	1	2	191	10	2	28	2196	0	0	0
1.912	1	2	192	3	2	28	2196	0	0	0
1.915	1	2	192	6	2	28	2196	0	0	0
1.918	1	2	192	9	2	28	2196	0	0	0
1.921	1	2	193	2	2	28	2196	0	0	0
1.924	1	2	193	5	2	28	2196	0	0	0
1.927	1	2	193	8	2	28	2196	0	0	0
1.93	1	2	194	1	2	28	2196	0	0	0
1.933	1	2	194	4	2	28	2196	0	0	0
1.936	1	2	194	7	2	28	2196	0	0	0
1.939	1	2	194	10	2	28	2196	0	0	0
1.942	1	2	195	3	2	28	2196	0	0	0
1.945	1	2	195	6	2	28	2196	0	0	0
1.948	1	2	195	9	2	28	2196	0	0	0
1.951	1	2	196	2	2	28	2196	0	0	0
1.954	1	2	196	5	2	28	2196	0	0	0
1.957	1	2	196	8	2	28	2196	0	0	0
1.96	1	2	197	1	2	28	2196	0	0	0
1.963	1	2	197	4	2	28	2196	0	0	0
1.966	1	2	197	7	2	28	2196	0	0	0
1.969	1	2	197	10	2	28	2196	0	0	0
1.972	1	2	198	3	2	28	2196	0	0	0
1.975	1	2	198	6	2	28	2196	0	0	0
1.978	1	2	198	9	2	28	2196	0	0	0
1.981	1	2	199	2	2	28	2196	0	0	0
1.984	1	2	199	5	2	28	2196	0	0	0
1.987	1	2	199	8	2	28	2196	0	0	0
1.99	1	2	200	1	2	28	2196	0	0	0
1.993	1	2	200	4	2	28	2196	0	0	0
1.996	1	2	200	7	2	28	2196	0	0	0
1.999	1	2	200	10	2	28	2196	0	0	0
2.002	1	2	201	3	2	28	2196	0	0	0
2.005	1	2	201	6	2	28	2196	0	0	0
2.008	1	2	201	9	2	28	2196	0	0	0
2.011	1	2	202	2	2	28	2196	0	0	0
2.014	1	2	202	5	2	28	2196	0	0	0
2.017	1	2	202	8	2	28	2196	0	0	0
2.02	1	2	203	1	2	28	2196	0	0	0
2.023	1	2	203	4	2	28	2196	0	0	0
2.026	1	2	203	7	2	28	2196	0	0	0
2.029	1	2	203	10	2	28	2196	0	0	0
2.032	1	2	204	3	2	28	2196	0	0	0
2.035	1	2	204	6	2	28	2196	0	0	0
2.038	1	2	204	9	2	28	2196	0	0	0
2.041	1	2	205	2	2	28	2196	0	0	0
2.044	1	2	205	5	2	28	2196	0	0	0
2.047	1	2	205	8	2	28	2196	0	0	0
2.05	1	2	206	1	2	28	2196	0	0	0
2.053	1	2	206	4	2	28	2196	0	0	0
2.056	1	2	206	7	2	28	2196	0	0	0
2.059	1	2	206	10	2	28	2196	0	0	0
2.062	1	2	207	3	2	28	2196	0	0	0
2.065	1	2	207	6	2	28	2196	0	0	0
2.068	1	2	207	9	2	28	2196	0	0	0
2.071	1	2	208	2	2	28	2196	0	0	0
2.074	1	2	208	5	2	28	2196	0	0	0
2.077	1	2	208	8	2	28	2196	0	0	0
2.08	1	2	209	1	2	28	2196	0	0	0
2.083	1	2	209	4	2	28	2196	0	0	0
2.086	1	2	209	7	2	28	2196	0	0	0
2.089	1	2	209	10	2	28	2196	0	0	0
2.092	1	2	210	3	2	28	2196	0	0	0
2.095	1	2	210	6	2	28	2196	0	0	0
2.098	1	2	210	9	2	28	2196	0	0	0
2.101	1	2	211	2	2	28	2196	0	0	0
2.104	1	2	211	5	2	28	2196	0	0	0
2.107	1	2	211	8	2	28	2196	0	0	0
2.11	1	2	212	1	2	28	2196	0	0	0
2.113	1	2	212	4	2	28	2196	0	0	0
2.116	1	2	212	7	2	28	2196	0	0	0
2.119	1	2	212	10	2	28	2196	0	0	0
2.122	1	2	213	3	2	28	2196	0	0	0
2.125	1	2	213	6	2	28	2196	0	0	0
2.128	1	2	213	9	2	28	2196	0	0	0
2.131	1	2	214	2	2	28	2196	0	0	0
2.134	1	2	214	5	2	28	2196	0	0	0
2.137	1	2	214	8	2	28	2196	0	0	0
2.14	1	2	215	1	2	28	2196	0	0	0
2.143	1	2	215	4	2	28	2196	0	0	0
2.146	1	2	215	7	2	28	2196	0	0	0
2.149	1	2	215	10	2	28	2196	0	0	0
2.152	1	2	216	3	2	28	2196	0	0	0
2.155	1	2	216	6	2	28	2196	0	0	0
2.158	1	2	216	9	2	28	2196	0	0	0
2.161	1	2	217	2	2	28	2196	0	0	0
2.164	1	2	217	5	2	28	2196	0	0	0
2.167	1	2	217	8	2	28	2196	0	0	0
2.17	1	2	218	1	2	28	2196	0	0	0
2.173	1	2	218	4	2	28	2196	0	0	0
2.176	1	2	218	7	2	28	2196	0	0	0
2.179	1	2	218	10	2	28	2196	0	0	0
2.182	1	2	219	3	2	28	2196	0	0	0
2.185	1	2	219	6	2	28	2196	0	0	0
2.188	1	2	219	9	2	28	2196	0	0	0
2.191	1	2	220	2	2	28	2196	0	0	0
2.194	1	2	220	5	2	28	2196	0	0	0
2.197	1	2	220	8	2	28	2196	0	0	0
2.2	1	2	221	1	2	28	2196	0	0	0
2.203	1	2	221	4	2	28	2196	0	0	0
2.206	1	2	221	7	2	28	2196	0	0	0
2.209	1	2	221	10	2	28	2196	0	0	0
2.212	1	2	222	3	2	28	2196	0	0	0
2.215	1	2	222	6	2	28	2196	0	0	0
2.218	1	2	222	9	2	28	2196	0	0	0
2.221	1	2	223	2	2	28	2196	0	0	0
2.224	1	2	223	5	2	28	2196	0	0	0
2.227	1	2	223	8	2	28	2196	0	0	0
2.23	1	2	224	1	2	28	2196	0	0	0
2.233	1	2	224	4	2	28	2196	0	0	0
2.236	1	2	224	7	2	28	2196	0	0	0
2.239	1	2	224	10	2	28	2196	0	0	0
2.242	1	2	225	3	2	28	2196	0	0	0
2.245	1	2	225	6	2	28	2196	0	0	0
2.248	1	2	225	9	2	28	2196	0	0	0
2.251	1	2	226	2	2	28	2196	0	0	0
2.254	1	2	226	5	2	28	2196	0	0	0
2.257	1	2	226	8	2	28	2196	0	0	0
2.26	1	2	227	1	2	28	2196	0	0	0
2.263	1	2	227	4	2	28	2196	0	0	0
2.266	1	2	227	7	2	28	2196	0	0	0
2.269	1	2	227	10	2	28	2196	0	0	0
2.272	1	2	228	3	2	28	2196	0	0	0
2.275	1	2	228	6	2	28	2196	0	0	0
2.278	1	2	228	9	2	28	2196	0	0	0
2.281	1	2	229	2	2	28	2196	0	0	0
2.284	1	2	229	5	2	28	2196	0	0	0
2.287	1	2	229	8	2	28	2196	0	0	0
2.29	1	2	230	1	2	28	2196	0	0	0
2.293	1	2	230	4	2	28	2196	0	0	0
2.296	1	2	230	7	2	28	2196	0	0	0
2.299	1	2	230	10	2	28	2196	0	0	0
2.302	1	2	231	3	2	28	2196	0	0	0
2.305	1	2	231	6	2	28	2196	0	0	0
2.308	1	2	231	9	2	28	2196	0	0	0
2.311	1	2	232	2	2	28	2196	0	0	0
2.314	1	2	232	5	2	28	2196	0	0	0
2.317	1	2	232	8	2	28	2196	0	0	0
2.32	1	2	233	1	2	28	2196	0	0	0
2.323	1	2	233	4	2	28	2196	0	0	0
2.326	1	2	233	7	2	28	2196	0	0	0
2.329	1	2	233	10	2	28	2196	0	0	0
2.332	1	2	234	3	2	28	2196	0	0	0
2.335	1	2	234	6	2	28	2196	0	0	0
2.338	1	2	234	9	2	28	2196	0	0	0
2.341	1	2	235	2	2	28	2196	0	0	0
2.344	1	2	235	5	2	28	2196	0	0	0
2.347	1	2	235	8	2	28	2196	0	0	0
2.35	1	2	236	1	2	28	2196	0	0	0
2.353	1	2	236	4	2	28	2196	0	0	0
2.356	1	2	236	7	2	28	2196	0	0	0
2.359	1	2	236	10	2	28	2196	0	0	0
2.362	1	2	237	3	2	28	2196	0	0	0
2.365	1	2	237	6	2	28	2196	0	0	0
2.368	1	2	237	9	2	28	2196	0	0	0
2.371	1	2	238	2	2	28	2196	0	0	0
2.374	1	2	238	5	2	28	2196	0	0	0
2.377	1	2	238	8	2	28	2196	0	0	0
2.38	1	2	239	1	2	28	2196	0	0	0
2.383	1	2	239	4	2	28	2196	0	0	0
2.386	1	2	239	7	2	28	2196	0	0	0
2.389	1	2	239	10	2	28	2196	0	0	0
2.392	1	2	240	3	2	28	2196	0	0	0
2.395	1	2	240	6	2	28	2196	0	0	0
2.398	1	2	240	9	2	28	2196	0	0	0
2.401	1	2	241	2	2	28	2196	0	0	0
2.404	1	2	241	5	2	28	2196	0	0	0
2.407	1	2	241	8	2	28	2196	0	0	0
2.41	1	2	242	1	2	28	2196	0	0	0
2.413	1	2	242	4	2	28	2196	0	0	0
2.416	1	2	242	7	2	28	2196	0	0	0
2.419	1	2	242	10	2	28	2196	0	0	0
2.422	1	2	243	3	2	28	2196	0	0	0
2.425	1	2	243	6	2	28	2196	0	0	0
2.428	1	2	243	9	2	28	2196	0	0	0
2.431	1	2	244	2	2	28	2196	0	0	0
2.434	1	2	244	5	2	28	2196	0	0	0
2.437	1	2	244	8	2	28	2196	0	0	0
2.44	1	2	245	1	2	28	2196	0	0	0
2.443	1	2	245	4	2	28	2196	0	0	0
2.446	1	2	245	7	2	28	2196	0	0	0
2.449	1	2	245	10	2	28	2196	0	0	0
2.452	1	2	246	3	2	28	2196	0	0	0
2.455	1	2	246	6	2	28	2196	0	0	0
2.458	1	2	246	9	2	28	2196	0	0	0
2.461	1	2	247	2	2	28	2196	0	0	0
2.464	1	2	247	5	2	28	2196	0	0	0
2.467	1	2	247	8	2	28	2196	0	0	0
2.47	1	2	248	1	2	28	2196	0	0	0
2.473	1	2	248	4	2	28	2196	0	0	0
2.476	1	2	248	7	2	28	2196	0	0	0
2.479	1	2	248	10	2	28	2196	0	0	0
2.482	1	2	249	3	2	28	2196	0	0	0
2.485	1	2	249	6	2	28	2196	0	0	0
2.488	1	2	249	9	2	28	2196	0	0	0
2.491	1	2	250	2	2	28	2196	0	0	0
2.494	1	2	250	5	2	28	2196	0	0	0
2.497	1	2	250	8	2	28	2196	0	0	0
2.5	1	2	251	1	2	28	2196	0	0	0
2.503	1	2	251	4	2	28	2196	0	0	0
2.506	1	2	251	7	2	28	2196	0	0	0
2.509	1	2	251	10	2	28	2196	0	0	0
2.512	1	2	252	3	2	28	2196	0	0	0
2.515	1	2	252	6	2	28	2196	0	0	0
2.518	1	2	252	9	2	28	2196	0	0	0
2.521	1	2	253	2	2	28	2196	0	0	0
2.524	1	2	253	5	2	28	2196	0	0	0
2.527	1	2	253	8	2	28	2196	0	0	0
2.53	1	2	254	1	2	28	2196	0	0	0
2.533	1	2	254	4	2	28	2196	0	0	0
2.536	1	2	254	7	2	28	2196	0	0	0
2.539	1	2	254	10	2	28	2196	0	0	0
2.542	1	2	255	3	2	28	2196	0	0	0
2.545	1	2	255	6	2	28	2196	0	0	0
2.548	1	2	255	9	2	28	2196	0	0	0
2.551	1	2	256	2	2	28	2196	0	0	0
2.554	1	2	256	5	2	28	2196	0	0	0
2.557	1	2	256	8	2	28	2196	0	0	0
2.56	1	2	257	1	2	28	2196	0	0	0
2.563	1	2	257	4	2	28	2196	0	0	0
2.566	1	2	257	7	2	28	2196	0	0	0
2.569	1	2	257	10	2	28	2196	0	0	0
2.572	1	2	258	3	2	28	2196	0	0	0
2.575	1	2	258	6	2	28	2196	0	0	0
2.578	1	2	258	9	2	28	2196	0	0	0
2.581	1	2	259	2	2	28	2196	0	0	0
2.584	1	2	259	5	2	28	2196	0	0	0
2.587	1	2	259	8	2	28	2196	0	0	0
2.59	1	2	260	1	2	28	2196	0	0	0
2.593	1	2	260	4	2	28	2196	0	0	0
2.596	1	2	260	7	2	28	2196	0	0	0
2.599	1	2	260	10	2	28	2196	0	0	0
2.602	1	2	261	3	2	28	2196	0	0	0
2.605	1	2	261	6	2	28	2196	0	0	0
2.608	1	2	261	9	2	28	2196	0	0	0
2.611	1	2	262	2	2	28	2196	0	0	0
2.614	1	2	262	5	2	28	2196	0	0	0
2.617	1	2	262	8	2	28	2196	0	0	0
2.62	1	2	263	1	2	28	2196	0	0	0
2.623	1	2	263	4	2	28	2196	0	0	0
2.626	1	2	263	7	2	28	2196	0	0	0
2.629	1	2	263	10	2	28	2196	0	0	0
2.632	1	2	264	3	2	28	2196	0	0	0
2.635	1	2	264	6	2	28	2196	0	0	0
2.638	1	2	264	9	2	28	2196	0	0	0
2.641	1	2	265	2	2	28	2196	0	0	0
2.644	1	2	265	5	2	28	2196	0	0	0
2.647	1	2	265	8	2	28	2196	0	0	0
2.65	1	2	266	1	2	28	2196	0	0	0
2.653	1	2	266	4	2	28	2196	0	0	0
2.656	1	2	266	7	2	28	2196	0	0	0
2.659	1	2	266	10	2	28	2196	0	0	0
2.662	1	2	267	3	2	28	2196	0	0	0
2.665	1	2	267	6	2	28	2196	0	0	0
2.668	1	2	267	9	2	28	2196	0	0	0
2.671	1	2	268	2	2	28	2196	0	0	0
2.674	1	2	268	5	2	28	2196	0	0	0
2.677	1	2	268	8	2	28	2196	0	0	0
2.68	1	2	269	1	2	28	2196	0	0	0
2.683	1	2	269	4	2	28	2196	0	0	0
2.686	1	2	269	7	2	28	2196	0	0	0
2.689	1	2	269	10	2	28	2196	0	0	0
2.692	1	2	270	3	2	28	2196	0	0	0
2.695	1	2	270	6	2	28	2196	0	0	0
2.698	1	2	270	9	2	28	2196	0	0	0
2.701	1	2	271	2	2	28	2196	0	0	0
2.704	1	2	271	5	2	28	2196	0	0	0
2.707	1	2	271	8	2	28	2196	0	0	0
2.71	1	2	272	1	2	28	2196	0	0	0
2.713	1	2	272	4	2	28	2196	0	0	0
2.716	1	2	272	7	2	28	2196	0	0	0
2.719	1	2	272	10	2	28	2196	0	0	0
2.722	1	2	273	3	2	28	2196	0	0	0
2.725	1	2	273	6	2	28	2196	0	0	0
2.728	1	2	273	9	2	28	2196	0	0	0
2.731	1	2	274	2	2	28	2196	0	0	0
2.734	1	2	274	5	2	28	2196	0	0	0
2.737	1	2	274	8	2	28	2196	0	0	0
2.74	1	2	275	1	2	28	2196	0	0	0
2.743	1	2	275	4	2	28	2196	0	0	0
2.746	1	2	275	7	2	28	2196	0	0	0
2.749	1	2	275	10	2	28	2196	0	0	0
2.752	1	2	276	3	2	28	2196	0	0	0
2.755	1	2	276	6	2	28	2196	0	0	0
2.758	1	2	276	9	2	28	2196	0	0	0
2.761	1	2	277	2	2	28	2196	0	0	0
2.764	1	2	277	5	2	28	2196	0	0	0
2.767	1	2	277	8	2	28	2196	0	0	0
2.77	1	2	278	1	2	28	2196	0	0	0
2.773	1	2	278	4	2	28	2196	0	0	0
2.776	1	2	278	7	2	28	2196	0	0	0
2.779	1	2	278	10	2	28	2196	0	0	0
2.782	1	2	279	3	2	28	2196	0	0	0
2.785	1	2	279	6	2	28	2196	0	0	0
2.788	1	2	279	9	2	28	2196	0	0	0
2.791	1	2	280	2	2	28	2196	0	0	0
2.794	1	2	280	5	2	28	2196	0	0	0
2.797	1	2	280	8	2	28	2196	0	0	0
2.8	1	2	281	1	2	28	2196	0	0	0
2.803	1	2	281	4	2	28	2196	0	0	0
2.806	1	2	281	7	2	28	2196	0	0	0
2.809	1	2	281	10	2	28	2196	0	0	0
2.812	1	2	282	3	2	28	2196	0	0	0
2.815	1	2	282	6	2	28	2196	0	0	0
2.818	1	2	282	9	2	28	2196	0	0	0
2.821	1	2	283	2	2	28	2196	0	0	0
2.824	1	2	283	5	2	28	2196	0	0	0
2.827	1	2	283	8	2	28	2196	0	0	0
2.83	1	2	284	1	2	28	2196	0	0	0
2.833	1	2	284	4	2	28	2196	0	0	0
2.836	1	2	284	7	2	28	2196	0	0	0
2.839	1	2	284	10	2	28	2196	0	0	0
2.842	1	2	285	3	2	28	2196	0	0	0
2.845	1	2	285	6	2	28	2196	0	0	0
2.848	1	2	285	9	2	28	2196	0	0	0
2.851	1	2	286	2	2	28	2196	0	0	0
2.854	1	2	286	5	2	28	2196	0	0	0
2.857	1	2	286	8	2	28	2196	0	0	0
2.86	1	2	287	1	2	28	2196	0	0	0
2.863	1	2	287	4	2	28	2196	0	0	0
2.866	1	2	287	7	2	28	2196	0	0	0
2.869	1	2	287	10	2	28	2196	0	0	0
2.872	1	2	288	3	2	28	2196	0	0	0
2.875	1	2	288	6	2	28	2196	0	0	0
2.878	1	2	288	9	2	28	2196	0	0	0
2.881	1	2	289	2	2	28	2196	0	0	0
2.884	1	2	289	5	2	28	2196	0	0	0
2.887	1	2	289	8	2	28	2196	0	0	0
2.89	1	2	290	1	2	28	2196	0	0	0
2.893	1	2	290	4	2	28	2196	0	0	0
2.896	1	2	290	7	2	28	2196	0	0	0
2.899	1	2	290	10	2	28	2196	0	0	0
2.902	1	2	291	3	2	28	2196	0	0	0
2.905	1	2	291	6	2	28	2196	0	0	0
2.908	1	2	291	9	2	28	2196	0	0	0
2.911	1	2	292	2	2	28	2196	0	0	0
2.914	1	2	292	5	2	28	2196	0	0	0
2.917	1	2	292	8	2	28	2196	0	0	0
2.92	1	2	293	1	2	28	2196	0	0	0
2.923	1	2	293	4	2	28	2196	0	0	0
2.926	1	2	293	7	2	28	2196	0	0	0
2.929	1	2	293	10	2	28	2196	0	0	0
2.932	1	2	294	3	2	28	2196	0	0	0
2.935	1	2	294	6	2	28	2196	0	0	0
2.938	1	2	294	9	2	28	2196	0	0	0
2.941	1	2	295	2	2	28	2196	0	0	0
2.944	1	2	295	5	2	28	2196	0	0	0
2.947	1	2	295	8	2	28	2196	0	0	0
2.95	1	2	296	1	2	28	2196	0	0	0
2.953	1	2	296	4	2	28	2196	0	0	0
2.956	1	2	296	7	2	28	2196	0	0	0
2.959	1	2	296	10	2	28	2196	0	0	0
2.962	1	2	297	3	2	28	2196	0	0	0
2.965	1	2	297	6	2	28	2196	0	0	0
2.968	1	2	297	9	2	28	2196	0	0	0
2.971	1	2	298	2	2	28	2196	0	0	0
2.974	1	2	298	5	2	28	2196	0	0	0
2.977	1	2	298	8	2	28	2196	0	0	0
2.98	1	2	299	1	2	28	2196	0	0	0
2.983	1	2	299	4	2	28	2196	0	0	0
2.986	1	2	299	7	2	28	2196	0	0	0
2.989	1	2	299	10	2	28	2196	0	0	0
2.992	1	2	300	3	2	28	2196	0	0	0
2.995	1	2	300	6	2	28	2196	0	0	0
2.998	1	2	300	9	2	28	2196	0	0	0
3.001	1	2	301	2	2	28	2196	0	0	0
3.004	1	2	301	5	2	28	2196	0	0	0
3.007	1	2	301	8	2	28	2196	0	0	0
3.01	1	2	302	1	2	28	2196	0	0	0
3.013	1	2	302	4	2	28	2196	0	0	0
3.016	1	2	302	7	2	28	2196	0	0	0
3.019	1	2	302	10	2	28	2196	0	0	0
3.022	1	2	303	3	2	28	2196	0	0	0
3.025	1	2	303	6	2	28	2196	0	0	0
3.028	1	2	303	9	2	28	2196	0	0	0
3.031	1	2	304	2	2	28	2196	0	0	0
3.034	1	2	304	5	2	28	2196	0	0	0
3.037	1	2	304	8	2	28	2196	0	0	0
3.04	1	2	305	1	2	28	2196	0	0	0
3.043	1	2	305	4	2	28	2196	0	0	0
3.046	1	2	305	7	2	28	2196	0	0	0
3.049	1	2	305	10	2	28	2196	0	0	0
3.052	1	2	306	3	2	28	2196	0	0	0
3.055	1	2	306	6	2	28	2196	0	0	0
3.058	1	2	306	9	2	28	2196	0	0	0
3.061	1	2	307	2	2	28	2196	0	0	0
3.064	1	2	307	5	2	28	2196	0	0	0
3.067	1	2	307	8	2	28	2196	0	0	0
3.07	1	2	308	1	2	28	2196	0	0	0
3.073	1	2	308	4	2	28	2196	0	0	0
3.076	1	2	308	7	2	28	2196	0	0	0
3.079	1	2	308	10	2	28	2196	0	0	0
3.082	1	2	309	3	2	28	2196	0	0	0
3.085	1	2	309	6	2	28	2196	0	0	0
3.088	1	2	309	9	2	28	2196	0	0	0
3.091	1	2	310	2	2	28	2196	0	0	0
3.094	1	2	310	5	2	28	2196	0	0	0
3.097	1	2	310	8	2	28	2196	0	0	0
3.1	1	2	311	1	2	28	2196	0	0	0
3.103	1	2	311	4	2	28	2196	0	0	0
3.106	1	2	311	7	2	28	2196	0	0	0
3.109	1	2	311	10	2	28	2196	0	0	0
3.112	1	2	312	3	2	28	2196	0	0	0
3.115	1	2	312	6	2	28	2196	0	0	0
3.118	1	2	312	9	2	28	2196	0	0	0
3.121	1	2	313	2	2	28	2196	0	0	0
3.124	1	2	313	5	2	28	2196	0	0	0
3.127	1	2	313	8	2	28	2196	0	0	0
3.13	1	2	314	1	2	28	2196	0	0	0
3.133	1	2	314	4	2	28	2196	0	0	0
3.136	1	2	314	7	2	28	2196	0	0	0
3.139	1	2	314	10	2	28	2196	0	0	0
3.142	1	2	315	3	2	28	2196	0	0	0
3.145	1	2	315	6	2	28	2196	0	0	0
3.148	1	2	315	9	2	28	2196	0	0	0
3.151	1	2	316	2	2	28	2196	0	0	0
3.154	1	2	316	5	2	28	2196	0	0	0
3.157	1	2	316	8	2	28	2196	0	0	0
3.16	1	2	317	1	2	28	2196	0	0	0
3.163	1	2	317	4	2	28	2196	0	0	0
3.166	1	2	317	7	2	28	2196	0	0	0
3.169	1	2	317	10	2	28	2196	0	0	0
3.172	1	2	318	3	2	28	2196	0	0	0
3.175	1	2	318	6	2	28	2196	0	0	0
3.178	1	2	318	9	2	28	2196	0	0	0
3.181	1	2	319	2	2	28	2196	0	0	0
3.184	1	2	319	5	2	28	2196	0	0	0
3.187	1	2	319	8	2	28	2196	0	0	0
3.19	1	2	320	1	2	28	2196	0	0	0
3.193	1	2	320	4	2	28	2196	0	0	0
3.196	1	2	320	7	2	28	2196	0	0	0
3.199	1	2	320	10	2	28	2196	0	0	0
3.202	1	2	321	3	2	28	2196	0	0	0
3.205	1	2	321	6	2	28	2196	0	0	0
3.208	1	2	321	9	2	28	2196	0	0	0
3.211	1	2	322	2	2	28	2196	0	0	0
3.214	1	2	322	5	2	28	2196	0	0	0
3.217	1	2	322	8	2	28	2196	0	0	0
3.22	1	2	323	1	2	28	2196	0	0	0
3.223	1	2	323	4	2	28	2196	0	0	0
3.226	1	2	323	7	2	28	2196	0	0	0
3.229	1	2	323	10	2	28	2196	0	0	0
3.232	1	2	324	3	2	28	2196	0	0	0
3.235	1	2	324	6	2	28	2196	0	0	0
3.238	1	2	324	9	2	28	2196	0	0	0
3.241	1	2	325	2	2	28	2196	0	0	0
3.244	1	2	325	5	2	28	2196	0	0	0
3.247	1	2	325	8	2	28	2196	0	0	0
3.25	1	2	326	1	2	28	2196	0	0	0
3.253	1	2	326	4	2	28	2196	0	0	0
3.256	1	2	326	7	2	28	2196	0	0	0
3.259	1	2	326	10	2	28	2196	0	0	0
3.262	1	2	327	3	2	28	2196	0	0	0
3.265	1	2	327	6	2	28	2196	0	0	0
3.268	1	2	327	9	2	28	2196	0	0	0
3.271	1	2	328	2	2	28	2196	0	0	0
3.274	1	2	328	5	2	28	2196	0	0	0
3.277	1	2	328	8	2	28	2196	0	0	0
3.28	1	2	329	1	2	28	2196	0	0	0
3.283	1	2	329	4	2	28	2196	0	0	0
3.286	1	2	329	7	2	28	2196	0	0	0
3.289	1	2	329	10	2	28	2196	0	0	0
3.292	1	2	330	3	2	28	2196	0	0	0
3.295	1	2	330	6	2	28	2196	0	0	0
3.298	1	2	330	9	2	28	2196	0	0	0
3.301	1	2	331	2	2	28	2196	0	0	0
3.304	1	2	331	5	2	28	2196	0	0	0
3.307	1	2	331	8	2	28	2196	0	0	0
3.31	1	2	332	1	2	28	2196	0	0	0
3.313	1	2	332	4	2	28	2196	0	0	0
3.316	1	2	332	7	2	28	2196	0	0	0
3.319	1	2	332	10	2	28	2196	0	0	0
3.322	1	2	333	3	2	28	2196	0	0	0
3.325	1	2	333	6	2	28	2196	0	0	0
3.328	1	2	333	9	2	28	2196	0	0	0
3.331	1	2	334	2	2	28	2196	0	0	0
3.334	1	2	334	5	2	28	2196	0	0	0
3.337	1	2	334	8	2	28	2196	0	0	0
3.34	1	2	335	1	2	28	2196	0	0	0
3.343	1	2	335	4	2	28	2196	0	0	0
3.346	1	2	335	7	2	28	2196	0	0	0
3.349	1	2	335	10	2	28	2196	0	0	0
3.352	1	2	336	3	2	28	2196	0	0	0
3.355	1	2	336	6	2	28	2196	0	0	0
3.358	1	2	336	9	2	28	2196	0	0	0
3.361	1	2	337	2	2	28	2196	0	0	0
3.364	1	2	337	5	2	28	2196	0	0	0
3.367	1	2	337	8	2	28	2196	0	0	0
3.37	1	2	338	1	2	28	2196	0	0	0
3.373	1	2	338	4	2	28	2196	0	0	0
3.376	1	2	338	7	2	28	2196	0	0	0
3.379	1	2	338	10	2	28	2196	0	0	0
3.382	1	2	339	3	2	28	2196	0	0	0
3.385	1	2	339	6	2	28	2196	0	0	0
3.388	1	2	339	9	2	28	2196	0	0	0
3.391	1	2	340	2	2	28	2196	0	0	0
3.394	1	2	340	5	2	28	2196	0	0	0
3.397	1	2	340	8	2	28	2196	0	0	0
3.4	1	2	341	1	2	28	2196	0	0	0
3.403	1	2	341	4	2	28	2196	0	0	0
3.406	1	2	341	7	2	28	2196	0	0	0
3.409	1	2	341	10	2	28	2196	0	0	0
3.412	1	2	342	3	2	28	2196	0	0	0
3.415	1	2	342	6	2	28	2196	0	0	0
3.418	1	2	342	9	2	28	2196	0	0	0
3.421	1	2	343	2	2	28	2196	0	0	0
3.424	1	2	343	5	2	28	2196	0	0	0
3.427	1	2	343	8	2	28	2196	0	0	0
3.43	1	2	344	1	2	28	2196	0	0	0
3.433	1	2	344	4	2	28	2196	0	0	0
3.436	1	2	344	7	2	28	2196	0	0	0
3.439	1	2	344	10	2	28	2196	0	0	0
3.442	1	2	345	3	2	28	2196	0	0	0
3.445	1	2	345	6	2	28	2196	0	0	0
3.448	1	2	345	9	2	28	2196	0	0	0
3.451	1	2	346	2	2	28	2196	0	0	0
3.454	1	2	346	5	2	28	2196	0	0	0
3.457	1	2	346	8	2	28	2196	0	0	0
3.46	1	2	347	1	2	28	2196	0	0	0
3.463	1	2	347	4	2	28	2196	0	0	0
3.466	1	2	347	7	2	28	2196	0	0	0
3.469	1	2	347	10	2	28	2196	0	0	0
3.472	1	2	348	3	2	28	2196	0	0	0
3.475	1	2	348	6	2	28	2196	0	0	0
3.478	1	2	348	9	2	28	2196	0	0	0
3.481	1	2	349	2	2	28	2196	0	0	0
3.484	1	2	349	5	2	28	2196	0	0	0
3.487	1	2	349	8	2	28	2196	0	0	0
3.49	1	2	350	1	2	28	2196	0	0	0
3.493	1	2	350	4	2	28	2196	0	0	0
3.496	1	2	350	7	2	28	2196	0	0	0
3.499	1	2	350	10	2	28	2196	0	0	0
3.502	1	2	351	3	2	28	2196	0	0	0
3.505	1	2	351	6	2	28	2196	0	0	0
3.508	1	2	351	9	2	28	2196	0	0	0
3.511	1	2	352	2	2	28	2196	0	0	0
3.514	1	2	352	5	2	28	2196	0	0	0
3.517	1	2	352	8	2	28	2196	0	0	0
3.52	1	2	353	1	2	28	2196	0	0	0
3.523	1	2	353	4	2	28	2196	0	0	0
3.526	1	2	353	7	2	28	2196	0	0	0
3.529	1	2	353	10	2	28	2196	0	0	0
3.532	1	2	354	3	2	28	2196	0	0	0
3.535	1	2	354	6	2	28	2196	0	0	0
3.538	1	2	354	9	2	28	2196	0	0	0
3.541	1	2	355	2	2	28	2196	0	0	0
3.544	1	2	355	5	2	28	2196	0	0	0
3.547	1	2	355	8	2	28	2196	0	0	0
3.55	1	2	356	1	2	28	2196	0	0	0
3.553	1	2	356	4	2	28	2196	0	0	0
3.556	1	2	356	7	2	28	2196	0	0	0
3.559	1	2	356	10	2	28	2196	0	0	0
3.562	1	2	357	3	2	28	2196	0	0	0
3.565	1	2	357	6	2	28	2196	0	0	0
3.568	1	2	357	9	2	28	2196	0	0	0
3.571	1	2	358	2	2	28	2196	0	0	0
3.574	1	2	358	5	2	28	2196	0	0	0
3.577	1	2	358	8	2	28	2196	0	0	0
3.58	1	2	359	1	2	28	2196	0	0	0
3.583	1	2	359	4	2	28	2196	0	0	0
3.586	1	2	359	7	2	28	2196	0	0	0
3.589	1	2	359	10	2	28	2196	0	0	0
3.592	1	2	360	3	2	28	2196	0	0	0
3.595	1	2	360	6	2	28	2196	0	0	0
3.598	1	2	360	9	2	28	2196	0	0	0
3.601	1	2	361	2	2	28	2196	0	0	0
3.604	1	2	361	5	2	28	2196	0	0	0
3.607	1	2	361	8	2	28	2196	0	0	0
3.61	1	2	362	1	2	28	2196	0	0	0
3.613	1	2	362	4	2	28	2196	0	0	0
3.616	1	2	362	7	2	28	2196	0	0	0
3.619	1	2	362	10	2	28	2196	0	0	0
3.622	1	2	363	3	2	28	2196	0	0	0
3.625	1	2	363	6	2	28	2196	0	0	0
3.628	1	2	363	9	2	28	2196	0	0	0
3.631	1	2	364	2	2	28	2196	0	0	0
3.634	1	2	364	5	2	28	2196	0	0	0
3.637	1	2	364	8	2	28	2196	0	0	0
3.64	1	2	365	1	2	28	2196	0	0	0
3.643	1	2	365	4	2	28	2196	0	0	0
3.646	1	2	365	7	2	28	2196	0	0	0
3.649	1	2	365	10	2	28	2196	0	0	0
3.652	1	2	366	3	2	28	2196	0	0	0
3.655	1	2	366	6	2	28	2196	0	0	0
3.658	1	2	366	9	2	28	2196	0	0	0
3.661	1	2	367	2	2	28	2196	0	0	0
3.664	1	2	367	5	2	28	2196	0	0	0
3.667	1	2	367	8	2	28	2196	0	0	0
3.67	1	2	368	1	2	28	2196	0	0	0
3.673	1	2	368	4	2	28	2196	0	0	0
3.676	1	2	368	7	2	28	2196	0	0	0
3.679	1	2	368	10	2	28	2196	0	0	0
3.682	1	2	369	3	2	28	2196	0	0	0
3.685	1	2	369	6	2	28	2196	0	0	0
3.688	1	2	369	9	2	28	2196	0	0	0
3.691	1	2	370	2	2	28	2196	0	0	0
3.694	1	2	370	5	2	28	2196	0	0	0
3.697	1	2	370	8	2	28	2196	0	0	0
3.7	1	2	371	1	2	28	2196	0	0	0
3.703	1	2	371	4	2	28	2196	0	0	0
3.706	1	2	371	7	2	28	2196	0	0	0
3.709	1	2	371	10	2	28	2196	0	0	0
3.712	1	2	372	3	2	28	2196	0	0	0
3.715	1	2	372	6	2	28	2196	0	0	0
3.718	1	2	372	9	2	28	2196	0	0	0
3.721	1	2	373	2	2	28	2196	0	0	0
3.724	1	2	373	5	2	28	2196	0	0	0
3.727	1	2	373	8	2	28	2196	0	0	0
3.73	1	2	374	1	2	28	2196	0	0	0
3.733	1	2	374	4	2	28	2196	0	0	0
3.736	1	2	374	7	2	28	2196	0	0	0
3.739	1	2	374	10	2	28	2196	0	0	0
3.742	1	2	375	3	2	28	2196	0	0	0
3.745	1	2	375	6	2	28	2196	0	0	0
3.748	1	2	375	9	2	28	2196	0	0	0
3.751	1	2	376	2	2	28	2196	0	0	0
3.754	1	2	376	5	2	28	2196	0	0	0
3.757	1	2	376	8	2	28	2196	0	0	0
3.76	1	2	377	1	2	28	2196	0	0	0
3.763	1	2	377	4	2	28	2196	0	0	0
3.766	1	2	377	7	2	28	2196	0	0	0
3.769	1	2	377	10	2	28	2196	0	0	0
3.772	1	2	378	3	2	28	2196	0	0	0
3.775	1	2	378	6	2	28	2196	0	0	0
3.778	1	2	378	9	2	28	2196	0	0	0
3.781	1	2	379	2	2	28	2196	0	0	0
3.784	1	2	379	5	2	28	2196	0	0	0
3.787	1	2	379	8	2	28	2196	0	0	0
3.79	1	2	380	1	2	28	2196	0	0	0
3.793	1	2	380	4	2	28	2196	0	0	0
3.796	1	2	380	7	2	28	2196	0	0	0
3.799	1	2	380	10	2	28	2196	0	0	0
3.802	1	2	381	3	2	28	2196	0	0	0
3.805	1	2	381	6	2	28	2196	0	0	0
3.808	1	2	381	9	2	28	2196	0	0	0
3.811	1	2	382	2	2	28	2196	0	0	0
3.814	1	2	382	5	2	28	2196	0	0	0
3.817	1	2	382	8	2	28	2196	0	0	0
3.82	1	2	383	1	2	28	2196	0	0	0
3.823	1	2	383	4	2	28	2196	0	0	0
3.826	1	2	383	7	2	28	2196	0	0	0
3.829	1	2	383	10	2	28	2196	0	0	0
3.832	1	2	384	3	2	28	2196	0	0	0
3.835	1	2	384	6	2	28	2196	0	0	0
3.838	1	2	384	9	2	28	2196	0	0	0
3.841	1	2	385	2	2	28	2196	0	0	0
3.844	1	2	385	5	2	28	2196	0	0	0
3.847	1	2	385	8	2	28	2196	0	0	0
3.85	1	2	386	1	2	28	2196	0	0	0
3.853	1	2	386	4	2	28	2196	0	0	0
3.856	1	2	386	7	2	28	2196	0	0	0
3.859	1	2	386	10	2	28	2196	0	0	0
3.862	1	2	387	3	2	28	2196	0	0	0
3.865	1	2	387	6	2	28	2196	0	0	0
3.868	1	2	387	9	2	28	2196	0	0	0
3.871	1	2	388	2	2	28	2196	0	0	0
3.874	1	2	388	5	2	28	2196	0	0	0
3.877	1	2	388	8	2	28	2196	0	0	0
3.88	1	2	389	1	2	28	2196	0	0	0
3.883	1	2	389	4	2	28	2196	0	0	0
3.886	1	2	389	7	2	28	2196	0	0	0
3.889	1	2	389	10	2	28	2196	0	0	0
3.892	1	2	390	3	2	28	2196	0	0	0
3.895	1	2	390	6	2	28	2196	0	0	0
3.898	1	2	390	9	2	28	2196	0	0	0
3.901	1	2	391	2	2	28	2196	0	0	0
3.904	1	2	391	5	2	28	2196	0	0	0
3.907	1	2	391	8	2	28	2196	0	0	0
3.91	1	2	392	1	2	28	2196	0	0	0
3.913	1	2	392	4	2	28	2196	0	0	0
3.916	1	2	392	7	2	28	2196	0	0	0
3.919	1	2	392	10	2	28	2196	0	0	0
3.922	1	2	393	3	2	28	2196	0	0	0
3.925	1	2	393	6	2	28	2196	0	0	0
3.928	1	2	393	9	2	28	2196	0	0	0
3.931	1	2	394	2	2	28	2196	0	0	0
3.934	1	2	394	5	2	28	2196	0	0	0
3.937	1	2	394	8	2	28	2196	0	0	0
3.94	1	2	395	1	2	28	2196	0	0	0
3.943	1	2	395	4	2	28	2196	0	0	0
3.946	1	2	395	7	2	28	2196	0	0	0
3.949	1	2	395	10	2	28	2196	0	0	0
3.952	1	2	396	3	2	28	2196	0	0	0
3.955	1	2	396	6	2	28	2196	0	0	0
3.958	1	2	396	9	2	28	2196	0	0	0
3.961	1	2	397	2	2	28	2196	0	0	0
3.964	1	2	397	5	2	28	2196	0	0	0
3.967	1	2	397	8	2	28	2196	0	0	0
3.97	1	2	398	1	2	28	2196	0	0	0
3.973	1	2	398	4	2	28	2196	0	0	0
3.976	1	2	398	7	2	28	2196	0	0	0
3.979	1	2	398	10	2	28	2196	0	0	0
3.982	1	2	399	3	2	28	2196	0	0	0
3.985	1	2	399	6	2	28	2196	0	0	0
3.988	1	2	399	9	2	28	2196	0	0	0
3.991	1	2	400	2	2	28	2196	0	0	0
3.994	1	2	400	5	2	28	2196	0	0	0
3.997	1	2	400	8	2	28	2196	0	0	0
4	1	2	401	1	2	28	2196	0	0	0
4.003	1	2	401	4	2	28	2196	0	0	0
4.006	1	2	401	7	2	28	2196	0	0	0
4.009	1	2	401	10	2	28	2196	0	0	0
4.012	1	2	402	3	2	28	2196	0	0	0
4.015	1	2	402	6	2	28	2196	0	0	0
4.018	1	2	402	9	2	28	2196	0	0	0
4.021	1	2	403	2	2	28	2196	0	0	0
4.024	1	2	403	5	2	28	2196	0	0	0
4.027	1	2	403	8	2	28	2196	0	0	0
4.03	1	2	404	1	2	28	2196	0	0	0
4.033	1	2	404	4	2	28	2196	0	0	0
4.036	1	2	404	7	2	28	2196	0	0	0
4.039	1	2	404	10	2	28	2196	0	0	0
4.042	1	2	405	3	2	28	2196	0	0	0
4.045	1	2	405	6	2	28	2196	0	0	0
4.048	1	2	405	9	2	28	2196	0	0	0
4.051	1	2	406	2	2	28	2196	0	0	0
4.054	1	2	406	5	2	28	2196	0	0	0
4.057	1	2	406	8	2	28	2196	0	0	0
4.06	1	2	407	1	2	28	2196	0	0	0
4.063	1	2	407	4	2	28	2196	0	0	0
4.066	1	2	407	7	2	28	2196	0	0	0
4.069	1	2	407	10	2	28	2196	0	0	0
4.072	1	2	408	3	2	28	2196	0	0	0
4.075	1	2	408	6	2	28	2196	0	0	0
4.078	1	2	408	9	2	28	2196	0	0	0
4.081	1	2	409	2	2	28	2196	0	0	0
4.084	1	2	409	5	2	28	2196	0	0	0
4.087	1	2	409	8	2	28	2196	0	0	0
4.09	1	2	410	1	2	28	2196	0	0	0
4.093	1	2	410	4	2	28	2196	0	0	0
4.096	1	2	410	7	2	28	2196	0	0	0
4.099	1	2	410	10	2	28	2196	0	0	0
4.102	1	2	411	3	2	28	2196	0	0	0
4.105	1	2	411	6	2	28	2196	0	0	0
4.108	1	2	411	9	2	28	2196	0	0	0
4.111	1	2	412	2	2	28	2196	0	0	0
4.114	1	2	412	5	2	28	2196	0	0	0
4.117	1	2	412	8	2	28	2196	0	0	0
4.12	1	2	413	1	2	28	2196	0	0	0
4.123	1	2	413	4	2	28	2196	0	0	0
4.126	1	2	413	7	2	28	2196	0	0	0
4.129	1	2	413	10	2	28	2196	0	0	0
4.132	1	2	414	3	2	28	2196	0	0	0
4.135	1	2	414	6	2	28	2196	0	0	0
4.138	1	2	414	9	2	28	2196	0	0	0
4.141	1	2	415	2	2	28	2196	0	0	0
4.144	1	2	415	5	2	28	2196	0	0	0
4.147	1	2	415	8	2	28	2196	0	0	0
4.15	1	2	416	1	2	28	2196	0	0	0
4.153	1	2	416	4	2	28	2196	0	0	0
4.156	1	2	416	7	2	28	2196	0	0	0
4.159	1	2	416	10	2	28	2196	0	0	0
4.162	1	2	417	3	2	28	2196	0	0	0
4.165	1	2	417	6	2	28	2196	0	0	0
4.168	1	2	417	9	2	28	2196	0	0	0
4.171	1	2	418	2	2	28	2196	0	0	0
4.174	1	2	418	5	2	28	2196	0	0	0
4.177	1	2	418	8	2	28	2196	0	0	0
4.18	1	2	419	1	2	28	2196	0	0	0
4.183	1	2	419	4	2	28	2196	0	0	0
4.186	1	2	419	7	2	28	2196	0	0	0
4.189	1	2	419	10	2	28	2196	0	0	0
4.192	1	2	420	3	2	28	2196	0	0	0
4.195	1	2	420	6	2	28	2196	0	0	0
4.198	1	2	420	9	2	28	2196	0	0	0
4.201	1	2	421	2	2	28	2196	0	0	0
4.204	1	2	421	5	2	28	2196	0	0	0
4.207	1	2	421	8	2	28	2196	0	0	0
4.21	1	2	422	1	2	28	2196	0	0	0
4.213	1	2	422	4	2	28	2196	0	0	0
4.216	1	2	422	7	2	28	2196	0	0	0
4.219	1	2	422	10	2	28	2196	0	0	0
4.222	1	2	423	3	2	28	2196	0	0	0
4.225	1	2	423	6	2	28	2196	0	0	0
4.228	1	2	423	9	2	28	2196	0	0	0
4.231	1	2	424	2	2	28	2196	0	0	0
4.234	1	2	424	5	2	28	2196	0	0	0
4.237	1	2	424	8	2	28	2196	0	0	0
4.24	1	2	425	1	2	28	2196	0	0	0
4.243	1	2	425	4	2	28	2196	0	0	0
4.246	1	2	425	7	2	28	2196	0	0	0
4.249	1	2	425	10	2	28	2196	0	0	0
4.252	1	2	426	3	2	28	2196	0	0	0
4.255	1	2	426	6	2	28	2196	0	0	0
4.258	1	2	426	9	2	28	2196	0	0	0
4.261	1	2	427	2	2	28	2196	0	0	0
4.264	1	2	427	5	2	28	2196	0	0	0
4.267	1	2	427	8	2	28	2196	0	0	0
4.27	1	2	428	1	2	28	2196	0	0	0
4.273	1	2	428	4	2	28	2196	0	0	0
4.276	1	2	428	7	2	28	2196	0	0	0
4.279	1	2	428	10	2	28	2196	0	0	0
4.282	1	2	429	3	2	28	2196	0	0	0
4.285	1	2	429	6	2	28	2196	0	0	0
4.288	1	2	429	9	2	28	2196	0	0	0
4.291	1	2	430	2	2	28	2196	0	0	0
4.294	1	2	430	5	2	28	2196	0	0	0
4.297	1	2	430	8	2	28	2196	0	0	0
4.3	1	2	431	1	2	28	2196	0	0	0
4.303	1	2	431	4	2	28	2196	0	0	0
4.306	1	2	431	7	2	28	2196	0	0	0
4.309	1	2	431	10	2	28	2196	0	0	0
4.312	1	2	432	3	2	28	2196	0	0	0
4.315	1	2	432	6	2	28	2196	0	0	0
4.318	1	2	432	9	2	28	2196	0	0	0
4.321	1	2	433	2	2	28	2196	0	0	0
4.324	1	2	433	5	2	28	2196	0	0	0
4.327	1	2	433	8	2	28	2196	0	0	0
4.33	1	2	434	1	2	28	2196	0	0	0
4.333	1	2	434	4	2	28	2196	0	0	0
4.336	1	2	434	7	2	28	2196	0	0	0
4.339	1	2	434	10	2	28	2196	0	0	0
4.342	1	2	435	3	2	28	2196	0	0	0
4.345	1	2	435	6	2	28	2196	0	0	0
4.348	1	2	435	9	2	28	2196	0	0	0
4.351	1	2	436	2	2	28	2196	0	0	0
4.354	1	2	436	5	2	28	2196	0	0	0
4.357	1	2	436	8	2	28	2196	0	0	0
4.36	1	2	437	1	2	28	2196	0	0	0
4.363	1	2	437	4	2	28	2196	0	0	0
4.366	1	2	437	7	2	28	2196	0	0	0
4.369	1	2	437	10	2	28	2196	0	0	0
4.372	1	2	438	3	2	28	2196	0	0	0
4.375	1	2	438	6	2	28	2196	0	0	0
4.378	1	2	438	9	2	28	2196	0	0	0
4.381	1	2	439	2	2	28	2196	0	0	0
4.384	1	2	439	5	2	28	2196	0	0	0
4.387	1	2	439	8	2	28	2196	0	0	0
4.39	1	2	440	1	2	28	2196	0	0	0
4.393	1	2	440	4	2	28	2196	0	0	0
4.396	1	2	440	7	2	28	2196	0	0	0
4.399	1	2	440	10	2	28	2196	0	0	0
4.402	1	2	441	3	2	28	2196	0	0	0
4.405	1	2	441	6	2	28	2196	0	0	0
4.408	1	2	441	9	2	28	2196	0	0	0
4.411	1	2	442	2	2	28	2196	0	0	0
4.414	1	2	442	5	2	28	2196	0	0	0
4.417	1	2	442	8	2	28	2196	0	0	0
4.42	1	2	443	1	2	28	2196	0	0	0
4.423	1	2	443	4	2	28	2196	0	0	0
4.426	1	2	443	7	2	28	2196	0	0	0
4.429	1	2	443	10	2	28	2196	0	0	0
4.432	1	2	444	3	2	28	2196	0	0	0
4.435	1	2	444	6	2	28	2196	0	0	0
4.438	1	2	444	9	2	28	2196	0	0	0
4.441	1	2	445	2	2	28	2196	0	0	0
4.444	1	2	445	5	2	28	2196	0	0	0
4.447	1	2	445	8	2	28	2196	0	0	0
4.45	1	2	446	1	2	28	2196	0	0	0
4.453	1	2	446	4	2	28	2196	0	0	0
4.456	1	2	446	7	2	28	2196	0	0	0
4.459	1	2	446	10	2	28	2196	0	0	0
4.462	1	2	447	3	2	28	2196	0	0	0
4.465	1	2	447	6	2	28	2196	0	0	0
4.468	1	2	447	9	2	28	2196	0	0	0
4.471	1	2	448	2	2	28	2196	0	0	0
4.474	1	2	448	5	2	28	2196	0	0	0
4.477	1	2	448	8	2	28	2196	0	0	0
4.48	1	2	449	1	2	28	2196	0	0	0
4.483	1	2	449	4	2	28	2196	0	0	0
4.486	1	2	449	7	2	28	2196	0	0	0
4.489	1	2	449	10	2	28	2196	0	0	0
4.492	1	2	450	3	2	28	2196	0	0	0
4.495	1	2	450	6	2	28	2196	0	0	0
4.498	1	2	450	9	2	28	2196	0	0	0
4.501	1	2	451	2	2	28	2196	0	0	0
4.504	1	2	451	5	2	28	2196	0	0	0
4.507	1	2	451	8	2	28	2196	0	0	0
4.51	1	2	452	1	2	28	2196	0	0	0
4.513	1	2	452	4	2	28	2196	0	0	0
4.516	1	2	452	7	2	28	2196	0	0	0
4.519	1	2	452	10	2	28	2196	0	0	0
4.522	1	2	453	3	2	28	2196	0	0	0
4.525	1	2	453	6	2	28	2196	0	0	0
4.528	1	2	453	9	2	28	2196	0	0	0
4.531	1	2	454	2	2	28	2196	0	0	0
4.534	1	2	454	5	2	28	2196	0	0	0
4.537	1	2	454	8	2	28	2196	0	0	0
4.54	1	2	455	1	2	28	2196	0	0	0
4.543	1	2	455	4	2	28	2196	0	0	0
4.546	1	2	455	7	2	28	2196	0	0	0
4.549	1	2	455	10	2	28	2196	0	0	0
4.552	1	2	456	3	2	28	2196	0	0	0
4.555	1	2	456	6	2	28	2196	0	0	0
4.558	1	2	456	9	2	28	2196	0	0	0
4.561	1	2	457	2	2	28	2196	0	0	0
4.564	1	2	457	5	2	28	2196	0	0	0
4.567	1	2	457	8	2	28	2196	0	0	0
4.57	1	2	458	1	2	28	2196	0	0	0
4.573	1	2	458	4	2	28	2196	0	0	0
4.576	1	2	458	7	2	28	2196	0	0	0
4.579	1	2	458	10	2	28	2196	0	0	0
4.582	1	2	459	3	2	28	2196	0	0	0
4.585	1	2	459	6	2	28	2196	0	0	0
4.588	1	2	459	9	2	28	2196	0	0	0
4.591	1	2	460	2	2	28	2196	0	0	0
4.594	1	2	460	5	2	28	2196	0	0	0
4.597	1	2	460	8	2	28	2196	0	0	0
4.6	1	2	461	1	2	28	2196	0	0	0
4.603	1	2	461	4	2	28	2196	0	0	0
4.606	1	2	461	7	2	28	2196	0	0	0
4.609	1	2	461	10	2	28	2196	0	0	0
4.612	1	2	462	3	2	28	2196	0	0	0
4.615	1	2	462	6	2	28	2196	0	0	0
4.618	1	2	462	9	2	28	2196	0	0	0
4.621	1	2	463	2	2	28	2196	0	0	0
4.624	1	2	463	5	2	28	2196	0	0	0
4.627	1	2	463	8	2	28	2196	0	0	0
4.63	1	2	464	1	2	28	2196	0	0	0
4.633	1	2	464	4	2	28	2196	0	0	0
4.636	1	2	464	7	2	28	2196	0	0	0
4.639	1	2	464	10	2	28	2196	0	0	0
4.642	1	2	465	3	2	28	2196	0	0	0
4.645	1	2	465	6	2	28	2196	0	0	0
4.648	1	2	465	9	2	28	2196	0	0	0
4.651	1	2	466	2	2	28	2196	0	0	0
4.654	1	2	466	5	2	28	2196	0	0	0
4.657	1	2	466	8	2	28	2196	0	0	0
4.66	1	2	467	1	2	28	2196	0	0	0
4.663	1	2	467	4	2	28	2196	0	0	0
4.666	1	2	467	7	2	28	2196	0	0	0
4.669	1	2	467	10	2	28	2196	0	0	0
4.672	1	2	468	3	2	28	2196	0	0	0
4.675	1	2	468	6	2	28	2196	0	0	0
4.678	1	2	468	9	2	28	2196	0	0	0
4.681	1	2	469	2	2	28	2196	0	0	0
4.684	1	2	469	5	2	28	2196	0	0	0
4.687	1	2	469	8	2	28	2196	0	0	0
4.69	1	2	470	1	2	28	2196	0	0	0
4.693	1	2	470	4	2	28	2196	0	0	0
4.696	1	2	470	7	2	28	2196	0	0	0
4.699	1	2	470	10	2	28	2196	0	0	0
4.702	1	2	471	3	2	28	2196	0	0	0
4.705	1	2	471	6	2	28	2196	0	0	0
4.708	1	2	471	9	2	28	2196	0	0	0
4.711	1	2	472	2	2	28	2196	0	0	0
4.714	1	2	472	5	2	28	2196	0	0	0
4.717	1	2	472	8	2	28	2196	0	0	0
4.72	1	2	473	1	2	28	2196	0	0	0
4.723	1	2	473	4	2	28	2196	0	0	0
4.726	1	2	473	7	2	28	2196	0	0	0
4.729	1	2	473	10	2	28	2196	0	0	0
4.732	1	2	474	3	2	28	2196	0	0	0
4.735	1	2	474	6	2	28	2196	0	0	0
4.738	1	2	474	9	2	28	2196	0	0	0
4.741	1	2	475	2	2	28	2196	0	0	0
4.744	1	2	475	5	2	28	2196	0	0	0
4.747	1	2	475	8	2	28	2196	0	0	0
4.75	1	2	476	1	2	28	2196	0	0	0
4.753	1	2	476	4	2	28	2196	0	0	0
4.756	1	2	476	7	2	28	2196	0	0	0
4.759	1	2	476	10	2	28	2196	0	0	0
4.762	1	2	477	3	2	28	2196	0	0	0
4.765	1	2	477	6	2	28	2196	0	0	0
4.768	1	2	477	9	2	28	2196	0	0	0
4.771	1	2	478	2	2	28	2196	0	0	0
4.774	1	2	478	5	2	28	2196	0	0	0
4.777	1	2	478	8	2	28	2196	0	0	0
4.78	1	2	479	1	2	28	2196	0	0	0
4.783	1	2	479	4	2	28	2196	0	0	0
4.786	1	2	479	7	2	28	2196	0	0	0
4.789	1	2	479	10	2	28	2196	0	0	0
4.792	1	2	480	3	2	28	2196	0	0	0
4.795	1	2	480	6	2	28	2196	0	0	0
4.798	1	2	480	9	2	28	2196	0	0	0
4.801	1	2	481	2	2	28	2196	0	0	0
4.804	1	2	481	5	2	28	2196	0	0	0
4.807	1	2	481	8	2	28	2196	0	0	0
4.81	1	2	482	1	2	28	2196	0	0	0
4.813	1	2	482	4	2	28	2196	0	0	0
4.816	1	2	482	7	2	28	2196	0	0	0
4.819	1	2	482	10	2	28	2196	0	0	0
4.822	1	2	483	3	2	28	2196	0	0	0
4.825	1	2	483	6	2	28	2196	0	0	0
4.828	1	2	483	9	2	28	2196	0	0	0
4.831	1	2	484	2	2	28	2196	0	0	0
4.834	1	2	484	5	2	28	2196	0	0	0
4.837	1	2	484	8	2	28	2196	0	0	0
4.84	1	2	485	1	2	28	2196	0	0	0
4.843	1	2	485	4	2	28	2196	0	0	0
4.846	1	2	485	7	2	28	2196	0	0	0
4.849	1	2	485	10	2	28	2196	0	0	0
4.852	1	2	486	3	2	28	2196	0	0	0
4.855	1	2	486	6	2	28	2196	0	0	0
4.858	1	2	486	9	2	28	2196	0	0	0
4.861	1	2	487	2	2	28	2196	0	0	0
4.864	1	2	487	5	2	28	2196	0	0	0
4.867	1	2	487	8	2	28	2196	0	0	0
4.87	1	2	488	1	2	28	2196	0	0	0
4.873	1	2	488	4	2	28	2196	0	0	0
4.876	1	2	488	7	2	28	2196	0	0	0
4.879	1	2	488	10	2	28	2196	0	0	0
4.882	1	2	489	3	2	28	2196	0	0	0
4.885	1	2	489	6	2	28	2196	0	0	0
4.888	1	2	489	9	2	28	2196	0	0	0
4.891	1	2	490	2	2	28	2196	0	0	0
4.894	1	2	490	5	2	28	2196	0	0	0
4.897	1	2	490	8	2	28	2196	0	0	0
4.9	1	2	491	1	2	28	2196	0	0	0
4.903	1	2	491	4	2	28	2196	0	0	0
4.906	1	2	491	7	2	28	2196	0	0	0
4.909	1	2	491	10	2	28	2196	0	0	0
4.912	1	2	492	3	2	28	2196	0	0	0
4.915	1	2	492	6	2	28	2196	0	0	0
4.918	1	2	492	9	2	28	2196	0	0	0
4.921	1	2	493	2	2	28	2196	0	0	0
4.924	1	2	493	5	2	28	2196	0	0	0
4.927	1	2	493	8	2	28	2196	0	0	0
4.93	1	2	494	1	2	28	2196	0	0	0
4.933	1	2	494	4	2	28	2196	0	0	0
4.936	1	2	494	7	2	28	2196	0	0	0
4.939	1	2	494	10	2	28	2196	0	0	0
4.942	1	2	495	3	2	28	2196	0	0	0
4.945	1	2	495	6	2	28	2196	0	0	0
4.948	1	2	495	9	2	28	2196	0	0	0
4.951	1	2	496	2	2	28	2196	0	0	0
4.954	1	2	496	5	2	28	2196	0	0	0
4.957	1	2	496	8	2	28	2196	0	0	0
4.96	1	2	497	1	2	28	2196	0	0	0
4.963	1	2	497	4	2	28	2196	0	0	0
4.966	1	2	497	7	2	28	2196	0	0	0
4.969	1	2	497	10	2	28	2196	0	0	0
4.972	1	2	498	3	2	28	2196	0	0	0
4.975	1	2	498	6	2	28	2196	0	0	0
4.978	1	2	498	9	2	28	2196	0	0	0
4.981	1	2	499	2	2	28	2196	0	0	0
4.984	1	2	499	5	2	28	2196	0	0	0
4.987	1	2	499	8	2	28	2196	0	0	0
4.99	1	2	500	1	2	28	2196	0	0	0
4.993	1	2	500	4	2	28	2196	0	0	0
4.996	1	2	500	7	2	28	2196	0	0	0
4.999	1	2	500	10	2	28	2196	0	0	0
