% time	cellId	IMSI	frame	sframe	RNTI	mcs	size	ccId
0.044	1	11	5	5	25	0	7	0
0.046	1	11	5	7	25	0	7	0
0.048	1	11	5	9	25	0	7	0
0.05	1	11	6	1	25	0	7	0
0.051	1	11	6	2	25	0	7	0
0.053	1	11	6	4	25	0	7	0
0.055	1	11	6	6	25	0	7	0
0.057	1	11	6	8	25	0	7	0
0.059	1	11	6	10	25	0	7	0
0.061	1	11	7	2	25	0	7	0
0.063	1	11	7	4	25	0	7	0
0.065	1	11	7	6	25	10	63	0
0.066	1	11	7	7	25	10	63	0
0.068	1	11	7	9	25	10	63	0
0.07	1	11	8	1	25	10	63	0
0.072	1	11	8	3	25	10	63	0
0.074	1	11	8	5	25	10	63	0
0.076	1	11	8	7	25	10	63	0
0.078	1	11	8	9	25	10	63	0
0.08	1	11	9	1	25	10	63	0
0.081	1	11	9	2	25	10	63	0
0.083	1	11	9	4	25	10	63	0
0.085	1	11	9	6	25	10	63	0
0.087	1	11	9	8	25	10	63	0
0.089	1	11	9	10	25	10	63	0
0.091	1	11	10	2	25	10	63	0
0.093	1	11	10	4	25	10	63	0
0.095	1	11	10	6	25	10	63	0
0.096	1	11	10	7	25	10	63	0
0.098	1	11	10	9	25	10	63	0
0.1	1	11	11	1	25	10	63	0
0.102	1	11	11	3	25	10	63	0
0.104	1	11	11	5	25	10	63	0
0.106	1	11	11	7	25	10	63	0
0.108	1	11	11	9	25	10	63	0
0.11	1	11	12	1	25	10	63	0
0.111	1	11	12	2	25	10	63	0
0.113	1	11	12	4	25	10	63	0
0.115	1	11	12	6	25	10	63	0
0.117	1	11	12	8	25	10	63	0
0.119	1	11	12	10	25	10	63	0
0.121	1	11	13	2	25	10	63	0
0.123	1	11	13	4	25	10	63	0
0.125	1	11	13	6	25	10	63	0
0.126	1	11	13	7	25	10	63	0
0.128	1	11	13	9	25	10	63	0
0.13	1	11	14	1	25	10	63	0
0.132	1	11	14	3	25	10	63	0
0.134	1	11	14	5	25	10	63	0
0.136	1	11	14	7	25	10	63	0
0.138	1	11	14	9	25	10	63	0
0.14	1	11	15	1	25	10	63	0
0.141	1	11	15	2	25	10	63	0
0.143	1	11	15	4	25	10	63	0
0.145	1	11	15	6	25	10	63	0
0.147	1	11	15	8	25	10	63	0
0.149	1	11	15	10	25	10	63	0
0.151	1	11	16	2	25	10	63	0
0.153	1	11	16	4	25	10	63	0
0.155	1	11	16	6	25	10	63	0
0.156	1	11	16	7	25	10	63	0
0.158	1	11	16	9	25	10	63	0
0.16	1	11	17	1	25	10	63	0
0.162	1	11	17	3	25	10	63	0
0.164	1	11	17	5	25	10	63	0
0.166	1	11	17	7	25	10	63	0
0.168	1	11	17	9	25	10	63	0
0.17	1	11	18	1	25	10	63	0
0.171	1	11	18	2	25	10	63	0
0.173	1	11	18	4	25	10	63	0
0.175	1	11	18	6	25	10	63	0
0.177	1	11	18	8	25	10	63	0
0.179	1	11	18	10	25	10	63	0
0.181	1	11	19	2	25	10	63	0
0.183	1	11	19	4	25	10	63	0
0.185	1	11	19	6	25	10	63	0
0.186	1	11	19	7	25	10	63	0
0.188	1	11	19	9	25	10	63	0
0.19	1	11	20	1	25	10	63	0
0.192	1	11	20	3	25	10	63	0
0.194	1	11	20	5	25	10	63	0
0.196	1	11	20	7	25	10	63	0
0.198	1	11	20	9	25	10	63	0
0.2	1	11	21	1	25	10	63	0
0.201	1	11	21	2	25	10	63	0
0.203	1	11	21	4	25	10	63	0
0.205	1	11	21	6	25	10	63	0
0.207	1	11	21	8	25	10	63	0
0.209	1	11	21	10	25	10	63	0
0.211	1	11	22	2	25	10	63	0
0.213	1	11	22	4	25	10	63	0
0.215	1	11	22	6	25	10	63	0
0.216	1	11	22	7	25	10	63	0
0.218	1	11	22	9	25	10	63	0
0.22	1	11	23	1	25	10	63	0
0.222	1	11	23	3	25	10	63	0
0.224	1	11	23	5	25	10	63	0
0.226	1	11	23	7	25	10	63	0
0.228	1	11	23	9	25	10	63	0
0.23	1	11	24	1	25	10	63	0
0.231	1	11	24	2	25	10	63	0
0.233	1	11	24	4	25	10	63	0
0.235	1	11	24	6	25	10	63	0
0.237	1	11	24	8	25	10	63	0
0.239	1	11	24	10	25	10	63	0
0.241	1	11	25	2	25	10	63	0
0.243	1	11	25	4	25	10	63	0
0.245	1	11	25	6	25	10	63	0
0.246	1	11	25	7	25	10	63	0
0.248	1	11	25	9	25	10	63	0
0.25	1	11	26	1	25	10	63	0
0.252	1	11	26	3	25	10	63	0
0.254	1	11	26	5	25	10	63	0
0.256	1	11	26	7	25	10	63	0
0.258	1	11	26	9	25	10	63	0
0.26	1	11	27	1	25	10	63	0
0.261	1	11	27	2	25	10	63	0
0.263	1	11	27	4	25	10	63	0
0.265	1	11	27	6	25	10	63	0
0.267	1	11	27	8	25	10	63	0
0.269	1	11	27	10	25	10	63	0
0.271	1	11	28	2	25	10	63	0
0.273	1	11	28	4	25	10	63	0
0.275	1	11	28	6	25	10	63	0
0.276	1	11	28	7	25	10	63	0
0.278	1	11	28	9	25	10	63	0
0.28	1	11	29	1	25	10	63	0
0.282	1	11	29	3	25	10	63	0
0.284	1	11	29	5	25	10	63	0
0.286	1	11	29	7	25	10	63	0
0.288	1	11	29	9	25	10	63	0
0.29	1	11	30	1	25	10	63	0
0.291	1	11	30	2	25	10	63	0
0.293	1	11	30	4	25	10	63	0
0.295	1	11	30	6	25	10	63	0
0.297	1	11	30	8	25	10	63	0
0.299	1	11	30	10	25	10	63	0
0.301	1	11	31	2	25	10	63	0
0.303	1	11	31	4	25	10	63	0
0.305	1	11	31	6	25	10	63	0
0.306	1	11	31	7	25	10	63	0
0.308	1	11	31	9	25	10	63	0
0.31	1	11	32	1	25	10	63	0
0.312	1	11	32	3	25	10	63	0
0.314	1	11	32	5	25	10	63	0
0.316	1	11	32	7	25	10	63	0
0.318	1	11	32	9	25	10	63	0
0.32	1	11	33	1	25	10	63	0
0.321	1	11	33	2	25	10	63	0
0.323	1	11	33	4	25	10	63	0
0.325	1	11	33	6	25	10	63	0
0.327	1	11	33	8	25	10	63	0
0.329	1	11	33	10	25	10	63	0
0.331	1	11	34	2	25	10	63	0
0.333	1	11	34	4	25	10	63	0
0.335	1	11	34	6	25	10	63	0
0.336	1	11	34	7	25	10	63	0
0.338	1	11	34	9	25	10	63	0
0.34	1	11	35	1	25	10	63	0
0.342	1	11	35	3	25	10	63	0
0.344	1	11	35	5	25	10	63	0
0.346	1	11	35	7	25	10	63	0
0.348	1	11	35	9	25	10	63	0
0.35	1	11	36	1	25	10	63	0
0.351	1	11	36	2	25	10	63	0
0.353	1	11	36	4	25	10	63	0
0.355	1	11	36	6	25	10	63	0
0.357	1	11	36	8	25	10	63	0
0.359	1	11	36	10	25	10	63	0
0.361	1	11	37	2	25	10	63	0
0.363	1	11	37	4	25	10	63	0
0.365	1	11	37	6	25	10	63	0
0.366	1	11	37	7	25	10	63	0
0.368	1	11	37	9	25	10	63	0
0.37	1	11	38	1	25	10	63	0
0.372	1	11	38	3	25	10	63	0
0.374	1	11	38	5	25	10	63	0
0.376	1	11	38	7	25	10	63	0
0.378	1	11	38	9	25	10	63	0
0.38	1	11	39	1	25	10	63	0
0.381	1	11	39	2	25	10	63	0
0.383	1	11	39	4	25	10	63	0
0.385	1	11	39	6	25	10	63	0
0.387	1	11	39	8	25	10	63	0
0.389	1	11	39	10	25	10	63	0
0.391	1	11	40	2	25	10	63	0
0.393	1	11	40	4	25	10	63	0
0.395	1	11	40	6	25	10	63	0
0.396	1	11	40	7	25	10	63	0
0.398	1	11	40	9	25	10	63	0
0.4	1	11	41	1	25	10	63	0
0.402	1	11	41	3	25	10	63	0
0.404	1	11	41	5	25	10	63	0
0.406	1	11	41	7	25	10	63	0
0.408	1	11	41	9	25	10	63	0
0.41	1	11	42	1	25	10	63	0
0.411	1	11	42	2	25	10	63	0
0.413	1	11	42	4	25	10	63	0
0.415	1	11	42	6	25	10	63	0
0.417	1	11	42	8	25	10	63	0
0.419	1	11	42	10	25	10	63	0
0.421	1	11	43	2	25	10	63	0
0.423	1	11	43	4	25	10	63	0
0.425	1	11	43	6	25	10	63	0
0.426	1	11	43	7	25	10	63	0
0.428	1	11	43	9	25	10	63	0
0.43	1	11	44	1	25	10	63	0
0.432	1	11	44	3	25	10	63	0
0.434	1	11	44	5	25	10	63	0
0.436	1	11	44	7	25	10	63	0
0.438	1	11	44	9	25	10	63	0
0.44	1	11	45	1	25	10	63	0
0.441	1	11	45	2	25	10	63	0
0.443	1	11	45	4	25	10	63	0
0.445	1	11	45	6	25	10	63	0
0.447	1	11	45	8	25	10	63	0
0.449	1	11	45	10	25	10	63	0
0.451	1	11	46	2	25	10	63	0
0.453	1	11	46	4	25	10	63	0
0.455	1	11	46	6	25	10	63	0
0.456	1	11	46	7	25	10	63	0
0.458	1	11	46	9	25	10	63	0
0.46	1	11	47	1	25	10	63	0
0.462	1	11	47	3	25	10	63	0
0.464	1	11	47	5	25	10	63	0
0.466	1	11	47	7	25	10	63	0
0.468	1	11	47	9	25	10	63	0
0.47	1	11	48	1	25	10	63	0
0.471	1	11	48	2	25	10	63	0
0.473	1	11	48	4	25	10	63	0
0.475	1	11	48	6	25	10	63	0
0.477	1	11	48	8	25	10	63	0
0.479	1	11	48	10	25	10	63	0
0.481	1	11	49	2	25	10	63	0
0.483	1	11	49	4	25	10	63	0
0.485	1	11	49	6	25	10	63	0
0.486	1	11	49	7	25	10	63	0
0.488	1	11	49	9	25	10	63	0
0.49	1	11	50	1	25	10	63	0
0.492	1	11	50	3	25	10	63	0
0.494	1	11	50	5	25	10	63	0
0.496	1	11	50	7	25	10	63	0
0.498	1	11	50	9	25	10	63	0
0.5	1	11	51	1	25	10	63	0
0.501	1	11	51	2	25	10	63	0
0.503	1	11	51	4	25	10	63	0
0.505	1	11	51	6	25	10	63	0
0.507	1	11	51	8	25	10	63	0
0.509	1	11	51	10	25	10	63	0
0.511	1	11	52	2	25	10	63	0
0.513	1	11	52	4	25	10	63	0
0.515	1	11	52	6	25	10	63	0
0.516	1	11	52	7	25	10	63	0
0.518	1	11	52	9	25	10	63	0
0.52	1	11	53	1	25	10	63	0
0.522	1	11	53	3	25	10	63	0
0.524	1	11	53	5	25	10	63	0
0.526	1	11	53	7	25	10	63	0
0.528	1	11	53	9	25	10	63	0
0.53	1	11	54	1	25	10	63	0
0.531	1	11	54	2	25	10	63	0
0.533	1	11	54	4	25	10	63	0
0.535	1	11	54	6	25	10	63	0
0.537	1	11	54	8	25	10	63	0
0.539	1	11	54	10	25	10	63	0
0.541	1	11	55	2	25	10	63	0
0.543	1	11	55	4	25	10	63	0
0.545	1	11	55	6	25	10	63	0
0.546	1	11	55	7	25	10	63	0
0.548	1	11	55	9	25	10	63	0
0.55	1	11	56	1	25	10	63	0
0.552	1	11	56	3	25	10	63	0
0.554	1	11	56	5	25	10	63	0
0.556	1	11	56	7	25	10	63	0
0.558	1	11	56	9	25	10	63	0
0.56	1	11	57	1	25	10	63	0
0.561	1	11	57	2	25	10	63	0
0.563	1	11	57	4	25	10	63	0
0.565	1	11	57	6	25	10	63	0
0.567	1	11	57	8	25	10	63	0
0.569	1	11	57	10	25	10	63	0
0.571	1	11	58	2	25	10	63	0
0.573	1	11	58	4	25	10	63	0
0.575	1	11	58	6	25	10	63	0
0.576	1	11	58	7	25	10	63	0
0.578	1	11	58	9	25	10	63	0
0.58	1	11	59	1	25	10	63	0
0.582	1	11	59	3	25	10	63	0
0.584	1	11	59	5	25	10	63	0
0.586	1	11	59	7	25	10	63	0
0.588	1	11	59	9	25	10	63	0
0.59	1	11	60	1	25	10	63	0
0.591	1	11	60	2	25	10	63	0
0.593	1	11	60	4	25	10	63	0
0.595	1	11	60	6	25	10	63	0
0.597	1	11	60	8	25	10	63	0
0.599	1	11	60	10	25	10	63	0
0.601	1	11	61	2	25	10	63	0
0.603	1	11	61	4	25	10	63	0
0.605	1	11	61	6	25	10	63	0
0.606	1	11	61	7	25	10	63	0
0.608	1	11	61	9	25	10	63	0
0.61	1	11	62	1	25	10	63	0
0.612	1	11	62	3	25	10	63	0
0.614	1	11	62	5	25	10	63	0
0.616	1	11	62	7	25	10	63	0
0.618	1	11	62	9	25	10	63	0
0.62	1	11	63	1	25	10	63	0
0.621	1	11	63	2	25	10	63	0
0.623	1	11	63	4	25	10	63	0
0.625	1	11	63	6	25	10	63	0
0.627	1	11	63	8	25	10	63	0
0.629	1	11	63	10	25	10	63	0
0.631	1	11	64	2	25	10	63	0
0.633	1	11	64	4	25	10	63	0
0.635	1	11	64	6	25	10	63	0
0.636	1	11	64	7	25	10	63	0
0.638	1	11	64	9	25	10	63	0
0.64	1	11	65	1	25	10	63	0
0.642	1	11	65	3	25	10	63	0
0.644	1	11	65	5	25	10	63	0
0.646	1	11	65	7	25	10	63	0
0.648	1	11	65	9	25	10	63	0
0.65	1	11	66	1	25	10	63	0
0.651	1	11	66	2	25	10	63	0
0.653	1	11	66	4	25	10	63	0
0.655	1	11	66	6	25	10	63	0
0.657	1	11	66	8	25	10	63	0
0.659	1	11	66	10	25	10	63	0
0.661	1	11	67	2	25	10	63	0
0.663	1	11	67	4	25	10	63	0
0.665	1	11	67	6	25	10	63	0
0.666	1	11	67	7	25	10	63	0
0.668	1	11	67	9	25	10	63	0
0.67	1	11	68	1	25	10	63	0
0.672	1	11	68	3	25	10	63	0
0.674	1	11	68	5	25	10	63	0
0.676	1	11	68	7	25	10	63	0
0.678	1	11	68	9	25	10	63	0
0.68	1	11	69	1	25	10	63	0
0.681	1	11	69	2	25	10	63	0
0.683	1	11	69	4	25	10	63	0
0.685	1	11	69	6	25	10	63	0
0.687	1	11	69	8	25	10	63	0
0.689	1	11	69	10	25	10	63	0
0.691	1	11	70	2	25	10	63	0
0.693	1	11	70	4	25	10	63	0
0.695	1	11	70	6	25	10	63	0
0.696	1	11	70	7	25	10	63	0
0.698	1	11	70	9	25	10	63	0
0.7	1	11	71	1	25	10	63	0
0.702	1	11	71	3	25	10	63	0
0.704	1	11	71	5	25	10	63	0
0.706	1	11	71	7	25	10	63	0
0.708	1	11	71	9	25	10	63	0
0.71	1	11	72	1	25	10	63	0
0.711	1	11	72	2	25	10	63	0
0.713	1	11	72	4	25	10	63	0
0.715	1	11	72	6	25	10	63	0
0.717	1	11	72	8	25	10	63	0
0.719	1	11	72	10	25	10	63	0
0.721	1	11	73	2	25	10	63	0
0.723	1	11	73	4	25	10	63	0
0.725	1	11	73	6	25	10	63	0
0.726	1	11	73	7	25	10	63	0
0.728	1	11	73	9	25	10	63	0
0.73	1	11	74	1	25	10	63	0
0.732	1	11	74	3	25	10	63	0
0.734	1	11	74	5	25	10	63	0
0.736	1	11	74	7	25	10	63	0
0.738	1	11	74	9	25	10	63	0
0.74	1	11	75	1	25	10	63	0
0.741	1	11	75	2	25	10	63	0
0.743	1	11	75	4	25	10	63	0
0.745	1	11	75	6	25	10	63	0
0.747	1	11	75	8	25	10	63	0
0.749	1	11	75	10	25	10	63	0
0.751	1	11	76	2	25	10	63	0
0.753	1	11	76	4	25	10	63	0
0.755	1	11	76	6	25	10	63	0
0.756	1	11	76	7	25	10	63	0
0.758	1	11	76	9	25	10	63	0
0.76	1	11	77	1	25	10	63	0
0.762	1	11	77	3	25	10	63	0
0.764	1	11	77	5	25	10	63	0
0.766	1	11	77	7	25	10	63	0
0.768	1	11	77	9	25	10	63	0
0.77	1	11	78	1	25	10	63	0
0.771	1	11	78	2	25	10	63	0
0.773	1	11	78	4	25	10	63	0
0.775	1	11	78	6	25	10	63	0
0.777	1	11	78	8	25	10	63	0
0.779	1	11	78	10	25	10	63	0
0.781	1	11	79	2	25	10	63	0
0.783	1	11	79	4	25	10	63	0
0.785	1	11	79	6	25	10	63	0
0.786	1	11	79	7	25	10	63	0
0.788	1	11	79	9	25	10	63	0
0.79	1	11	80	1	25	10	63	0
0.792	1	11	80	3	25	10	63	0
0.794	1	11	80	5	25	10	63	0
0.796	1	11	80	7	25	10	63	0
0.798	1	11	80	9	25	10	63	0
0.8	1	11	81	1	25	10	63	0
0.801	1	11	81	2	25	10	63	0
0.803	1	11	81	4	25	10	63	0
0.805	1	11	81	6	25	10	63	0
0.807	1	11	81	8	25	10	63	0
0.809	1	11	81	10	25	10	63	0
0.811	1	11	82	2	25	10	63	0
0.813	1	11	82	4	25	10	63	0
0.815	1	11	82	6	25	10	63	0
0.816	1	11	82	7	25	10	63	0
0.818	1	11	82	9	25	10	63	0
0.82	1	11	83	1	25	10	63	0
0.822	1	11	83	3	25	10	63	0
0.824	1	11	83	5	25	10	63	0
0.826	1	11	83	7	25	10	63	0
0.828	1	11	83	9	25	10	63	0
0.83	1	11	84	1	25	10	63	0
0.831	1	11	84	2	25	10	63	0
0.833	1	11	84	4	25	10	63	0
0.835	1	11	84	6	25	10	63	0
0.837	1	11	84	8	25	10	63	0
0.839	1	11	84	10	25	10	63	0
0.841	1	11	85	2	25	10	63	0
0.843	1	11	85	4	25	10	63	0
0.845	1	11	85	6	25	10	63	0
0.846	1	11	85	7	25	10	63	0
0.848	1	11	85	9	25	10	63	0
0.85	1	11	86	1	25	10	63	0
0.852	1	11	86	3	25	10	63	0
0.854	1	11	86	5	25	10	63	0
0.856	1	11	86	7	25	10	63	0
0.858	1	11	86	9	25	10	63	0
0.86	1	11	87	1	25	10	63	0
0.861	1	11	87	2	25	10	63	0
0.863	1	11	87	4	25	10	63	0
0.865	1	11	87	6	25	10	63	0
0.867	1	11	87	8	25	10	63	0
0.869	1	11	87	10	25	10	63	0
0.871	1	11	88	2	25	10	63	0
0.873	1	11	88	4	25	10	63	0
0.875	1	11	88	6	25	10	63	0
0.876	1	11	88	7	25	10	63	0
0.878	1	11	88	9	25	10	63	0
0.88	1	11	89	1	25	10	63	0
0.882	1	11	89	3	25	10	63	0
0.884	1	11	89	5	25	10	63	0
0.886	1	11	89	7	25	10	63	0
0.888	1	11	89	9	25	10	63	0
0.89	1	11	90	1	25	10	63	0
0.891	1	11	90	2	25	10	63	0
0.893	1	11	90	4	25	10	63	0
0.895	1	11	90	6	25	10	63	0
0.897	1	11	90	8	25	10	63	0
0.899	1	11	90	10	25	10	63	0
0.901	1	11	91	2	25	10	63	0
0.903	1	11	91	4	25	10	63	0
0.905	1	11	91	6	25	10	63	0
0.906	1	11	91	7	25	10	63	0
0.908	1	11	91	9	25	10	63	0
0.91	1	11	92	1	25	10	63	0
0.912	1	11	92	3	25	10	63	0
0.914	1	11	92	5	25	10	63	0
0.916	1	11	92	7	25	10	63	0
0.918	1	11	92	9	25	10	63	0
0.92	1	11	93	1	25	10	63	0
0.921	1	11	93	2	25	10	63	0
0.923	1	11	93	4	25	10	63	0
0.925	1	11	93	6	25	10	63	0
0.927	1	11	93	8	25	10	63	0
0.929	1	11	93	10	25	10	63	0
0.931	1	11	94	2	25	10	63	0
0.933	1	11	94	4	25	10	63	0
0.935	1	11	94	6	25	10	63	0
0.936	1	11	94	7	25	10	63	0
0.938	1	11	94	9	25	10	63	0
0.94	1	11	95	1	25	10	63	0
0.942	1	11	95	3	25	10	63	0
0.944	1	11	95	5	25	10	63	0
0.946	1	11	95	7	25	10	63	0
0.948	1	11	95	9	25	10	63	0
0.95	1	11	96	1	25	10	63	0
0.951	1	11	96	2	25	10	63	0
0.953	1	11	96	4	25	10	63	0
0.955	1	11	96	6	25	10	63	0
0.957	1	11	96	8	25	10	63	0
0.959	1	11	96	10	25	10	63	0
0.961	1	11	97	2	25	10	63	0
0.963	1	11	97	4	25	10	63	0
0.965	1	11	97	6	25	10	63	0
0.966	1	11	97	7	25	10	63	0
0.968	1	11	97	9	25	10	63	0
0.97	1	11	98	1	25	10	63	0
0.972	1	11	98	3	25	10	63	0
0.974	1	11	98	5	25	10	63	0
0.976	1	11	98	7	25	10	63	0
0.978	1	11	98	9	25	10	63	0
0.98	1	11	99	1	25	10	63	0
0.981	1	11	99	2	25	10	63	0
0.983	1	11	99	4	25	10	63	0
0.985	1	11	99	6	25	10	63	0
0.987	1	11	99	8	25	10	63	0
0.989	1	11	99	10	25	10	63	0
0.991	1	11	100	2	25	10	63	0
0.993	1	11	100	4	25	10	63	0
0.995	1	11	100	6	25	10	63	0
0.996	1	11	100	7	25	10	63	0
0.998	1	11	100	9	25	10	63	0
1	1	11	101	1	25	10	63	0
1.002	1	11	101	3	25	10	63	0
1.004	1	11	101	5	25	10	63	0
1.006	1	11	101	7	25	10	63	0
1.008	1	11	101	9	25	10	63	0
1.01	1	11	102	1	25	10	63	0
1.011	1	11	102	2	25	10	63	0
1.013	1	11	102	4	25	10	63	0
1.015	1	11	102	6	25	10	63	0
1.017	1	11	102	8	25	10	63	0
1.019	1	11	102	10	25	10	63	0
1.021	1	11	103	2	25	10	63	0
1.023	1	11	103	4	25	10	63	0
1.025	1	11	103	6	25	10	63	0
1.026	1	11	103	7	25	10	63	0
1.028	1	11	103	9	25	10	63	0
1.03	1	11	104	1	25	10	63	0
1.032	1	11	104	3	25	10	63	0
1.034	1	11	104	5	25	10	63	0
1.036	1	11	104	7	25	10	63	0
1.038	1	11	104	9	25	10	63	0
1.04	1	11	105	1	25	10	63	0
1.041	1	11	105	2	25	10	63	0
1.043	1	11	105	4	25	10	63	0
1.045	1	11	105	6	25	10	63	0
1.047	1	11	105	8	25	10	63	0
1.049	1	11	105	10	25	10	63	0
1.051	1	11	106	2	25	10	63	0
1.053	1	11	106	4	25	10	63	0
1.055	1	11	106	6	25	10	63	0
1.056	1	11	106	7	25	10	63	0
1.058	1	11	106	9	25	10	63	0
1.06	1	11	107	1	25	10	63	0
1.062	1	11	107	3	25	10	63	0
1.064	1	11	107	5	25	10	63	0
1.066	1	11	107	7	25	10	63	0
1.068	1	11	107	9	25	10	63	0
1.07	1	11	108	1	25	10	63	0
1.071	1	11	108	2	25	10	63	0
1.073	1	11	108	4	25	10	63	0
1.075	1	11	108	6	25	10	63	0
1.077	1	11	108	8	25	10	63	0
1.079	1	11	108	10	25	10	63	0
1.081	1	11	109	2	25	10	63	0
1.083	1	11	109	4	25	10	63	0
1.085	1	11	109	6	25	10	63	0
1.086	1	11	109	7	25	10	63	0
1.088	1	11	109	9	25	10	63	0
1.09	1	11	110	1	25	10	63	0
1.092	1	11	110	3	25	10	63	0
1.094	1	11	110	5	25	10	63	0
1.096	1	11	110	7	25	10	63	0
1.098	1	11	110	9	25	10	63	0
1.1	1	11	111	1	25	10	63	0
1.101	1	11	111	2	25	10	63	0
1.103	1	11	111	4	25	10	63	0
1.105	1	11	111	6	25	10	63	0
1.107	1	11	111	8	25	10	63	0
1.109	1	11	111	10	25	10	63	0
1.111	1	11	112	2	25	10	63	0
1.113	1	11	112	4	25	10	63	0
1.115	1	11	112	6	25	10	63	0
1.116	1	11	112	7	25	10	63	0
1.118	1	11	112	9	25	10	63	0
1.12	1	11	113	1	25	10	63	0
1.122	1	11	113	3	25	10	63	0
1.124	1	11	113	5	25	10	63	0
1.126	1	11	113	7	25	10	63	0
1.128	1	11	113	9	25	10	63	0
1.13	1	11	114	1	25	10	63	0
1.131	1	11	114	2	25	10	63	0
1.133	1	11	114	4	25	10	63	0
1.135	1	11	114	6	25	10	63	0
1.137	1	11	114	8	25	10	63	0
1.139	1	11	114	10	25	10	63	0
1.141	1	11	115	2	25	10	63	0
1.143	1	11	115	4	25	10	63	0
1.145	1	11	115	6	25	10	63	0
1.146	1	11	115	7	25	10	63	0
1.148	1	11	115	9	25	10	63	0
1.15	1	11	116	1	25	10	63	0
1.152	1	11	116	3	25	10	63	0
1.154	1	11	116	5	25	10	63	0
1.156	1	11	116	7	25	10	63	0
1.158	1	11	116	9	25	10	63	0
1.16	1	11	117	1	25	10	63	0
1.161	1	11	117	2	25	10	63	0
1.163	1	11	117	4	25	10	63	0
1.165	1	11	117	6	25	10	63	0
1.167	1	11	117	8	25	10	63	0
1.169	1	11	117	10	25	10	63	0
1.171	1	11	118	2	25	10	63	0
1.173	1	11	118	4	25	10	63	0
1.175	1	11	118	6	25	10	63	0
1.176	1	11	118	7	25	10	63	0
1.178	1	11	118	9	25	10	63	0
1.18	1	11	119	1	25	10	63	0
1.182	1	11	119	3	25	10	63	0
1.184	1	11	119	5	25	10	63	0
1.186	1	11	119	7	25	10	63	0
1.188	1	11	119	9	25	10	63	0
1.19	1	11	120	1	25	10	63	0
1.191	1	11	120	2	25	10	63	0
1.193	1	11	120	4	25	10	63	0
1.195	1	11	120	6	25	10	63	0
1.197	1	11	120	8	25	10	63	0
1.199	1	11	120	10	25	10	63	0
1.201	1	11	121	2	25	10	63	0
1.203	1	11	121	4	25	10	63	0
1.205	1	11	121	6	25	10	63	0
1.206	1	11	121	7	25	10	63	0
1.208	1	11	121	9	25	10	63	0
1.21	1	11	122	1	25	10	63	0
1.212	1	11	122	3	25	10	63	0
1.214	1	11	122	5	25	10	63	0
1.216	1	11	122	7	25	10	63	0
1.218	1	11	122	9	25	10	63	0
1.22	1	11	123	1	25	10	63	0
1.221	1	11	123	2	25	10	63	0
1.223	1	11	123	4	25	10	63	0
1.225	1	11	123	6	25	10	63	0
1.227	1	11	123	8	25	10	63	0
1.229	1	11	123	10	25	10	63	0
1.231	1	11	124	2	25	10	63	0
1.233	1	11	124	4	25	10	63	0
1.235	1	11	124	6	25	10	63	0
1.236	1	11	124	7	25	10	63	0
1.238	1	11	124	9	25	10	63	0
1.24	1	11	125	1	25	10	63	0
1.242	1	11	125	3	25	10	63	0
1.244	1	11	125	5	25	10	63	0
1.246	1	11	125	7	25	10	63	0
1.248	1	11	125	9	25	10	63	0
1.25	1	11	126	1	25	10	63	0
1.251	1	11	126	2	25	10	63	0
1.253	1	11	126	4	25	10	63	0
1.255	1	11	126	6	25	10	63	0
1.257	1	11	126	8	25	10	63	0
1.259	1	11	126	10	25	10	63	0
1.261	1	11	127	2	25	10	63	0
1.263	1	11	127	4	25	10	63	0
1.265	1	11	127	6	25	10	63	0
1.266	1	11	127	7	25	10	63	0
1.268	1	11	127	9	25	10	63	0
1.27	1	11	128	1	25	10	63	0
1.272	1	11	128	3	25	10	63	0
1.274	1	11	128	5	25	10	63	0
1.276	1	11	128	7	25	10	63	0
1.278	1	11	128	9	25	10	63	0
1.28	1	11	129	1	25	10	63	0
1.281	1	11	129	2	25	10	63	0
1.283	1	11	129	4	25	10	63	0
1.285	1	11	129	6	25	10	63	0
1.287	1	11	129	8	25	10	63	0
1.289	1	11	129	10	25	10	63	0
1.291	1	11	130	2	25	10	63	0
1.293	1	11	130	4	25	10	63	0
1.295	1	11	130	6	25	10	63	0
1.296	1	11	130	7	25	10	63	0
1.298	1	11	130	9	25	10	63	0
1.3	1	11	131	1	25	10	63	0
1.302	1	11	131	3	25	10	63	0
1.304	1	11	131	5	25	10	63	0
1.306	1	11	131	7	25	10	63	0
1.308	1	11	131	9	25	10	63	0
1.31	1	11	132	1	25	10	63	0
1.311	1	11	132	2	25	10	63	0
1.313	1	11	132	4	25	10	63	0
1.315	1	11	132	6	25	10	63	0
1.317	1	11	132	8	25	10	63	0
1.319	1	11	132	10	25	10	63	0
1.321	1	11	133	2	25	10	63	0
1.323	1	11	133	4	25	10	63	0
1.325	1	11	133	6	25	10	63	0
1.326	1	11	133	7	25	10	63	0
1.328	1	11	133	9	25	10	63	0
1.33	1	11	134	1	25	10	63	0
1.332	1	11	134	3	25	10	63	0
1.334	1	11	134	5	25	10	63	0
1.336	1	11	134	7	25	10	63	0
1.338	1	11	134	9	25	10	63	0
1.34	1	11	135	1	25	10	63	0
1.341	1	11	135	2	25	10	63	0
1.343	1	11	135	4	25	10	63	0
1.345	1	11	135	6	25	10	63	0
1.347	1	11	135	8	25	10	63	0
1.349	1	11	135	10	25	10	63	0
1.351	1	11	136	2	25	10	63	0
1.353	1	11	136	4	25	10	63	0
1.355	1	11	136	6	25	10	63	0
1.356	1	11	136	7	25	10	63	0
1.358	1	11	136	9	25	10	63	0
1.36	1	11	137	1	25	10	63	0
1.362	1	11	137	3	25	10	63	0
1.364	1	11	137	5	25	10	63	0
1.366	1	11	137	7	25	10	63	0
1.368	1	11	137	9	25	10	63	0
1.37	1	11	138	1	25	10	63	0
1.371	1	11	138	2	25	10	63	0
1.373	1	11	138	4	25	10	63	0
1.375	1	11	138	6	25	10	63	0
1.377	1	11	138	8	25	10	63	0
1.379	1	11	138	10	25	10	63	0
1.381	1	11	139	2	25	10	63	0
1.383	1	11	139	4	25	10	63	0
1.385	1	11	139	6	25	10	63	0
1.386	1	11	139	7	25	10	63	0
1.388	1	11	139	9	25	10	63	0
1.39	1	11	140	1	25	10	63	0
1.392	1	11	140	3	25	10	63	0
1.394	1	11	140	5	25	10	63	0
1.396	1	11	140	7	25	10	63	0
1.398	1	11	140	9	25	10	63	0
1.4	1	11	141	1	25	10	63	0
1.401	1	11	141	2	25	10	63	0
1.403	1	11	141	4	25	10	63	0
1.405	1	11	141	6	25	10	63	0
1.407	1	11	141	8	25	10	63	0
1.409	1	11	141	10	25	10	63	0
1.411	1	11	142	2	25	10	63	0
1.413	1	11	142	4	25	10	63	0
1.415	1	11	142	6	25	10	63	0
1.416	1	11	142	7	25	10	63	0
1.418	1	11	142	9	25	10	63	0
1.42	1	11	143	1	25	10	63	0
1.422	1	11	143	3	25	10	63	0
1.424	1	11	143	5	25	10	63	0
1.426	1	11	143	7	25	10	63	0
1.428	1	11	143	9	25	10	63	0
1.43	1	11	144	1	25	10	63	0
1.431	1	11	144	2	25	10	63	0
1.433	1	11	144	4	25	10	63	0
1.435	1	11	144	6	25	10	63	0
1.437	1	11	144	8	25	10	63	0
1.439	1	11	144	10	25	10	63	0
1.441	1	11	145	2	25	10	63	0
1.443	1	11	145	4	25	10	63	0
1.445	1	11	145	6	25	10	63	0
1.446	1	11	145	7	25	10	63	0
1.448	1	11	145	9	25	10	63	0
1.45	1	11	146	1	25	10	63	0
1.452	1	11	146	3	25	10	63	0
1.454	1	11	146	5	25	10	63	0
1.456	1	11	146	7	25	10	63	0
1.458	1	11	146	9	25	10	63	0
1.46	1	11	147	1	25	10	63	0
1.461	1	11	147	2	25	10	63	0
1.463	1	11	147	4	25	10	63	0
1.465	1	11	147	6	25	10	63	0
1.467	1	11	147	8	25	10	63	0
1.469	1	11	147	10	25	10	63	0
1.471	1	11	148	2	25	10	63	0
1.473	1	11	148	4	25	10	63	0
1.475	1	11	148	6	25	10	63	0
1.476	1	11	148	7	25	10	63	0
1.478	1	11	148	9	25	10	63	0
1.48	1	11	149	1	25	10	63	0
1.482	1	11	149	3	25	10	63	0
1.484	1	11	149	5	25	10	63	0
1.486	1	11	149	7	25	10	63	0
1.488	1	11	149	9	25	10	63	0
1.49	1	11	150	1	25	10	63	0
1.491	1	11	150	2	25	10	63	0
1.493	1	11	150	4	25	10	63	0
1.495	1	11	150	6	25	10	63	0
1.497	1	11	150	8	25	10	63	0
1.499	1	11	150	10	25	10	63	0
1.501	1	11	151	2	25	10	63	0
1.503	1	11	151	4	25	10	63	0
1.505	1	11	151	6	25	10	63	0
1.506	1	11	151	7	25	10	63	0
1.508	1	11	151	9	25	10	63	0
1.51	1	11	152	1	25	10	63	0
1.512	1	11	152	3	25	10	63	0
1.514	1	11	152	5	25	10	63	0
1.516	1	11	152	7	25	10	63	0
1.518	1	11	152	9	25	10	63	0
1.52	1	11	153	1	25	10	63	0
1.521	1	11	153	2	25	10	63	0
1.523	1	11	153	4	25	10	63	0
1.525	1	11	153	6	25	10	63	0
1.527	1	11	153	8	25	10	63	0
1.529	1	11	153	10	25	10	63	0
1.531	1	11	154	2	25	10	63	0
1.533	1	11	154	4	25	10	63	0
1.535	1	11	154	6	25	10	63	0
1.536	1	11	154	7	25	10	63	0
1.538	1	11	154	9	25	10	63	0
1.54	1	11	155	1	25	10	63	0
1.542	1	11	155	3	25	10	63	0
1.544	1	11	155	5	25	10	63	0
1.546	1	11	155	7	25	10	63	0
1.548	1	11	155	9	25	10	63	0
1.55	1	11	156	1	25	10	63	0
1.551	1	11	156	2	25	10	63	0
1.553	1	11	156	4	25	10	63	0
1.555	1	11	156	6	25	10	63	0
1.557	1	11	156	8	25	10	63	0
1.559	1	11	156	10	25	10	63	0
1.561	1	11	157	2	25	10	63	0
1.563	1	11	157	4	25	10	63	0
1.565	1	11	157	6	25	10	63	0
1.566	1	11	157	7	25	10	63	0
1.568	1	11	157	9	25	10	63	0
1.57	1	11	158	1	25	10	63	0
1.572	1	11	158	3	25	10	63	0
1.574	1	11	158	5	25	10	63	0
1.576	1	11	158	7	25	10	63	0
1.578	1	11	158	9	25	10	63	0
1.58	1	11	159	1	25	10	63	0
1.581	1	11	159	2	25	10	63	0
1.583	1	11	159	4	25	10	63	0
1.585	1	11	159	6	25	10	63	0
1.587	1	11	159	8	25	10	63	0
1.589	1	11	159	10	25	10	63	0
1.591	1	11	160	2	25	10	63	0
1.593	1	11	160	4	25	10	63	0
1.595	1	11	160	6	25	10	63	0
1.596	1	11	160	7	25	10	63	0
1.598	1	11	160	9	25	10	63	0
1.6	1	11	161	1	25	10	63	0
1.602	1	11	161	3	25	10	63	0
1.604	1	11	161	5	25	10	63	0
1.606	1	11	161	7	25	10	63	0
1.608	1	11	161	9	25	10	63	0
1.61	1	11	162	1	25	10	63	0
1.611	1	11	162	2	25	10	63	0
1.613	1	11	162	4	25	10	63	0
1.615	1	11	162	6	25	10	63	0
1.617	1	11	162	8	25	10	63	0
1.619	1	11	162	10	25	10	63	0
1.621	1	11	163	2	25	10	63	0
1.623	1	11	163	4	25	10	63	0
1.625	1	11	163	6	25	10	63	0
1.626	1	11	163	7	25	10	63	0
1.628	1	11	163	9	25	10	63	0
1.63	1	11	164	1	25	10	63	0
1.632	1	11	164	3	25	10	63	0
1.634	1	11	164	5	25	10	63	0
1.636	1	11	164	7	25	10	63	0
1.638	1	11	164	9	25	10	63	0
1.64	1	11	165	1	25	10	63	0
1.641	1	11	165	2	25	10	63	0
1.643	1	11	165	4	25	10	63	0
1.645	1	11	165	6	25	10	63	0
1.647	1	11	165	8	25	10	63	0
1.649	1	11	165	10	25	10	63	0
1.651	1	11	166	2	25	10	63	0
1.653	1	11	166	4	25	10	63	0
1.655	1	11	166	6	25	10	63	0
1.656	1	11	166	7	25	10	63	0
1.658	1	11	166	9	25	10	63	0
1.66	1	11	167	1	25	10	63	0
1.662	1	11	167	3	25	10	63	0
1.664	1	11	167	5	25	10	63	0
1.666	1	11	167	7	25	10	63	0
1.668	1	11	167	9	25	10	63	0
1.67	1	11	168	1	25	10	63	0
1.671	1	11	168	2	25	10	63	0
1.673	1	11	168	4	25	10	63	0
1.675	1	11	168	6	25	10	63	0
1.677	1	11	168	8	25	10	63	0
1.679	1	11	168	10	25	10	63	0
1.681	1	11	169	2	25	10	63	0
1.683	1	11	169	4	25	10	63	0
1.685	1	11	169	6	25	10	63	0
1.686	1	11	169	7	25	10	63	0
1.688	1	11	169	9	25	10	63	0
1.69	1	11	170	1	25	10	63	0
1.692	1	11	170	3	25	10	63	0
1.694	1	11	170	5	25	10	63	0
1.696	1	11	170	7	25	10	63	0
1.698	1	11	170	9	25	10	63	0
1.7	1	11	171	1	25	10	63	0
1.701	1	11	171	2	25	10	63	0
1.703	1	11	171	4	25	10	63	0
1.705	1	11	171	6	25	10	63	0
1.707	1	11	171	8	25	10	63	0
1.709	1	11	171	10	25	10	63	0
1.711	1	11	172	2	25	10	63	0
1.713	1	11	172	4	25	10	63	0
1.715	1	11	172	6	25	10	63	0
1.716	1	11	172	7	25	10	63	0
1.718	1	11	172	9	25	10	63	0
1.72	1	11	173	1	25	10	63	0
1.722	1	11	173	3	25	10	63	0
1.724	1	11	173	5	25	10	63	0
1.726	1	11	173	7	25	10	63	0
1.728	1	11	173	9	25	10	63	0
1.73	1	11	174	1	25	10	63	0
1.731	1	11	174	2	25	10	63	0
1.733	1	11	174	4	25	10	63	0
1.735	1	11	174	6	25	10	63	0
1.737	1	11	174	8	25	10	63	0
1.739	1	11	174	10	25	10	63	0
1.741	1	11	175	2	25	10	63	0
1.743	1	11	175	4	25	10	63	0
1.745	1	11	175	6	25	10	63	0
1.746	1	11	175	7	25	10	63	0
1.748	1	11	175	9	25	10	63	0
1.75	1	11	176	1	25	10	63	0
1.752	1	11	176	3	25	10	63	0
1.754	1	11	176	5	25	10	63	0
1.756	1	11	176	7	25	10	63	0
1.758	1	11	176	9	25	10	63	0
1.76	1	11	177	1	25	10	63	0
1.761	1	11	177	2	25	10	63	0
1.763	1	11	177	4	25	10	63	0
1.765	1	11	177	6	25	10	63	0
1.767	1	11	177	8	25	10	63	0
1.769	1	11	177	10	25	10	63	0
1.771	1	11	178	2	25	10	63	0
1.773	1	11	178	4	25	10	63	0
1.775	1	11	178	6	25	10	63	0
1.776	1	11	178	7	25	10	63	0
1.778	1	11	178	9	25	10	63	0
1.78	1	11	179	1	25	10	63	0
1.782	1	11	179	3	25	10	63	0
1.784	1	11	179	5	25	10	63	0
1.786	1	11	179	7	25	10	63	0
1.788	1	11	179	9	25	10	63	0
1.79	1	11	180	1	25	10	63	0
1.791	1	11	180	2	25	10	63	0
1.793	1	11	180	4	25	10	63	0
1.795	1	11	180	6	25	10	63	0
1.797	1	11	180	8	25	10	63	0
1.799	1	11	180	10	25	10	63	0
1.801	1	11	181	2	25	10	63	0
1.803	1	11	181	4	25	10	63	0
1.805	1	11	181	6	25	10	63	0
1.806	1	11	181	7	25	10	63	0
1.808	1	11	181	9	25	10	63	0
1.81	1	11	182	1	25	10	63	0
1.812	1	11	182	3	25	10	63	0
1.814	1	11	182	5	25	10	63	0
1.816	1	11	182	7	25	10	63	0
1.818	1	11	182	9	25	10	63	0
1.82	1	11	183	1	25	10	63	0
1.821	1	11	183	2	25	10	63	0
1.823	1	11	183	4	25	10	63	0
1.825	1	11	183	6	25	10	63	0
1.827	1	11	183	8	25	10	63	0
1.829	1	11	183	10	25	10	63	0
1.831	1	11	184	2	25	10	63	0
1.833	1	11	184	4	25	10	63	0
1.835	1	11	184	6	25	10	63	0
1.836	1	11	184	7	25	10	63	0
1.838	1	11	184	9	25	10	63	0
1.84	1	11	185	1	25	10	63	0
1.842	1	11	185	3	25	10	63	0
1.844	1	11	185	5	25	10	63	0
1.846	1	11	185	7	25	10	63	0
1.848	1	11	185	9	25	10	63	0
1.85	1	11	186	1	25	10	63	0
1.851	1	11	186	2	25	10	63	0
1.853	1	11	186	4	25	10	63	0
1.855	1	11	186	6	25	10	63	0
1.857	1	11	186	8	25	10	63	0
1.859	1	11	186	10	25	10	63	0
1.861	1	11	187	2	25	10	63	0
1.863	1	11	187	4	25	10	63	0
1.865	1	11	187	6	25	10	63	0
1.866	1	11	187	7	25	10	63	0
1.868	1	11	187	9	25	10	63	0
1.87	1	11	188	1	25	10	63	0
1.872	1	11	188	3	25	10	63	0
1.874	1	11	188	5	25	10	63	0
1.876	1	11	188	7	25	10	63	0
1.878	1	11	188	9	25	10	63	0
1.88	1	11	189	1	25	10	63	0
1.881	1	11	189	2	25	10	63	0
1.883	1	11	189	4	25	10	63	0
1.885	1	11	189	6	25	10	63	0
1.887	1	11	189	8	25	10	63	0
1.889	1	11	189	10	25	10	63	0
1.891	1	11	190	2	25	10	63	0
1.893	1	11	190	4	25	10	63	0
1.895	1	11	190	6	25	10	63	0
1.896	1	11	190	7	25	10	63	0
1.898	1	11	190	9	25	10	63	0
1.9	1	11	191	1	25	10	63	0
1.902	1	11	191	3	25	10	63	0
1.904	1	11	191	5	25	10	63	0
1.906	1	11	191	7	25	10	63	0
1.908	1	11	191	9	25	10	63	0
1.91	1	11	192	1	25	10	63	0
1.911	1	11	192	2	25	10	63	0
1.913	1	11	192	4	25	10	63	0
1.915	1	11	192	6	25	10	63	0
1.917	1	11	192	8	25	10	63	0
1.919	1	11	192	10	25	10	63	0
1.921	1	11	193	2	25	10	63	0
1.923	1	11	193	4	25	10	63	0
1.925	1	11	193	6	25	10	63	0
1.926	1	11	193	7	25	10	63	0
1.928	1	11	193	9	25	10	63	0
1.93	1	11	194	1	25	10	63	0
1.932	1	11	194	3	25	10	63	0
1.934	1	11	194	5	25	10	63	0
1.936	1	11	194	7	25	10	63	0
1.938	1	11	194	9	25	10	63	0
1.94	1	11	195	1	25	10	63	0
1.941	1	11	195	2	25	10	63	0
1.943	1	11	195	4	25	10	63	0
1.945	1	11	195	6	25	10	63	0
1.947	1	11	195	8	25	10	63	0
1.949	1	11	195	10	25	10	63	0
1.951	1	11	196	2	25	10	63	0
1.953	1	11	196	4	25	10	63	0
1.955	1	11	196	6	25	10	63	0
1.956	1	11	196	7	25	10	63	0
1.958	1	11	196	9	25	10	63	0
1.96	1	11	197	1	25	10	63	0
1.962	1	11	197	3	25	10	63	0
1.964	1	11	197	5	25	10	63	0
1.966	1	11	197	7	25	10	63	0
1.968	1	11	197	9	25	10	63	0
1.97	1	11	198	1	25	10	63	0
1.971	1	11	198	2	25	10	63	0
1.973	1	11	198	4	25	10	63	0
1.975	1	11	198	6	25	10	63	0
1.977	1	11	198	8	25	10	63	0
1.979	1	11	198	10	25	10	63	0
1.981	1	11	199	2	25	10	63	0
1.983	1	11	199	4	25	10	63	0
1.985	1	11	199	6	25	10	63	0
1.986	1	11	199	7	25	10	63	0
1.988	1	11	199	9	25	10	63	0
1.99	1	11	200	1	25	10	63	0
1.992	1	11	200	3	25	10	63	0
1.994	1	11	200	5	25	10	63	0
1.996	1	11	200	7	25	10	63	0
1.998	1	11	200	9	25	10	63	0
2	1	11	201	1	25	10	63	0
2.001	1	11	201	2	25	10	63	0
2.003	1	11	201	4	25	10	63	0
2.005	1	11	201	6	25	10	63	0
2.007	1	11	201	8	25	10	63	0
2.009	1	11	201	10	25	10	63	0
2.011	1	11	202	2	25	10	63	0
2.013	1	11	202	4	25	10	63	0
2.015	1	11	202	6	25	10	63	0
2.016	1	11	202	7	25	10	63	0
2.018	1	11	202	9	25	10	63	0
2.02	1	11	203	1	25	10	63	0
2.022	1	11	203	3	25	10	63	0
2.024	1	11	203	5	25	10	63	0
2.026	1	11	203	7	25	10	63	0
2.028	1	11	203	9	25	10	63	0
2.03	1	11	204	1	25	10	63	0
2.031	1	11	204	2	25	10	63	0
2.033	1	11	204	4	25	10	63	0
2.035	1	11	204	6	25	10	63	0
2.037	1	11	204	8	25	10	63	0
2.039	1	11	204	10	25	10	63	0
2.041	1	11	205	2	25	10	63	0
2.043	1	11	205	4	25	10	63	0
2.045	1	11	205	6	25	10	63	0
2.046	1	11	205	7	25	10	63	0
2.048	1	11	205	9	25	10	63	0
2.05	1	11	206	1	25	10	63	0
2.052	1	11	206	3	25	10	63	0
2.054	1	11	206	5	25	10	63	0
2.056	1	11	206	7	25	10	63	0
2.058	1	11	206	9	25	10	63	0
2.06	1	11	207	1	25	10	63	0
2.061	1	11	207	2	25	10	63	0
2.063	1	11	207	4	25	10	63	0
2.065	1	11	207	6	25	10	63	0
2.067	1	11	207	8	25	10	63	0
2.069	1	11	207	10	25	10	63	0
2.071	1	11	208	2	25	10	63	0
2.073	1	11	208	4	25	10	63	0
2.075	1	11	208	6	25	10	63	0
2.076	1	11	208	7	25	10	63	0
2.078	1	11	208	9	25	10	63	0
2.08	1	11	209	1	25	10	63	0
2.082	1	11	209	3	25	10	63	0
2.084	1	11	209	5	25	10	63	0
2.086	1	11	209	7	25	10	63	0
2.088	1	11	209	9	25	10	63	0
2.09	1	11	210	1	25	10	63	0
2.091	1	11	210	2	25	10	63	0
2.093	1	11	210	4	25	10	63	0
2.095	1	11	210	6	25	10	63	0
2.097	1	11	210	8	25	10	63	0
2.099	1	11	210	10	25	10	63	0
2.101	1	11	211	2	25	10	63	0
2.103	1	11	211	4	25	10	63	0
2.105	1	11	211	6	25	10	63	0
2.106	1	11	211	7	25	10	63	0
2.108	1	11	211	9	25	10	63	0
2.11	1	11	212	1	25	10	63	0
2.112	1	11	212	3	25	10	63	0
2.114	1	11	212	5	25	10	63	0
2.116	1	11	212	7	25	10	63	0
2.118	1	11	212	9	25	10	63	0
2.12	1	11	213	1	25	10	63	0
2.121	1	11	213	2	25	10	63	0
2.123	1	11	213	4	25	10	63	0
2.125	1	11	213	6	25	10	63	0
2.127	1	11	213	8	25	10	63	0
2.129	1	11	213	10	25	10	63	0
2.131	1	11	214	2	25	10	63	0
2.133	1	11	214	4	25	10	63	0
2.135	1	11	214	6	25	10	63	0
2.136	1	11	214	7	25	10	63	0
2.138	1	11	214	9	25	10	63	0
2.14	1	11	215	1	25	10	63	0
2.142	1	11	215	3	25	10	63	0
2.144	1	11	215	5	25	10	63	0
2.146	1	11	215	7	25	10	63	0
2.148	1	11	215	9	25	10	63	0
2.15	1	11	216	1	25	10	63	0
2.151	1	11	216	2	25	10	63	0
2.153	1	11	216	4	25	10	63	0
2.155	1	11	216	6	25	10	63	0
2.157	1	11	216	8	25	10	63	0
2.159	1	11	216	10	25	10	63	0
2.161	1	11	217	2	25	10	63	0
2.163	1	11	217	4	25	10	63	0
2.165	1	11	217	6	25	10	63	0
2.166	1	11	217	7	25	10	63	0
2.168	1	11	217	9	25	10	63	0
2.17	1	11	218	1	25	10	63	0
2.172	1	11	218	3	25	10	63	0
2.174	1	11	218	5	25	10	63	0
2.176	1	11	218	7	25	10	63	0
2.178	1	11	218	9	25	10	63	0
2.18	1	11	219	1	25	10	63	0
2.181	1	11	219	2	25	10	63	0
2.183	1	11	219	4	25	10	63	0
2.185	1	11	219	6	25	10	63	0
2.187	1	11	219	8	25	10	63	0
2.189	1	11	219	10	25	10	63	0
2.191	1	11	220	2	25	10	63	0
2.193	1	11	220	4	25	10	63	0
2.195	1	11	220	6	25	10	63	0
2.196	1	11	220	7	25	10	63	0
2.198	1	11	220	9	25	10	63	0
2.2	1	11	221	1	25	10	63	0
2.202	1	11	221	3	25	10	63	0
2.204	1	11	221	5	25	10	63	0
2.206	1	11	221	7	25	10	63	0
2.208	1	11	221	9	25	10	63	0
2.21	1	11	222	1	25	10	63	0
2.211	1	11	222	2	25	10	63	0
2.213	1	11	222	4	25	10	63	0
2.215	1	11	222	6	25	10	63	0
2.217	1	11	222	8	25	10	63	0
2.219	1	11	222	10	25	10	63	0
2.221	1	11	223	2	25	10	63	0
2.223	1	11	223	4	25	10	63	0
2.225	1	11	223	6	25	10	63	0
2.226	1	11	223	7	25	10	63	0
2.228	1	11	223	9	25	10	63	0
2.23	1	11	224	1	25	10	63	0
2.232	1	11	224	3	25	10	63	0
2.234	1	11	224	5	25	10	63	0
2.236	1	11	224	7	25	10	63	0
2.238	1	11	224	9	25	10	63	0
2.24	1	11	225	1	25	10	63	0
2.241	1	11	225	2	25	10	63	0
2.243	1	11	225	4	25	10	63	0
2.245	1	11	225	6	25	10	63	0
2.247	1	11	225	8	25	10	63	0
2.249	1	11	225	10	25	10	63	0
2.251	1	11	226	2	25	10	63	0
2.253	1	11	226	4	25	10	63	0
2.255	1	11	226	6	25	10	63	0
2.256	1	11	226	7	25	10	63	0
2.258	1	11	226	9	25	10	63	0
2.26	1	11	227	1	25	10	63	0
2.262	1	11	227	3	25	10	63	0
2.264	1	11	227	5	25	10	63	0
2.266	1	11	227	7	25	10	63	0
2.268	1	11	227	9	25	10	63	0
2.27	1	11	228	1	25	10	63	0
2.271	1	11	228	2	25	10	63	0
2.273	1	11	228	4	25	10	63	0
2.275	1	11	228	6	25	10	63	0
2.277	1	11	228	8	25	10	63	0
2.279	1	11	228	10	25	10	63	0
2.281	1	11	229	2	25	10	63	0
2.283	1	11	229	4	25	10	63	0
2.285	1	11	229	6	25	10	63	0
2.286	1	11	229	7	25	10	63	0
2.288	1	11	229	9	25	10	63	0
2.29	1	11	230	1	25	10	63	0
2.292	1	11	230	3	25	10	63	0
2.294	1	11	230	5	25	10	63	0
2.296	1	11	230	7	25	10	63	0
2.298	1	11	230	9	25	10	63	0
2.3	1	11	231	1	25	10	63	0
2.301	1	11	231	2	25	10	63	0
2.303	1	11	231	4	25	10	63	0
2.305	1	11	231	6	25	10	63	0
2.307	1	11	231	8	25	10	63	0
2.309	1	11	231	10	25	10	63	0
2.311	1	11	232	2	25	10	63	0
2.313	1	11	232	4	25	10	63	0
2.315	1	11	232	6	25	10	63	0
2.316	1	11	232	7	25	10	63	0
2.318	1	11	232	9	25	10	63	0
2.32	1	11	233	1	25	10	63	0
2.322	1	11	233	3	25	10	63	0
2.324	1	11	233	5	25	10	63	0
2.326	1	11	233	7	25	10	63	0
2.328	1	11	233	9	25	10	63	0
2.33	1	11	234	1	25	10	63	0
2.331	1	11	234	2	25	10	63	0
2.333	1	11	234	4	25	10	63	0
2.335	1	11	234	6	25	10	63	0
2.337	1	11	234	8	25	10	63	0
2.339	1	11	234	10	25	10	63	0
2.341	1	11	235	2	25	10	63	0
2.343	1	11	235	4	25	10	63	0
2.345	1	11	235	6	25	10	63	0
2.346	1	11	235	7	25	10	63	0
2.348	1	11	235	9	25	10	63	0
2.35	1	11	236	1	25	10	63	0
2.352	1	11	236	3	25	10	63	0
2.354	1	11	236	5	25	10	63	0
2.356	1	11	236	7	25	10	63	0
2.358	1	11	236	9	25	10	63	0
2.36	1	11	237	1	25	10	63	0
2.361	1	11	237	2	25	10	63	0
2.363	1	11	237	4	25	10	63	0
2.365	1	11	237	6	25	10	63	0
2.367	1	11	237	8	25	10	63	0
2.369	1	11	237	10	25	10	63	0
2.371	1	11	238	2	25	10	63	0
2.373	1	11	238	4	25	10	63	0
2.375	1	11	238	6	25	10	63	0
2.376	1	11	238	7	25	10	63	0
2.378	1	11	238	9	25	10	63	0
2.38	1	11	239	1	25	10	63	0
2.382	1	11	239	3	25	10	63	0
2.384	1	11	239	5	25	10	63	0
2.386	1	11	239	7	25	10	63	0
2.388	1	11	239	9	25	10	63	0
2.39	1	11	240	1	25	10	63	0
2.391	1	11	240	2	25	10	63	0
2.393	1	11	240	4	25	10	63	0
2.395	1	11	240	6	25	10	63	0
2.397	1	11	240	8	25	10	63	0
2.399	1	11	240	10	25	10	63	0
2.401	1	11	241	2	25	10	63	0
2.403	1	11	241	4	25	10	63	0
2.405	1	11	241	6	25	10	63	0
2.406	1	11	241	7	25	10	63	0
2.408	1	11	241	9	25	10	63	0
2.41	1	11	242	1	25	10	63	0
2.412	1	11	242	3	25	10	63	0
2.414	1	11	242	5	25	10	63	0
2.416	1	11	242	7	25	10	63	0
2.418	1	11	242	9	25	10	63	0
2.42	1	11	243	1	25	10	63	0
2.421	1	11	243	2	25	10	63	0
2.423	1	11	243	4	25	10	63	0
2.425	1	11	243	6	25	10	63	0
2.427	1	11	243	8	25	10	63	0
2.429	1	11	243	10	25	10	63	0
2.431	1	11	244	2	25	10	63	0
2.433	1	11	244	4	25	10	63	0
2.435	1	11	244	6	25	10	63	0
2.436	1	11	244	7	25	10	63	0
2.438	1	11	244	9	25	10	63	0
2.44	1	11	245	1	25	10	63	0
2.442	1	11	245	3	25	10	63	0
2.444	1	11	245	5	25	10	63	0
2.446	1	11	245	7	25	10	63	0
2.448	1	11	245	9	25	10	63	0
2.45	1	11	246	1	25	10	63	0
2.451	1	11	246	2	25	10	63	0
2.453	1	11	246	4	25	10	63	0
2.455	1	11	246	6	25	10	63	0
2.457	1	11	246	8	25	10	63	0
2.459	1	11	246	10	25	10	63	0
2.461	1	11	247	2	25	10	63	0
2.463	1	11	247	4	25	10	63	0
2.465	1	11	247	6	25	10	63	0
2.466	1	11	247	7	25	10	63	0
2.468	1	11	247	9	25	10	63	0
2.47	1	11	248	1	25	10	63	0
2.472	1	11	248	3	25	10	63	0
2.474	1	11	248	5	25	10	63	0
2.476	1	11	248	7	25	10	63	0
2.478	1	11	248	9	25	10	63	0
2.48	1	11	249	1	25	10	63	0
2.481	1	11	249	2	25	10	63	0
2.483	1	11	249	4	25	10	63	0
2.485	1	11	249	6	25	10	63	0
2.487	1	11	249	8	25	10	63	0
2.489	1	11	249	10	25	10	63	0
2.491	1	11	250	2	25	10	63	0
2.493	1	11	250	4	25	10	63	0
2.495	1	11	250	6	25	10	63	0
2.496	1	11	250	7	25	10	63	0
2.498	1	11	250	9	25	10	63	0
2.5	1	11	251	1	25	10	63	0
2.502	1	11	251	3	25	10	63	0
2.504	1	11	251	5	25	10	63	0
2.506	1	11	251	7	25	10	63	0
2.508	1	11	251	9	25	10	63	0
2.51	1	11	252	1	25	10	63	0
2.511	1	11	252	2	25	10	63	0
2.513	1	11	252	4	25	10	63	0
2.515	1	11	252	6	25	10	63	0
2.517	1	11	252	8	25	10	63	0
2.519	1	11	252	10	25	10	63	0
2.521	1	11	253	2	25	10	63	0
2.523	1	11	253	4	25	10	63	0
2.525	1	11	253	6	25	10	63	0
2.526	1	11	253	7	25	10	63	0
2.528	1	11	253	9	25	10	63	0
2.53	1	11	254	1	25	10	63	0
2.532	1	11	254	3	25	10	63	0
2.534	1	11	254	5	25	10	63	0
2.536	1	11	254	7	25	10	63	0
2.538	1	11	254	9	25	10	63	0
2.54	1	11	255	1	25	10	63	0
2.541	1	11	255	2	25	10	63	0
2.543	1	11	255	4	25	10	63	0
2.545	1	11	255	6	25	10	63	0
2.547	1	11	255	8	25	10	63	0
2.549	1	11	255	10	25	10	63	0
2.551	1	11	256	2	25	10	63	0
2.553	1	11	256	4	25	10	63	0
2.555	1	11	256	6	25	10	63	0
2.556	1	11	256	7	25	10	63	0
2.558	1	11	256	9	25	10	63	0
2.56	1	11	257	1	25	10	63	0
2.562	1	11	257	3	25	10	63	0
2.564	1	11	257	5	25	10	63	0
2.566	1	11	257	7	25	10	63	0
2.568	1	11	257	9	25	10	63	0
2.57	1	11	258	1	25	10	63	0
2.571	1	11	258	2	25	10	63	0
2.573	1	11	258	4	25	10	63	0
2.575	1	11	258	6	25	10	63	0
2.577	1	11	258	8	25	10	63	0
2.579	1	11	258	10	25	10	63	0
2.581	1	11	259	2	25	10	63	0
2.583	1	11	259	4	25	10	63	0
2.585	1	11	259	6	25	10	63	0
2.586	1	11	259	7	25	10	63	0
2.588	1	11	259	9	25	10	63	0
2.59	1	11	260	1	25	10	63	0
2.592	1	11	260	3	25	10	63	0
2.594	1	11	260	5	25	10	63	0
2.596	1	11	260	7	25	10	63	0
2.598	1	11	260	9	25	10	63	0
2.6	1	11	261	1	25	10	63	0
2.601	1	11	261	2	25	10	63	0
2.603	1	11	261	4	25	10	63	0
2.605	1	11	261	6	25	10	63	0
2.607	1	11	261	8	25	10	63	0
2.609	1	11	261	10	25	10	63	0
2.611	1	11	262	2	25	10	63	0
2.613	1	11	262	4	25	10	63	0
2.615	1	11	262	6	25	10	63	0
2.616	1	11	262	7	25	10	63	0
2.618	1	11	262	9	25	10	63	0
2.62	1	11	263	1	25	10	63	0
2.622	1	11	263	3	25	10	63	0
2.624	1	11	263	5	25	10	63	0
2.626	1	11	263	7	25	10	63	0
2.628	1	11	263	9	25	10	63	0
2.63	1	11	264	1	25	10	63	0
2.631	1	11	264	2	25	10	63	0
2.633	1	11	264	4	25	10	63	0
2.635	1	11	264	6	25	10	63	0
2.637	1	11	264	8	25	10	63	0
2.639	1	11	264	10	25	10	63	0
2.641	1	11	265	2	25	10	63	0
2.643	1	11	265	4	25	10	63	0
2.645	1	11	265	6	25	10	63	0
2.646	1	11	265	7	25	10	63	0
2.648	1	11	265	9	25	10	63	0
2.65	1	11	266	1	25	10	63	0
2.652	1	11	266	3	25	10	63	0
2.654	1	11	266	5	25	10	63	0
2.656	1	11	266	7	25	10	63	0
2.658	1	11	266	9	25	10	63	0
2.66	1	11	267	1	25	10	63	0
2.661	1	11	267	2	25	10	63	0
2.663	1	11	267	4	25	10	63	0
2.665	1	11	267	6	25	10	63	0
2.667	1	11	267	8	25	10	63	0
2.669	1	11	267	10	25	10	63	0
2.671	1	11	268	2	25	10	63	0
2.673	1	11	268	4	25	10	63	0
2.675	1	11	268	6	25	10	63	0
2.676	1	11	268	7	25	10	63	0
2.678	1	11	268	9	25	10	63	0
2.68	1	11	269	1	25	10	63	0
2.682	1	11	269	3	25	10	63	0
2.684	1	11	269	5	25	10	63	0
2.686	1	11	269	7	25	10	63	0
2.688	1	11	269	9	25	10	63	0
2.69	1	11	270	1	25	10	63	0
2.691	1	11	270	2	25	10	63	0
2.693	1	11	270	4	25	10	63	0
2.695	1	11	270	6	25	10	63	0
2.697	1	11	270	8	25	10	63	0
2.699	1	11	270	10	25	10	63	0
2.701	1	11	271	2	25	10	63	0
2.703	1	11	271	4	25	10	63	0
2.705	1	11	271	6	25	10	63	0
2.706	1	11	271	7	25	10	63	0
2.708	1	11	271	9	25	10	63	0
2.71	1	11	272	1	25	10	63	0
2.712	1	11	272	3	25	10	63	0
2.714	1	11	272	5	25	10	63	0
2.716	1	11	272	7	25	10	63	0
2.718	1	11	272	9	25	10	63	0
2.72	1	11	273	1	25	10	63	0
2.721	1	11	273	2	25	10	63	0
2.723	1	11	273	4	25	10	63	0
2.725	1	11	273	6	25	10	63	0
2.727	1	11	273	8	25	10	63	0
2.729	1	11	273	10	25	10	63	0
2.731	1	11	274	2	25	10	63	0
2.733	1	11	274	4	25	10	63	0
2.735	1	11	274	6	25	10	63	0
2.736	1	11	274	7	25	10	63	0
2.738	1	11	274	9	25	10	63	0
2.74	1	11	275	1	25	10	63	0
2.742	1	11	275	3	25	10	63	0
2.744	1	11	275	5	25	10	63	0
2.746	1	11	275	7	25	10	63	0
2.748	1	11	275	9	25	10	63	0
2.75	1	11	276	1	25	10	63	0
2.751	1	11	276	2	25	10	63	0
2.753	1	11	276	4	25	10	63	0
2.755	1	11	276	6	25	10	63	0
2.757	1	11	276	8	25	10	63	0
2.759	1	11	276	10	25	10	63	0
2.761	1	11	277	2	25	10	63	0
2.763	1	11	277	4	25	10	63	0
2.765	1	11	277	6	25	10	63	0
2.766	1	11	277	7	25	10	63	0
2.768	1	11	277	9	25	10	63	0
2.77	1	11	278	1	25	10	63	0
2.772	1	11	278	3	25	10	63	0
2.774	1	11	278	5	25	10	63	0
2.776	1	11	278	7	25	10	63	0
2.778	1	11	278	9	25	10	63	0
2.78	1	11	279	1	25	10	63	0
2.781	1	11	279	2	25	10	63	0
2.783	1	11	279	4	25	10	63	0
2.785	1	11	279	6	25	10	63	0
2.787	1	11	279	8	25	10	63	0
2.789	1	11	279	10	25	10	63	0
2.791	1	11	280	2	25	10	63	0
2.793	1	11	280	4	25	10	63	0
2.795	1	11	280	6	25	10	63	0
2.796	1	11	280	7	25	10	63	0
2.798	1	11	280	9	25	10	63	0
2.8	1	11	281	1	25	10	63	0
2.802	1	11	281	3	25	10	63	0
2.804	1	11	281	5	25	10	63	0
2.806	1	11	281	7	25	10	63	0
2.808	1	11	281	9	25	10	63	0
2.81	1	11	282	1	25	10	63	0
2.811	1	11	282	2	25	10	63	0
2.813	1	11	282	4	25	10	63	0
2.815	1	11	282	6	25	10	63	0
2.817	1	11	282	8	25	10	63	0
2.819	1	11	282	10	25	10	63	0
2.821	1	11	283	2	25	10	63	0
2.823	1	11	283	4	25	10	63	0
2.825	1	11	283	6	25	10	63	0
2.826	1	11	283	7	25	10	63	0
2.828	1	11	283	9	25	10	63	0
2.83	1	11	284	1	25	10	63	0
2.832	1	11	284	3	25	10	63	0
2.834	1	11	284	5	25	10	63	0
2.836	1	11	284	7	25	10	63	0
2.838	1	11	284	9	25	10	63	0
2.84	1	11	285	1	25	10	63	0
2.841	1	11	285	2	25	10	63	0
2.843	1	11	285	4	25	10	63	0
2.845	1	11	285	6	25	10	63	0
2.847	1	11	285	8	25	10	63	0
2.849	1	11	285	10	25	10	63	0
2.851	1	11	286	2	25	10	63	0
2.853	1	11	286	4	25	10	63	0
2.855	1	11	286	6	25	10	63	0
2.856	1	11	286	7	25	10	63	0
2.858	1	11	286	9	25	10	63	0
2.86	1	11	287	1	25	10	63	0
2.862	1	11	287	3	25	10	63	0
2.864	1	11	287	5	25	10	63	0
2.866	1	11	287	7	25	10	63	0
2.868	1	11	287	9	25	10	63	0
2.87	1	11	288	1	25	10	63	0
2.871	1	11	288	2	25	10	63	0
2.873	1	11	288	4	25	10	63	0
2.875	1	11	288	6	25	10	63	0
2.877	1	11	288	8	25	10	63	0
2.879	1	11	288	10	25	10	63	0
2.881	1	11	289	2	25	10	63	0
2.883	1	11	289	4	25	10	63	0
2.885	1	11	289	6	25	10	63	0
2.886	1	11	289	7	25	10	63	0
2.888	1	11	289	9	25	10	63	0
2.89	1	11	290	1	25	10	63	0
2.892	1	11	290	3	25	10	63	0
2.894	1	11	290	5	25	10	63	0
2.896	1	11	290	7	25	10	63	0
2.898	1	11	290	9	25	10	63	0
2.9	1	11	291	1	25	10	63	0
2.901	1	11	291	2	25	10	63	0
2.903	1	11	291	4	25	10	63	0
2.905	1	11	291	6	25	10	63	0
2.907	1	11	291	8	25	10	63	0
2.909	1	11	291	10	25	10	63	0
2.911	1	11	292	2	25	10	63	0
2.913	1	11	292	4	25	10	63	0
2.915	1	11	292	6	25	10	63	0
2.916	1	11	292	7	25	10	63	0
2.918	1	11	292	9	25	10	63	0
2.92	1	11	293	1	25	10	63	0
2.922	1	11	293	3	25	10	63	0
2.924	1	11	293	5	25	10	63	0
2.926	1	11	293	7	25	10	63	0
2.928	1	11	293	9	25	10	63	0
2.93	1	11	294	1	25	10	63	0
2.931	1	11	294	2	25	10	63	0
2.933	1	11	294	4	25	10	63	0
2.935	1	11	294	6	25	10	63	0
2.937	1	11	294	8	25	10	63	0
2.939	1	11	294	10	25	10	63	0
2.941	1	11	295	2	25	10	63	0
2.943	1	11	295	4	25	10	63	0
2.945	1	11	295	6	25	10	63	0
2.946	1	11	295	7	25	10	63	0
2.948	1	11	295	9	25	10	63	0
2.95	1	11	296	1	25	10	63	0
2.952	1	11	296	3	25	10	63	0
2.954	1	11	296	5	25	10	63	0
2.956	1	11	296	7	25	10	63	0
2.958	1	11	296	9	25	10	63	0
2.96	1	11	297	1	25	10	63	0
2.961	1	11	297	2	25	10	63	0
2.963	1	11	297	4	25	10	63	0
2.965	1	11	297	6	25	10	63	0
2.967	1	11	297	8	25	10	63	0
2.969	1	11	297	10	25	10	63	0
2.971	1	11	298	2	25	10	63	0
2.973	1	11	298	4	25	10	63	0
2.975	1	11	298	6	25	10	63	0
2.976	1	11	298	7	25	10	63	0
2.978	1	11	298	9	25	10	63	0
2.98	1	11	299	1	25	10	63	0
2.982	1	11	299	3	25	10	63	0
2.984	1	11	299	5	25	10	63	0
2.986	1	11	299	7	25	10	63	0
2.988	1	11	299	9	25	10	63	0
2.99	1	11	300	1	25	10	63	0
2.991	1	11	300	2	25	10	63	0
2.993	1	11	300	4	25	10	63	0
2.995	1	11	300	6	25	10	63	0
2.997	1	11	300	8	25	10	63	0
2.999	1	11	300	10	25	10	63	0
3.001	1	11	301	2	25	10	63	0
3.003	1	11	301	4	25	10	63	0
3.005	1	11	301	6	25	10	63	0
3.006	1	11	301	7	25	10	63	0
3.008	1	11	301	9	25	10	63	0
3.01	1	11	302	1	25	10	63	0
3.012	1	11	302	3	25	10	63	0
3.014	1	11	302	5	25	10	63	0
3.016	1	11	302	7	25	10	63	0
3.018	1	11	302	9	25	10	63	0
3.02	1	11	303	1	25	10	63	0
3.021	1	11	303	2	25	10	63	0
3.023	1	11	303	4	25	10	63	0
3.025	1	11	303	6	25	10	63	0
3.027	1	11	303	8	25	10	63	0
3.029	1	11	303	10	25	10	63	0
3.031	1	11	304	2	25	10	63	0
3.033	1	11	304	4	25	10	63	0
3.035	1	11	304	6	25	10	63	0
3.036	1	11	304	7	25	10	63	0
3.038	1	11	304	9	25	10	63	0
3.04	1	11	305	1	25	10	63	0
3.042	1	11	305	3	25	10	63	0
3.044	1	11	305	5	25	10	63	0
3.046	1	11	305	7	25	10	63	0
3.048	1	11	305	9	25	10	63	0
3.05	1	11	306	1	25	10	63	0
3.051	1	11	306	2	25	10	63	0
3.053	1	11	306	4	25	10	63	0
3.055	1	11	306	6	25	10	63	0
3.057	1	11	306	8	25	10	63	0
3.059	1	11	306	10	25	10	63	0
3.061	1	11	307	2	25	10	63	0
3.063	1	11	307	4	25	10	63	0
3.065	1	11	307	6	25	10	63	0
3.066	1	11	307	7	25	10	63	0
3.068	1	11	307	9	25	10	63	0
3.07	1	11	308	1	25	10	63	0
3.072	1	11	308	3	25	10	63	0
3.074	1	11	308	5	25	10	63	0
3.076	1	11	308	7	25	10	63	0
3.078	1	11	308	9	25	10	63	0
3.08	1	11	309	1	25	10	63	0
3.081	1	11	309	2	25	10	63	0
3.083	1	11	309	4	25	10	63	0
3.085	1	11	309	6	25	10	63	0
3.087	1	11	309	8	25	10	63	0
3.089	1	11	309	10	25	10	63	0
3.091	1	11	310	2	25	10	63	0
3.093	1	11	310	4	25	10	63	0
3.095	1	11	310	6	25	10	63	0
3.096	1	11	310	7	25	10	63	0
3.098	1	11	310	9	25	10	63	0
3.1	1	11	311	1	25	10	63	0
3.102	1	11	311	3	25	10	63	0
3.104	1	11	311	5	25	10	63	0
3.106	1	11	311	7	25	10	63	0
3.108	1	11	311	9	25	10	63	0
3.11	1	11	312	1	25	10	63	0
3.111	1	11	312	2	25	10	63	0
3.113	1	11	312	4	25	10	63	0
3.115	1	11	312	6	25	10	63	0
3.117	1	11	312	8	25	10	63	0
3.119	1	11	312	10	25	10	63	0
3.121	1	11	313	2	25	10	63	0
3.123	1	11	313	4	25	10	63	0
3.125	1	11	313	6	25	10	63	0
3.126	1	11	313	7	25	10	63	0
3.128	1	11	313	9	25	10	63	0
3.13	1	11	314	1	25	10	63	0
3.132	1	11	314	3	25	10	63	0
3.134	1	11	314	5	25	10	63	0
3.136	1	11	314	7	25	10	63	0
3.138	1	11	314	9	25	10	63	0
3.14	1	11	315	1	25	10	63	0
3.141	1	11	315	2	25	10	63	0
3.143	1	11	315	4	25	10	63	0
3.145	1	11	315	6	25	10	63	0
3.147	1	11	315	8	25	10	63	0
3.149	1	11	315	10	25	10	63	0
3.151	1	11	316	2	25	10	63	0
3.153	1	11	316	4	25	10	63	0
3.155	1	11	316	6	25	10	63	0
3.156	1	11	316	7	25	10	63	0
3.158	1	11	316	9	25	10	63	0
3.16	1	11	317	1	25	10	63	0
3.162	1	11	317	3	25	10	63	0
3.164	1	11	317	5	25	10	63	0
3.166	1	11	317	7	25	10	63	0
3.168	1	11	317	9	25	10	63	0
3.17	1	11	318	1	25	10	63	0
3.171	1	11	318	2	25	10	63	0
3.173	1	11	318	4	25	10	63	0
3.175	1	11	318	6	25	10	63	0
3.177	1	11	318	8	25	10	63	0
3.179	1	11	318	10	25	10	63	0
3.181	1	11	319	2	25	10	63	0
3.183	1	11	319	4	25	10	63	0
3.185	1	11	319	6	25	10	63	0
3.186	1	11	319	7	25	10	63	0
3.188	1	11	319	9	25	10	63	0
3.19	1	11	320	1	25	10	63	0
3.192	1	11	320	3	25	10	63	0
3.194	1	11	320	5	25	10	63	0
3.196	1	11	320	7	25	10	63	0
3.198	1	11	320	9	25	10	63	0
3.2	1	11	321	1	25	10	63	0
3.201	1	11	321	2	25	10	63	0
3.203	1	11	321	4	25	10	63	0
3.205	1	11	321	6	25	10	63	0
3.207	1	11	321	8	25	10	63	0
3.209	1	11	321	10	25	10	63	0
3.211	1	11	322	2	25	10	63	0
3.213	1	11	322	4	25	10	63	0
3.215	1	11	322	6	25	10	63	0
3.216	1	11	322	7	25	10	63	0
3.218	1	11	322	9	25	10	63	0
3.22	1	11	323	1	25	10	63	0
3.222	1	11	323	3	25	10	63	0
3.224	1	11	323	5	25	10	63	0
3.226	1	11	323	7	25	10	63	0
3.228	1	11	323	9	25	10	63	0
3.23	1	11	324	1	25	10	63	0
3.231	1	11	324	2	25	10	63	0
3.233	1	11	324	4	25	10	63	0
3.235	1	11	324	6	25	10	63	0
3.237	1	11	324	8	25	10	63	0
3.239	1	11	324	10	25	10	63	0
3.241	1	11	325	2	25	10	63	0
3.243	1	11	325	4	25	10	63	0
3.245	1	11	325	6	25	10	63	0
3.246	1	11	325	7	25	10	63	0
3.248	1	11	325	9	25	10	63	0
3.25	1	11	326	1	25	10	63	0
3.252	1	11	326	3	25	10	63	0
3.254	1	11	326	5	25	10	63	0
3.256	1	11	326	7	25	10	63	0
3.258	1	11	326	9	25	10	63	0
3.26	1	11	327	1	25	10	63	0
3.261	1	11	327	2	25	10	63	0
3.263	1	11	327	4	25	10	63	0
3.265	1	11	327	6	25	10	63	0
3.267	1	11	327	8	25	10	63	0
3.269	1	11	327	10	25	10	63	0
3.271	1	11	328	2	25	10	63	0
3.273	1	11	328	4	25	10	63	0
3.275	1	11	328	6	25	10	63	0
3.276	1	11	328	7	25	10	63	0
3.278	1	11	328	9	25	10	63	0
3.28	1	11	329	1	25	10	63	0
3.282	1	11	329	3	25	10	63	0
3.284	1	11	329	5	25	10	63	0
3.286	1	11	329	7	25	10	63	0
3.288	1	11	329	9	25	10	63	0
3.29	1	11	330	1	25	10	63	0
3.291	1	11	330	2	25	10	63	0
3.293	1	11	330	4	25	10	63	0
3.295	1	11	330	6	25	10	63	0
3.297	1	11	330	8	25	10	63	0
3.299	1	11	330	10	25	10	63	0
3.301	1	11	331	2	25	10	63	0
3.303	1	11	331	4	25	10	63	0
3.305	1	11	331	6	25	10	63	0
3.306	1	11	331	7	25	10	63	0
3.308	1	11	331	9	25	10	63	0
3.31	1	11	332	1	25	10	63	0
3.312	1	11	332	3	25	10	63	0
3.314	1	11	332	5	25	10	63	0
3.316	1	11	332	7	25	10	63	0
3.318	1	11	332	9	25	10	63	0
3.32	1	11	333	1	25	10	63	0
3.321	1	11	333	2	25	10	63	0
3.323	1	11	333	4	25	10	63	0
3.325	1	11	333	6	25	10	63	0
3.327	1	11	333	8	25	10	63	0
3.329	1	11	333	10	25	10	63	0
3.331	1	11	334	2	25	10	63	0
3.333	1	11	334	4	25	10	63	0
3.335	1	11	334	6	25	10	63	0
3.336	1	11	334	7	25	10	63	0
3.338	1	11	334	9	25	10	63	0
3.34	1	11	335	1	25	10	63	0
3.342	1	11	335	3	25	10	63	0
3.344	1	11	335	5	25	10	63	0
3.346	1	11	335	7	25	10	63	0
3.348	1	11	335	9	25	10	63	0
3.35	1	11	336	1	25	10	63	0
3.351	1	11	336	2	25	10	63	0
3.353	1	11	336	4	25	10	63	0
3.355	1	11	336	6	25	10	63	0
3.357	1	11	336	8	25	10	63	0
3.359	1	11	336	10	25	10	63	0
3.361	1	11	337	2	25	10	63	0
3.363	1	11	337	4	25	10	63	0
3.365	1	11	337	6	25	10	63	0
3.366	1	11	337	7	25	10	63	0
3.368	1	11	337	9	25	10	63	0
3.37	1	11	338	1	25	10	63	0
3.372	1	11	338	3	25	10	63	0
3.374	1	11	338	5	25	10	63	0
3.376	1	11	338	7	25	10	63	0
3.378	1	11	338	9	25	10	63	0
3.38	1	11	339	1	25	10	63	0
3.381	1	11	339	2	25	10	63	0
3.383	1	11	339	4	25	10	63	0
3.385	1	11	339	6	25	10	63	0
3.387	1	11	339	8	25	10	63	0
3.389	1	11	339	10	25	10	63	0
3.391	1	11	340	2	25	10	63	0
3.393	1	11	340	4	25	10	63	0
3.395	1	11	340	6	25	10	63	0
3.396	1	11	340	7	25	10	63	0
3.398	1	11	340	9	25	10	63	0
3.4	1	11	341	1	25	10	63	0
3.402	1	11	341	3	25	10	63	0
3.404	1	11	341	5	25	10	63	0
3.406	1	11	341	7	25	10	63	0
3.408	1	11	341	9	25	10	63	0
3.41	1	11	342	1	25	10	63	0
3.411	1	11	342	2	25	10	63	0
3.413	1	11	342	4	25	10	63	0
3.415	1	11	342	6	25	10	63	0
3.417	1	11	342	8	25	10	63	0
3.419	1	11	342	10	25	10	63	0
3.421	1	11	343	2	25	10	63	0
3.423	1	11	343	4	25	10	63	0
3.425	1	11	343	6	25	10	63	0
3.426	1	11	343	7	25	10	63	0
3.428	1	11	343	9	25	10	63	0
3.43	1	11	344	1	25	10	63	0
3.432	1	11	344	3	25	10	63	0
3.434	1	11	344	5	25	10	63	0
3.436	1	11	344	7	25	10	63	0
3.438	1	11	344	9	25	10	63	0
3.44	1	11	345	1	25	10	63	0
3.441	1	11	345	2	25	10	63	0
3.443	1	11	345	4	25	10	63	0
3.445	1	11	345	6	25	10	63	0
3.447	1	11	345	8	25	10	63	0
3.449	1	11	345	10	25	10	63	0
3.451	1	11	346	2	25	10	63	0
3.453	1	11	346	4	25	10	63	0
3.455	1	11	346	6	25	10	63	0
3.456	1	11	346	7	25	10	63	0
3.458	1	11	346	9	25	10	63	0
3.46	1	11	347	1	25	10	63	0
3.462	1	11	347	3	25	10	63	0
3.464	1	11	347	5	25	10	63	0
3.466	1	11	347	7	25	10	63	0
3.468	1	11	347	9	25	10	63	0
3.47	1	11	348	1	25	10	63	0
3.471	1	11	348	2	25	10	63	0
3.473	1	11	348	4	25	10	63	0
3.475	1	11	348	6	25	10	63	0
3.477	1	11	348	8	25	10	63	0
3.479	1	11	348	10	25	10	63	0
3.481	1	11	349	2	25	10	63	0
3.483	1	11	349	4	25	10	63	0
3.485	1	11	349	6	25	10	63	0
3.486	1	11	349	7	25	10	63	0
3.488	1	11	349	9	25	10	63	0
3.49	1	11	350	1	25	10	63	0
3.492	1	11	350	3	25	10	63	0
3.494	1	11	350	5	25	10	63	0
3.496	1	11	350	7	25	10	63	0
3.498	1	11	350	9	25	10	63	0
3.5	1	11	351	1	25	10	63	0
3.501	1	11	351	2	25	10	63	0
3.503	1	11	351	4	25	10	63	0
3.505	1	11	351	6	25	10	63	0
3.507	1	11	351	8	25	10	63	0
3.509	1	11	351	10	25	10	63	0
3.511	1	11	352	2	25	10	63	0
3.513	1	11	352	4	25	10	63	0
3.515	1	11	352	6	25	10	63	0
3.516	1	11	352	7	25	10	63	0
3.518	1	11	352	9	25	10	63	0
3.52	1	11	353	1	25	10	63	0
3.522	1	11	353	3	25	10	63	0
3.524	1	11	353	5	25	10	63	0
3.526	1	11	353	7	25	10	63	0
3.528	1	11	353	9	25	10	63	0
3.53	1	11	354	1	25	10	63	0
3.531	1	11	354	2	25	10	63	0
3.533	1	11	354	4	25	10	63	0
3.535	1	11	354	6	25	10	63	0
3.537	1	11	354	8	25	10	63	0
3.539	1	11	354	10	25	10	63	0
3.541	1	11	355	2	25	10	63	0
3.543	1	11	355	4	25	10	63	0
3.545	1	11	355	6	25	10	63	0
3.546	1	11	355	7	25	10	63	0
3.548	1	11	355	9	25	10	63	0
3.55	1	11	356	1	25	10	63	0
3.552	1	11	356	3	25	10	63	0
3.554	1	11	356	5	25	10	63	0
3.556	1	11	356	7	25	10	63	0
3.558	1	11	356	9	25	10	63	0
3.56	1	11	357	1	25	10	63	0
3.561	1	11	357	2	25	10	63	0
3.563	1	11	357	4	25	10	63	0
3.565	1	11	357	6	25	10	63	0
3.567	1	11	357	8	25	10	63	0
3.569	1	11	357	10	25	10	63	0
3.571	1	11	358	2	25	10	63	0
3.573	1	11	358	4	25	10	63	0
3.575	1	11	358	6	25	10	63	0
3.576	1	11	358	7	25	10	63	0
3.578	1	11	358	9	25	10	63	0
3.58	1	11	359	1	25	10	63	0
3.582	1	11	359	3	25	10	63	0
3.584	1	11	359	5	25	10	63	0
3.586	1	11	359	7	25	10	63	0
3.588	1	11	359	9	25	10	63	0
3.59	1	11	360	1	25	10	63	0
3.591	1	11	360	2	25	10	63	0
3.593	1	11	360	4	25	10	63	0
3.595	1	11	360	6	25	10	63	0
3.597	1	11	360	8	25	10	63	0
3.599	1	11	360	10	25	10	63	0
3.601	1	11	361	2	25	10	63	0
3.603	1	11	361	4	25	10	63	0
3.605	1	11	361	6	25	10	63	0
3.606	1	11	361	7	25	10	63	0
3.608	1	11	361	9	25	10	63	0
3.61	1	11	362	1	25	10	63	0
3.612	1	11	362	3	25	10	63	0
3.614	1	11	362	5	25	10	63	0
3.616	1	11	362	7	25	10	63	0
3.618	1	11	362	9	25	10	63	0
3.62	1	11	363	1	25	10	63	0
3.621	1	11	363	2	25	10	63	0
3.623	1	11	363	4	25	10	63	0
3.625	1	11	363	6	25	10	63	0
3.627	1	11	363	8	25	10	63	0
3.629	1	11	363	10	25	10	63	0
3.631	1	11	364	2	25	10	63	0
3.633	1	11	364	4	25	10	63	0
3.635	1	11	364	6	25	10	63	0
3.636	1	11	364	7	25	10	63	0
3.638	1	11	364	9	25	10	63	0
3.64	1	11	365	1	25	10	63	0
3.642	1	11	365	3	25	10	63	0
3.644	1	11	365	5	25	10	63	0
3.646	1	11	365	7	25	10	63	0
3.648	1	11	365	9	25	10	63	0
3.65	1	11	366	1	25	10	63	0
3.651	1	11	366	2	25	10	63	0
3.653	1	11	366	4	25	10	63	0
3.655	1	11	366	6	25	10	63	0
3.657	1	11	366	8	25	10	63	0
3.659	1	11	366	10	25	10	63	0
3.661	1	11	367	2	25	10	63	0
3.663	1	11	367	4	25	10	63	0
3.665	1	11	367	6	25	10	63	0
3.666	1	11	367	7	25	10	63	0
3.668	1	11	367	9	25	10	63	0
3.67	1	11	368	1	25	10	63	0
3.672	1	11	368	3	25	10	63	0
3.674	1	11	368	5	25	10	63	0
3.676	1	11	368	7	25	10	63	0
3.678	1	11	368	9	25	10	63	0
3.68	1	11	369	1	25	10	63	0
3.681	1	11	369	2	25	10	63	0
3.683	1	11	369	4	25	10	63	0
3.685	1	11	369	6	25	10	63	0
3.687	1	11	369	8	25	10	63	0
3.689	1	11	369	10	25	10	63	0
3.691	1	11	370	2	25	10	63	0
3.693	1	11	370	4	25	10	63	0
3.695	1	11	370	6	25	10	63	0
3.696	1	11	370	7	25	10	63	0
3.698	1	11	370	9	25	10	63	0
3.7	1	11	371	1	25	10	63	0
3.702	1	11	371	3	25	10	63	0
3.704	1	11	371	5	25	10	63	0
3.706	1	11	371	7	25	10	63	0
3.708	1	11	371	9	25	10	63	0
3.71	1	11	372	1	25	10	63	0
3.711	1	11	372	2	25	10	63	0
3.713	1	11	372	4	25	10	63	0
3.715	1	11	372	6	25	10	63	0
3.717	1	11	372	8	25	10	63	0
3.719	1	11	372	10	25	10	63	0
3.721	1	11	373	2	25	10	63	0
3.723	1	11	373	4	25	10	63	0
3.725	1	11	373	6	25	10	63	0
3.726	1	11	373	7	25	10	63	0
3.728	1	11	373	9	25	10	63	0
3.73	1	11	374	1	25	10	63	0
3.732	1	11	374	3	25	10	63	0
3.734	1	11	374	5	25	10	63	0
3.736	1	11	374	7	25	10	63	0
3.738	1	11	374	9	25	10	63	0
3.74	1	11	375	1	25	10	63	0
3.741	1	11	375	2	25	10	63	0
3.743	1	11	375	4	25	10	63	0
3.745	1	11	375	6	25	10	63	0
3.747	1	11	375	8	25	10	63	0
3.749	1	11	375	10	25	10	63	0
3.751	1	11	376	2	25	10	63	0
3.753	1	11	376	4	25	10	63	0
3.755	1	11	376	6	25	10	63	0
3.756	1	11	376	7	25	10	63	0
3.758	1	11	376	9	25	10	63	0
3.76	1	11	377	1	25	10	63	0
3.762	1	11	377	3	25	10	63	0
3.764	1	11	377	5	25	10	63	0
3.766	1	11	377	7	25	10	63	0
3.768	1	11	377	9	25	10	63	0
3.77	1	11	378	1	25	10	63	0
3.771	1	11	378	2	25	10	63	0
3.773	1	11	378	4	25	10	63	0
3.775	1	11	378	6	25	10	63	0
3.777	1	11	378	8	25	10	63	0
3.779	1	11	378	10	25	10	63	0
3.781	1	11	379	2	25	10	63	0
3.783	1	11	379	4	25	10	63	0
3.785	1	11	379	6	25	10	63	0
3.786	1	11	379	7	25	10	63	0
3.788	1	11	379	9	25	10	63	0
3.79	1	11	380	1	25	10	63	0
3.792	1	11	380	3	25	10	63	0
3.794	1	11	380	5	25	10	63	0
3.796	1	11	380	7	25	10	63	0
3.798	1	11	380	9	25	10	63	0
3.8	1	11	381	1	25	10	63	0
3.801	1	11	381	2	25	10	63	0
3.803	1	11	381	4	25	10	63	0
3.805	1	11	381	6	25	10	63	0
3.807	1	11	381	8	25	10	63	0
3.809	1	11	381	10	25	10	63	0
3.811	1	11	382	2	25	10	63	0
3.813	1	11	382	4	25	10	63	0
3.815	1	11	382	6	25	10	63	0
3.816	1	11	382	7	25	10	63	0
3.818	1	11	382	9	25	10	63	0
3.82	1	11	383	1	25	10	63	0
3.822	1	11	383	3	25	10	63	0
3.824	1	11	383	5	25	10	63	0
3.826	1	11	383	7	25	10	63	0
3.828	1	11	383	9	25	10	63	0
3.83	1	11	384	1	25	10	63	0
3.831	1	11	384	2	25	10	63	0
3.833	1	11	384	4	25	10	63	0
3.835	1	11	384	6	25	10	63	0
3.837	1	11	384	8	25	10	63	0
3.839	1	11	384	10	25	10	63	0
3.841	1	11	385	2	25	10	63	0
3.843	1	11	385	4	25	10	63	0
3.845	1	11	385	6	25	10	63	0
3.846	1	11	385	7	25	10	63	0
3.848	1	11	385	9	25	10	63	0
3.85	1	11	386	1	25	10	63	0
3.852	1	11	386	3	25	10	63	0
3.854	1	11	386	5	25	10	63	0
3.856	1	11	386	7	25	10	63	0
3.858	1	11	386	9	25	10	63	0
3.86	1	11	387	1	25	10	63	0
3.861	1	11	387	2	25	10	63	0
3.863	1	11	387	4	25	10	63	0
3.865	1	11	387	6	25	10	63	0
3.867	1	11	387	8	25	10	63	0
3.869	1	11	387	10	25	10	63	0
3.871	1	11	388	2	25	10	63	0
3.873	1	11	388	4	25	10	63	0
3.875	1	11	388	6	25	10	63	0
3.876	1	11	388	7	25	10	63	0
3.878	1	11	388	9	25	10	63	0
3.88	1	11	389	1	25	10	63	0
3.882	1	11	389	3	25	10	63	0
3.884	1	11	389	5	25	10	63	0
3.886	1	11	389	7	25	10	63	0
3.888	1	11	389	9	25	10	63	0
3.89	1	11	390	1	25	10	63	0
3.891	1	11	390	2	25	10	63	0
3.893	1	11	390	4	25	10	63	0
3.895	1	11	390	6	25	10	63	0
3.897	1	11	390	8	25	10	63	0
3.899	1	11	390	10	25	10	63	0
3.901	1	11	391	2	25	10	63	0
3.903	1	11	391	4	25	10	63	0
3.905	1	11	391	6	25	10	63	0
3.906	1	11	391	7	25	10	63	0
3.908	1	11	391	9	25	10	63	0
3.91	1	11	392	1	25	10	63	0
3.912	1	11	392	3	25	10	63	0
3.914	1	11	392	5	25	10	63	0
3.916	1	11	392	7	25	10	63	0
3.918	1	11	392	9	25	10	63	0
3.92	1	11	393	1	25	10	63	0
3.921	1	11	393	2	25	10	63	0
3.923	1	11	393	4	25	10	63	0
3.925	1	11	393	6	25	10	63	0
3.927	1	11	393	8	25	10	63	0
3.929	1	11	393	10	25	10	63	0
3.931	1	11	394	2	25	10	63	0
3.933	1	11	394	4	25	10	63	0
3.935	1	11	394	6	25	10	63	0
3.936	1	11	394	7	25	10	63	0
3.938	1	11	394	9	25	10	63	0
3.94	1	11	395	1	25	10	63	0
3.942	1	11	395	3	25	10	63	0
3.944	1	11	395	5	25	10	63	0
3.946	1	11	395	7	25	10	63	0
3.948	1	11	395	9	25	10	63	0
3.95	1	11	396	1	25	10	63	0
3.951	1	11	396	2	25	10	63	0
3.953	1	11	396	4	25	10	63	0
3.955	1	11	396	6	25	10	63	0
3.957	1	11	396	8	25	10	63	0
3.959	1	11	396	10	25	10	63	0
3.961	1	11	397	2	25	10	63	0
3.963	1	11	397	4	25	10	63	0
3.965	1	11	397	6	25	10	63	0
3.966	1	11	397	7	25	10	63	0
3.968	1	11	397	9	25	10	63	0
3.97	1	11	398	1	25	10	63	0
3.972	1	11	398	3	25	10	63	0
3.974	1	11	398	5	25	10	63	0
3.976	1	11	398	7	25	10	63	0
3.978	1	11	398	9	25	10	63	0
3.98	1	11	399	1	25	10	63	0
3.981	1	11	399	2	25	10	63	0
3.983	1	11	399	4	25	10	63	0
3.985	1	11	399	6	25	10	63	0
3.987	1	11	399	8	25	10	63	0
3.989	1	11	399	10	25	10	63	0
3.991	1	11	400	2	25	10	63	0
3.993	1	11	400	4	25	10	63	0
3.995	1	11	400	6	25	10	63	0
3.996	1	11	400	7	25	10	63	0
3.998	1	11	400	9	25	10	63	0
4	1	11	401	1	25	10	63	0
4.002	1	11	401	3	25	10	63	0
4.004	1	11	401	5	25	10	63	0
4.006	1	11	401	7	25	10	63	0
4.008	1	11	401	9	25	10	63	0
4.01	1	11	402	1	25	10	63	0
4.011	1	11	402	2	25	10	63	0
4.013	1	11	402	4	25	10	63	0
4.015	1	11	402	6	25	10	63	0
4.017	1	11	402	8	25	10	63	0
4.019	1	11	402	10	25	10	63	0
4.021	1	11	403	2	25	10	63	0
4.023	1	11	403	4	25	10	63	0
4.025	1	11	403	6	25	10	63	0
4.026	1	11	403	7	25	10	63	0
4.028	1	11	403	9	25	10	63	0
4.03	1	11	404	1	25	10	63	0
4.032	1	11	404	3	25	10	63	0
4.034	1	11	404	5	25	10	63	0
4.036	1	11	404	7	25	10	63	0
4.038	1	11	404	9	25	10	63	0
4.04	1	11	405	1	25	10	63	0
4.041	1	11	405	2	25	10	63	0
4.043	1	11	405	4	25	10	63	0
4.045	1	11	405	6	25	10	63	0
4.047	1	11	405	8	25	10	63	0
4.049	1	11	405	10	25	10	63	0
4.051	1	11	406	2	25	10	63	0
4.053	1	11	406	4	25	10	63	0
4.055	1	11	406	6	25	10	63	0
4.056	1	11	406	7	25	10	63	0
4.058	1	11	406	9	25	10	63	0
4.06	1	11	407	1	25	10	63	0
4.062	1	11	407	3	25	10	63	0
4.064	1	11	407	5	25	10	63	0
4.066	1	11	407	7	25	10	63	0
4.068	1	11	407	9	25	10	63	0
4.07	1	11	408	1	25	10	63	0
4.071	1	11	408	2	25	10	63	0
4.073	1	11	408	4	25	10	63	0
4.075	1	11	408	6	25	10	63	0
4.077	1	11	408	8	25	10	63	0
4.079	1	11	408	10	25	10	63	0
4.081	1	11	409	2	25	10	63	0
4.083	1	11	409	4	25	10	63	0
4.085	1	11	409	6	25	10	63	0
4.086	1	11	409	7	25	10	63	0
4.088	1	11	409	9	25	10	63	0
4.09	1	11	410	1	25	10	63	0
4.092	1	11	410	3	25	10	63	0
4.094	1	11	410	5	25	10	63	0
4.096	1	11	410	7	25	10	63	0
4.098	1	11	410	9	25	10	63	0
4.1	1	11	411	1	25	10	63	0
4.101	1	11	411	2	25	10	63	0
4.103	1	11	411	4	25	10	63	0
4.105	1	11	411	6	25	10	63	0
4.107	1	11	411	8	25	10	63	0
4.109	1	11	411	10	25	10	63	0
4.111	1	11	412	2	25	10	63	0
4.113	1	11	412	4	25	10	63	0
4.115	1	11	412	6	25	10	63	0
4.116	1	11	412	7	25	10	63	0
4.118	1	11	412	9	25	10	63	0
4.12	1	11	413	1	25	10	63	0
4.122	1	11	413	3	25	10	63	0
4.124	1	11	413	5	25	10	63	0
4.126	1	11	413	7	25	10	63	0
4.128	1	11	413	9	25	10	63	0
4.13	1	11	414	1	25	10	63	0
4.131	1	11	414	2	25	10	63	0
4.133	1	11	414	4	25	10	63	0
4.135	1	11	414	6	25	10	63	0
4.137	1	11	414	8	25	10	63	0
4.139	1	11	414	10	25	10	63	0
4.141	1	11	415	2	25	10	63	0
4.143	1	11	415	4	25	10	63	0
4.145	1	11	415	6	25	10	63	0
4.146	1	11	415	7	25	10	63	0
4.148	1	11	415	9	25	10	63	0
4.15	1	11	416	1	25	10	63	0
4.152	1	11	416	3	25	10	63	0
4.154	1	11	416	5	25	10	63	0
4.156	1	11	416	7	25	10	63	0
4.158	1	11	416	9	25	10	63	0
4.16	1	11	417	1	25	10	63	0
4.161	1	11	417	2	25	10	63	0
4.163	1	11	417	4	25	10	63	0
4.165	1	11	417	6	25	10	63	0
4.167	1	11	417	8	25	10	63	0
4.169	1	11	417	10	25	10	63	0
4.171	1	11	418	2	25	10	63	0
4.173	1	11	418	4	25	10	63	0
4.175	1	11	418	6	25	10	63	0
4.176	1	11	418	7	25	10	63	0
4.178	1	11	418	9	25	10	63	0
4.18	1	11	419	1	25	10	63	0
4.182	1	11	419	3	25	10	63	0
4.184	1	11	419	5	25	10	63	0
4.186	1	11	419	7	25	10	63	0
4.188	1	11	419	9	25	10	63	0
4.19	1	11	420	1	25	10	63	0
4.191	1	11	420	2	25	10	63	0
4.193	1	11	420	4	25	10	63	0
4.195	1	11	420	6	25	10	63	0
4.197	1	11	420	8	25	10	63	0
4.199	1	11	420	10	25	10	63	0
4.201	1	11	421	2	25	10	63	0
4.203	1	11	421	4	25	10	63	0
4.205	1	11	421	6	25	10	63	0
4.206	1	11	421	7	25	10	63	0
4.208	1	11	421	9	25	10	63	0
4.21	1	11	422	1	25	10	63	0
4.212	1	11	422	3	25	10	63	0
4.214	1	11	422	5	25	10	63	0
4.216	1	11	422	7	25	10	63	0
4.218	1	11	422	9	25	10	63	0
4.22	1	11	423	1	25	10	63	0
4.221	1	11	423	2	25	10	63	0
4.223	1	11	423	4	25	10	63	0
4.225	1	11	423	6	25	10	63	0
4.227	1	11	423	8	25	10	63	0
4.229	1	11	423	10	25	10	63	0
4.231	1	11	424	2	25	10	63	0
4.233	1	11	424	4	25	10	63	0
4.235	1	11	424	6	25	10	63	0
4.236	1	11	424	7	25	10	63	0
4.238	1	11	424	9	25	10	63	0
4.24	1	11	425	1	25	10	63	0
4.242	1	11	425	3	25	10	63	0
4.244	1	11	425	5	25	10	63	0
4.246	1	11	425	7	25	10	63	0
4.248	1	11	425	9	25	10	63	0
4.25	1	11	426	1	25	10	63	0
4.251	1	11	426	2	25	10	63	0
4.253	1	11	426	4	25	10	63	0
4.255	1	11	426	6	25	10	63	0
4.257	1	11	426	8	25	10	63	0
4.259	1	11	426	10	25	10	63	0
4.261	1	11	427	2	25	10	63	0
4.263	1	11	427	4	25	10	63	0
4.265	1	11	427	6	25	10	63	0
4.266	1	11	427	7	25	10	63	0
4.268	1	11	427	9	25	10	63	0
4.27	1	11	428	1	25	10	63	0
4.272	1	11	428	3	25	10	63	0
4.274	1	11	428	5	25	10	63	0
4.276	1	11	428	7	25	10	63	0
4.278	1	11	428	9	25	10	63	0
4.28	1	11	429	1	25	10	63	0
4.281	1	11	429	2	25	10	63	0
4.283	1	11	429	4	25	10	63	0
4.285	1	11	429	6	25	10	63	0
4.287	1	11	429	8	25	10	63	0
4.289	1	11	429	10	25	10	63	0
4.291	1	11	430	2	25	10	63	0
4.293	1	11	430	4	25	10	63	0
4.295	1	11	430	6	25	10	63	0
4.296	1	11	430	7	25	10	63	0
4.298	1	11	430	9	25	10	63	0
4.3	1	11	431	1	25	10	63	0
4.302	1	11	431	3	25	10	63	0
4.304	1	11	431	5	25	10	63	0
4.306	1	11	431	7	25	10	63	0
4.308	1	11	431	9	25	10	63	0
4.31	1	11	432	1	25	10	63	0
4.311	1	11	432	2	25	10	63	0
4.313	1	11	432	4	25	10	63	0
4.315	1	11	432	6	25	10	63	0
4.317	1	11	432	8	25	10	63	0
4.319	1	11	432	10	25	10	63	0
4.321	1	11	433	2	25	10	63	0
4.323	1	11	433	4	25	10	63	0
4.325	1	11	433	6	25	10	63	0
4.326	1	11	433	7	25	10	63	0
4.328	1	11	433	9	25	10	63	0
4.33	1	11	434	1	25	10	63	0
4.332	1	11	434	3	25	10	63	0
4.334	1	11	434	5	25	10	63	0
4.336	1	11	434	7	25	10	63	0
4.338	1	11	434	9	25	10	63	0
4.34	1	11	435	1	25	10	63	0
4.341	1	11	435	2	25	10	63	0
4.343	1	11	435	4	25	10	63	0
4.345	1	11	435	6	25	10	63	0
4.347	1	11	435	8	25	10	63	0
4.349	1	11	435	10	25	10	63	0
4.351	1	11	436	2	25	10	63	0
4.353	1	11	436	4	25	10	63	0
4.355	1	11	436	6	25	10	63	0
4.356	1	11	436	7	25	10	63	0
4.358	1	11	436	9	25	10	63	0
4.36	1	11	437	1	25	10	63	0
4.362	1	11	437	3	25	10	63	0
4.364	1	11	437	5	25	10	63	0
4.366	1	11	437	7	25	10	63	0
4.368	1	11	437	9	25	10	63	0
4.37	1	11	438	1	25	10	63	0
4.371	1	11	438	2	25	10	63	0
4.373	1	11	438	4	25	10	63	0
4.375	1	11	438	6	25	10	63	0
4.377	1	11	438	8	25	10	63	0
4.379	1	11	438	10	25	10	63	0
4.381	1	11	439	2	25	10	63	0
4.383	1	11	439	4	25	10	63	0
4.385	1	11	439	6	25	10	63	0
4.386	1	11	439	7	25	10	63	0
4.388	1	11	439	9	25	10	63	0
4.39	1	11	440	1	25	10	63	0
4.392	1	11	440	3	25	10	63	0
4.394	1	11	440	5	25	10	63	0
4.396	1	11	440	7	25	10	63	0
4.398	1	11	440	9	25	10	63	0
4.4	1	11	441	1	25	10	63	0
4.401	1	11	441	2	25	10	63	0
4.403	1	11	441	4	25	10	63	0
4.405	1	11	441	6	25	10	63	0
4.407	1	11	441	8	25	10	63	0
4.409	1	11	441	10	25	10	63	0
4.411	1	11	442	2	25	10	63	0
4.413	1	11	442	4	25	10	63	0
4.415	1	11	442	6	25	10	63	0
4.416	1	11	442	7	25	10	63	0
4.418	1	11	442	9	25	10	63	0
4.42	1	11	443	1	25	10	63	0
4.422	1	11	443	3	25	10	63	0
4.424	1	11	443	5	25	10	63	0
4.426	1	11	443	7	25	10	63	0
4.428	1	11	443	9	25	10	63	0
4.43	1	11	444	1	25	10	63	0
4.431	1	11	444	2	25	10	63	0
4.433	1	11	444	4	25	10	63	0
4.435	1	11	444	6	25	10	63	0
4.437	1	11	444	8	25	10	63	0
4.439	1	11	444	10	25	10	63	0
4.441	1	11	445	2	25	10	63	0
4.443	1	11	445	4	25	10	63	0
4.445	1	11	445	6	25	10	63	0
4.446	1	11	445	7	25	10	63	0
4.448	1	11	445	9	25	10	63	0
4.45	1	11	446	1	25	10	63	0
4.452	1	11	446	3	25	10	63	0
4.454	1	11	446	5	25	10	63	0
4.456	1	11	446	7	25	10	63	0
4.458	1	11	446	9	25	10	63	0
4.46	1	11	447	1	25	10	63	0
4.461	1	11	447	2	25	10	63	0
4.463	1	11	447	4	25	10	63	0
4.465	1	11	447	6	25	10	63	0
4.467	1	11	447	8	25	10	63	0
4.469	1	11	447	10	25	10	63	0
4.471	1	11	448	2	25	10	63	0
4.473	1	11	448	4	25	10	63	0
4.475	1	11	448	6	25	10	63	0
4.476	1	11	448	7	25	10	63	0
4.478	1	11	448	9	25	10	63	0
4.48	1	11	449	1	25	10	63	0
4.482	1	11	449	3	25	10	63	0
4.484	1	11	449	5	25	10	63	0
4.486	1	11	449	7	25	10	63	0
4.488	1	11	449	9	25	10	63	0
4.49	1	11	450	1	25	10	63	0
4.491	1	11	450	2	25	10	63	0
4.493	1	11	450	4	25	10	63	0
4.495	1	11	450	6	25	10	63	0
4.497	1	11	450	8	25	10	63	0
4.499	1	11	450	10	25	10	63	0
4.501	1	11	451	2	25	10	63	0
4.503	1	11	451	4	25	10	63	0
4.505	1	11	451	6	25	10	63	0
4.506	1	11	451	7	25	10	63	0
4.508	1	11	451	9	25	10	63	0
4.51	1	11	452	1	25	10	63	0
4.512	1	11	452	3	25	10	63	0
4.514	1	11	452	5	25	10	63	0
4.516	1	11	452	7	25	10	63	0
4.518	1	11	452	9	25	10	63	0
4.52	1	11	453	1	25	10	63	0
4.521	1	11	453	2	25	10	63	0
4.523	1	11	453	4	25	10	63	0
4.525	1	11	453	6	25	10	63	0
4.527	1	11	453	8	25	10	63	0
4.529	1	11	453	10	25	10	63	0
4.531	1	11	454	2	25	10	63	0
4.533	1	11	454	4	25	10	63	0
4.535	1	11	454	6	25	10	63	0
4.536	1	11	454	7	25	10	63	0
4.538	1	11	454	9	25	10	63	0
4.54	1	11	455	1	25	10	63	0
4.542	1	11	455	3	25	10	63	0
4.544	1	11	455	5	25	10	63	0
4.546	1	11	455	7	25	10	63	0
4.548	1	11	455	9	25	10	63	0
4.55	1	11	456	1	25	10	63	0
4.551	1	11	456	2	25	10	63	0
4.553	1	11	456	4	25	10	63	0
4.555	1	11	456	6	25	10	63	0
4.557	1	11	456	8	25	10	63	0
4.559	1	11	456	10	25	10	63	0
4.561	1	11	457	2	25	10	63	0
4.563	1	11	457	4	25	10	63	0
4.565	1	11	457	6	25	10	63	0
4.566	1	11	457	7	25	10	63	0
4.568	1	11	457	9	25	10	63	0
4.57	1	11	458	1	25	10	63	0
4.572	1	11	458	3	25	10	63	0
4.574	1	11	458	5	25	10	63	0
4.576	1	11	458	7	25	10	63	0
4.578	1	11	458	9	25	10	63	0
4.58	1	11	459	1	25	10	63	0
4.581	1	11	459	2	25	10	63	0
4.583	1	11	459	4	25	10	63	0
4.585	1	11	459	6	25	10	63	0
4.587	1	11	459	8	25	10	63	0
4.589	1	11	459	10	25	10	63	0
4.591	1	11	460	2	25	10	63	0
4.593	1	11	460	4	25	10	63	0
4.595	1	11	460	6	25	10	63	0
4.596	1	11	460	7	25	10	63	0
4.598	1	11	460	9	25	10	63	0
4.6	1	11	461	1	25	10	63	0
4.602	1	11	461	3	25	10	63	0
4.604	1	11	461	5	25	10	63	0
4.606	1	11	461	7	25	10	63	0
4.608	1	11	461	9	25	10	63	0
4.61	1	11	462	1	25	10	63	0
4.611	1	11	462	2	25	10	63	0
4.613	1	11	462	4	25	10	63	0
4.615	1	11	462	6	25	10	63	0
4.617	1	11	462	8	25	10	63	0
4.619	1	11	462	10	25	10	63	0
4.621	1	11	463	2	25	10	63	0
4.623	1	11	463	4	25	10	63	0
4.625	1	11	463	6	25	10	63	0
4.626	1	11	463	7	25	10	63	0
4.628	1	11	463	9	25	10	63	0
4.63	1	11	464	1	25	10	63	0
4.632	1	11	464	3	25	10	63	0
4.634	1	11	464	5	25	10	63	0
4.636	1	11	464	7	25	10	63	0
4.638	1	11	464	9	25	10	63	0
4.64	1	11	465	1	25	10	63	0
4.641	1	11	465	2	25	10	63	0
4.643	1	11	465	4	25	10	63	0
4.645	1	11	465	6	25	10	63	0
4.647	1	11	465	8	25	10	63	0
4.649	1	11	465	10	25	10	63	0
4.651	1	11	466	2	25	10	63	0
4.653	1	11	466	4	25	10	63	0
4.655	1	11	466	6	25	10	63	0
4.656	1	11	466	7	25	10	63	0
4.658	1	11	466	9	25	10	63	0
4.66	1	11	467	1	25	10	63	0
4.662	1	11	467	3	25	10	63	0
4.664	1	11	467	5	25	10	63	0
4.666	1	11	467	7	25	10	63	0
4.668	1	11	467	9	25	10	63	0
4.67	1	11	468	1	25	10	63	0
4.671	1	11	468	2	25	10	63	0
4.673	1	11	468	4	25	10	63	0
4.675	1	11	468	6	25	10	63	0
4.677	1	11	468	8	25	10	63	0
4.679	1	11	468	10	25	10	63	0
4.681	1	11	469	2	25	10	63	0
4.683	1	11	469	4	25	10	63	0
4.685	1	11	469	6	25	10	63	0
4.686	1	11	469	7	25	10	63	0
4.688	1	11	469	9	25	10	63	0
4.69	1	11	470	1	25	10	63	0
4.692	1	11	470	3	25	10	63	0
4.694	1	11	470	5	25	10	63	0
4.696	1	11	470	7	25	10	63	0
4.698	1	11	470	9	25	10	63	0
4.7	1	11	471	1	25	10	63	0
4.701	1	11	471	2	25	10	63	0
4.703	1	11	471	4	25	10	63	0
4.705	1	11	471	6	25	10	63	0
4.707	1	11	471	8	25	10	63	0
4.709	1	11	471	10	25	10	63	0
4.711	1	11	472	2	25	10	63	0
4.713	1	11	472	4	25	10	63	0
4.715	1	11	472	6	25	10	63	0
4.716	1	11	472	7	25	10	63	0
4.718	1	11	472	9	25	10	63	0
4.72	1	11	473	1	25	10	63	0
4.722	1	11	473	3	25	10	63	0
4.724	1	11	473	5	25	10	63	0
4.726	1	11	473	7	25	10	63	0
4.728	1	11	473	9	25	10	63	0
4.73	1	11	474	1	25	10	63	0
4.731	1	11	474	2	25	10	63	0
4.733	1	11	474	4	25	10	63	0
4.735	1	11	474	6	25	10	63	0
4.737	1	11	474	8	25	10	63	0
4.739	1	11	474	10	25	10	63	0
4.741	1	11	475	2	25	10	63	0
4.743	1	11	475	4	25	10	63	0
4.745	1	11	475	6	25	10	63	0
4.746	1	11	475	7	25	10	63	0
4.748	1	11	475	9	25	10	63	0
4.75	1	11	476	1	25	10	63	0
4.752	1	11	476	3	25	10	63	0
4.754	1	11	476	5	25	10	63	0
4.756	1	11	476	7	25	10	63	0
4.758	1	11	476	9	25	10	63	0
4.76	1	11	477	1	25	10	63	0
4.761	1	11	477	2	25	10	63	0
4.763	1	11	477	4	25	10	63	0
4.765	1	11	477	6	25	10	63	0
4.767	1	11	477	8	25	10	63	0
4.769	1	11	477	10	25	10	63	0
4.771	1	11	478	2	25	10	63	0
4.773	1	11	478	4	25	10	63	0
4.775	1	11	478	6	25	10	63	0
4.776	1	11	478	7	25	10	63	0
4.778	1	11	478	9	25	10	63	0
4.78	1	11	479	1	25	10	63	0
4.782	1	11	479	3	25	10	63	0
4.784	1	11	479	5	25	10	63	0
4.786	1	11	479	7	25	10	63	0
4.788	1	11	479	9	25	10	63	0
4.79	1	11	480	1	25	10	63	0
4.791	1	11	480	2	25	10	63	0
4.793	1	11	480	4	25	10	63	0
4.795	1	11	480	6	25	10	63	0
4.797	1	11	480	8	25	10	63	0
4.799	1	11	480	10	25	10	63	0
4.801	1	11	481	2	25	10	63	0
4.803	1	11	481	4	25	10	63	0
4.805	1	11	481	6	25	10	63	0
4.806	1	11	481	7	25	10	63	0
4.808	1	11	481	9	25	10	63	0
4.81	1	11	482	1	25	10	63	0
4.812	1	11	482	3	25	10	63	0
4.814	1	11	482	5	25	10	63	0
4.816	1	11	482	7	25	10	63	0
4.818	1	11	482	9	25	10	63	0
4.82	1	11	483	1	25	10	63	0
4.821	1	11	483	2	25	10	63	0
4.823	1	11	483	4	25	10	63	0
4.825	1	11	483	6	25	10	63	0
4.827	1	11	483	8	25	10	63	0
4.829	1	11	483	10	25	10	63	0
4.831	1	11	484	2	25	10	63	0
4.833	1	11	484	4	25	10	63	0
4.835	1	11	484	6	25	10	63	0
4.836	1	11	484	7	25	10	63	0
4.838	1	11	484	9	25	10	63	0
4.84	1	11	485	1	25	10	63	0
4.842	1	11	485	3	25	10	63	0
4.844	1	11	485	5	25	10	63	0
4.846	1	11	485	7	25	10	63	0
4.848	1	11	485	9	25	10	63	0
4.85	1	11	486	1	25	10	63	0
4.851	1	11	486	2	25	10	63	0
4.853	1	11	486	4	25	10	63	0
4.855	1	11	486	6	25	10	63	0
4.857	1	11	486	8	25	10	63	0
4.859	1	11	486	10	25	10	63	0
4.861	1	11	487	2	25	10	63	0
4.863	1	11	487	4	25	10	63	0
4.865	1	11	487	6	25	10	63	0
4.866	1	11	487	7	25	10	63	0
4.868	1	11	487	9	25	10	63	0
4.87	1	11	488	1	25	10	63	0
4.872	1	11	488	3	25	10	63	0
4.874	1	11	488	5	25	10	63	0
4.876	1	11	488	7	25	10	63	0
4.878	1	11	488	9	25	10	63	0
4.88	1	11	489	1	25	10	63	0
4.881	1	11	489	2	25	10	63	0
4.883	1	11	489	4	25	10	63	0
4.885	1	11	489	6	25	10	63	0
4.887	1	11	489	8	25	10	63	0
4.889	1	11	489	10	25	10	63	0
4.891	1	11	490	2	25	10	63	0
4.893	1	11	490	4	25	10	63	0
4.895	1	11	490	6	25	10	63	0
4.896	1	11	490	7	25	10	63	0
4.898	1	11	490	9	25	10	63	0
4.9	1	11	491	1	25	10	63	0
4.902	1	11	491	3	25	10	63	0
4.904	1	11	491	5	25	10	63	0
4.906	1	11	491	7	25	10	63	0
4.908	1	11	491	9	25	10	63	0
4.91	1	11	492	1	25	10	63	0
4.911	1	11	492	2	25	10	63	0
4.913	1	11	492	4	25	10	63	0
4.915	1	11	492	6	25	10	63	0
4.917	1	11	492	8	25	10	63	0
4.919	1	11	492	10	25	10	63	0
4.921	1	11	493	2	25	10	63	0
4.923	1	11	493	4	25	10	63	0
4.925	1	11	493	6	25	10	63	0
4.926	1	11	493	7	25	10	63	0
4.928	1	11	493	9	25	10	63	0
4.93	1	11	494	1	25	10	63	0
4.932	1	11	494	3	25	10	63	0
4.934	1	11	494	5	25	10	63	0
4.936	1	11	494	7	25	10	63	0
4.938	1	11	494	9	25	10	63	0
4.94	1	11	495	1	25	10	63	0
4.941	1	11	495	2	25	10	63	0
4.943	1	11	495	4	25	10	63	0
4.945	1	11	495	6	25	10	63	0
4.947	1	11	495	8	25	10	63	0
4.949	1	11	495	10	25	10	63	0
4.951	1	11	496	2	25	10	63	0
4.953	1	11	496	4	25	10	63	0
4.955	1	11	496	6	25	10	63	0
4.956	1	11	496	7	25	10	63	0
4.958	1	11	496	9	25	10	63	0
4.96	1	11	497	1	25	10	63	0
4.962	1	11	497	3	25	10	63	0
4.964	1	11	497	5	25	10	63	0
4.966	1	11	497	7	25	10	63	0
4.968	1	11	497	9	25	10	63	0
4.97	1	11	498	1	25	10	63	0
4.971	1	11	498	2	25	10	63	0
4.973	1	11	498	4	25	10	63	0
4.975	1	11	498	6	25	10	63	0
4.977	1	11	498	8	25	10	63	0
4.979	1	11	498	10	25	10	63	0
4.981	1	11	499	2	25	10	63	0
4.983	1	11	499	4	25	10	63	0
4.985	1	11	499	6	25	10	63	0
4.986	1	11	499	7	25	10	63	0
4.988	1	11	499	9	25	10	63	0
4.99	1	11	500	1	25	10	63	0
4.992	1	11	500	3	25	10	63	0
4.994	1	11	500	5	25	10	63	0
4.996	1	11	500	7	25	10	63	0
4.998	1	11	500	9	25	10	63	0
