% time	cellId	IMSI	frame	sframe	RNTI	mcs	size	ccId
0.038	1	7	4	9	21	0	7	0
0.039	1	7	4	10	21	0	7	0
0.041	1	7	5	2	21	0	7	0
0.042	1	7	5	3	21	0	7	0
0.044	1	7	5	5	21	0	7	0
0.045	1	7	5	6	21	0	7	0
0.047	1	7	5	8	21	0	7	0
0.049	1	7	5	10	21	0	7	0
0.051	1	7	6	2	21	0	7	0
0.053	1	7	6	4	21	0	7	0
0.055	1	7	6	6	21	0	7	0
0.057	1	7	6	8	21	0	7	0
0.059	1	7	6	10	21	0	7	0
0.06	1	7	7	1	21	0	7	0
0.062	1	7	7	3	21	12	73	0
0.064	1	7	7	5	21	12	73	0
0.066	1	7	7	7	21	12	73	0
0.068	1	7	7	9	21	12	73	0
0.07	1	7	8	1	21	12	73	0
0.072	1	7	8	3	21	12	73	0
0.074	1	7	8	5	21	12	73	0
0.075	1	7	8	6	21	12	73	0
0.077	1	7	8	8	21	12	73	0
0.079	1	7	8	10	21	12	73	0
0.081	1	7	9	2	21	12	73	0
0.083	1	7	9	4	21	12	73	0
0.085	1	7	9	6	21	12	73	0
0.087	1	7	9	8	21	12	73	0
0.089	1	7	9	10	21	12	73	0
0.09	1	7	10	1	21	12	73	0
0.092	1	7	10	3	21	12	73	0
0.094	1	7	10	5	21	12	73	0
0.096	1	7	10	7	21	12	73	0
0.098	1	7	10	9	21	12	73	0
0.1	1	7	11	1	21	12	73	0
0.102	1	7	11	3	21	12	73	0
0.104	1	7	11	5	21	12	73	0
0.105	1	7	11	6	21	12	73	0
0.107	1	7	11	8	21	12	73	0
0.109	1	7	11	10	21	12	73	0
0.111	1	7	12	2	21	12	73	0
0.113	1	7	12	4	21	12	73	0
0.115	1	7	12	6	21	12	73	0
0.117	1	7	12	8	21	12	73	0
0.119	1	7	12	10	21	12	73	0
0.12	1	7	13	1	21	12	73	0
0.122	1	7	13	3	21	12	73	0
0.124	1	7	13	5	21	12	73	0
0.126	1	7	13	7	21	12	73	0
0.128	1	7	13	9	21	12	73	0
0.13	1	7	14	1	21	12	73	0
0.132	1	7	14	3	21	12	73	0
0.134	1	7	14	5	21	12	73	0
0.135	1	7	14	6	21	12	73	0
0.137	1	7	14	8	21	12	73	0
0.139	1	7	14	10	21	12	73	0
0.141	1	7	15	2	21	12	73	0
0.143	1	7	15	4	21	12	73	0
0.145	1	7	15	6	21	12	73	0
0.147	1	7	15	8	21	12	73	0
0.149	1	7	15	10	21	12	73	0
0.15	1	7	16	1	21	12	73	0
0.152	1	7	16	3	21	12	73	0
0.154	1	7	16	5	21	12	73	0
0.156	1	7	16	7	21	12	73	0
0.158	1	7	16	9	21	12	73	0
0.16	1	7	17	1	21	12	73	0
0.162	1	7	17	3	21	12	73	0
0.164	1	7	17	5	21	12	73	0
0.165	1	7	17	6	21	12	73	0
0.167	1	7	17	8	21	12	73	0
0.169	1	7	17	10	21	12	73	0
0.171	1	7	18	2	21	12	73	0
0.173	1	7	18	4	21	12	73	0
0.175	1	7	18	6	21	12	73	0
0.177	1	7	18	8	21	12	73	0
0.179	1	7	18	10	21	12	73	0
0.18	1	7	19	1	21	12	73	0
0.182	1	7	19	3	21	12	73	0
0.184	1	7	19	5	21	12	73	0
0.186	1	7	19	7	21	12	73	0
0.188	1	7	19	9	21	12	73	0
0.19	1	7	20	1	21	12	73	0
0.192	1	7	20	3	21	12	73	0
0.194	1	7	20	5	21	12	73	0
0.195	1	7	20	6	21	12	73	0
0.197	1	7	20	8	21	12	73	0
0.199	1	7	20	10	21	12	73	0
0.201	1	7	21	2	21	12	73	0
0.203	1	7	21	4	21	12	73	0
0.205	1	7	21	6	21	12	73	0
0.207	1	7	21	8	21	12	73	0
0.209	1	7	21	10	21	12	73	0
0.21	1	7	22	1	21	12	73	0
0.212	1	7	22	3	21	12	73	0
0.214	1	7	22	5	21	12	73	0
0.216	1	7	22	7	21	12	73	0
0.218	1	7	22	9	21	12	73	0
0.22	1	7	23	1	21	12	73	0
0.222	1	7	23	3	21	12	73	0
0.224	1	7	23	5	21	12	73	0
0.225	1	7	23	6	21	12	73	0
0.227	1	7	23	8	21	12	73	0
0.229	1	7	23	10	21	12	73	0
0.231	1	7	24	2	21	12	73	0
0.233	1	7	24	4	21	12	73	0
0.235	1	7	24	6	21	12	73	0
0.237	1	7	24	8	21	12	73	0
0.239	1	7	24	10	21	12	73	0
0.24	1	7	25	1	21	12	73	0
0.242	1	7	25	3	21	12	73	0
0.244	1	7	25	5	21	12	73	0
0.246	1	7	25	7	21	12	73	0
0.248	1	7	25	9	21	12	73	0
0.25	1	7	26	1	21	12	73	0
0.252	1	7	26	3	21	12	73	0
0.254	1	7	26	5	21	12	73	0
0.255	1	7	26	6	21	12	73	0
0.257	1	7	26	8	21	12	73	0
0.259	1	7	26	10	21	12	73	0
0.261	1	7	27	2	21	12	73	0
0.263	1	7	27	4	21	12	73	0
0.265	1	7	27	6	21	12	73	0
0.267	1	7	27	8	21	12	73	0
0.269	1	7	27	10	21	12	73	0
0.27	1	7	28	1	21	12	73	0
0.272	1	7	28	3	21	12	73	0
0.274	1	7	28	5	21	12	73	0
0.276	1	7	28	7	21	12	73	0
0.278	1	7	28	9	21	12	73	0
0.28	1	7	29	1	21	12	73	0
0.282	1	7	29	3	21	12	73	0
0.284	1	7	29	5	21	12	73	0
0.285	1	7	29	6	21	12	73	0
0.287	1	7	29	8	21	12	73	0
0.289	1	7	29	10	21	12	73	0
0.291	1	7	30	2	21	12	73	0
0.293	1	7	30	4	21	12	73	0
0.295	1	7	30	6	21	12	73	0
0.297	1	7	30	8	21	12	73	0
0.299	1	7	30	10	21	12	73	0
0.3	1	7	31	1	21	12	73	0
0.302	1	7	31	3	21	12	73	0
0.304	1	7	31	5	21	12	73	0
0.306	1	7	31	7	21	12	73	0
0.308	1	7	31	9	21	12	73	0
0.31	1	7	32	1	21	12	73	0
0.312	1	7	32	3	21	12	73	0
0.314	1	7	32	5	21	12	73	0
0.315	1	7	32	6	21	12	73	0
0.317	1	7	32	8	21	12	73	0
0.319	1	7	32	10	21	12	73	0
0.321	1	7	33	2	21	12	73	0
0.323	1	7	33	4	21	12	73	0
0.325	1	7	33	6	21	12	73	0
0.327	1	7	33	8	21	12	73	0
0.329	1	7	33	10	21	12	73	0
0.33	1	7	34	1	21	12	73	0
0.332	1	7	34	3	21	12	73	0
0.334	1	7	34	5	21	12	73	0
0.336	1	7	34	7	21	12	73	0
0.338	1	7	34	9	21	12	73	0
0.34	1	7	35	1	21	12	73	0
0.342	1	7	35	3	21	12	73	0
0.344	1	7	35	5	21	12	73	0
0.345	1	7	35	6	21	12	73	0
0.347	1	7	35	8	21	12	73	0
0.349	1	7	35	10	21	12	73	0
0.351	1	7	36	2	21	12	73	0
0.353	1	7	36	4	21	12	73	0
0.355	1	7	36	6	21	12	73	0
0.357	1	7	36	8	21	12	73	0
0.359	1	7	36	10	21	12	73	0
0.36	1	7	37	1	21	12	73	0
0.362	1	7	37	3	21	12	73	0
0.364	1	7	37	5	21	12	73	0
0.366	1	7	37	7	21	12	73	0
0.368	1	7	37	9	21	12	73	0
0.37	1	7	38	1	21	12	73	0
0.372	1	7	38	3	21	12	73	0
0.374	1	7	38	5	21	12	73	0
0.375	1	7	38	6	21	12	73	0
0.377	1	7	38	8	21	12	73	0
0.379	1	7	38	10	21	12	73	0
0.381	1	7	39	2	21	12	73	0
0.383	1	7	39	4	21	12	73	0
0.385	1	7	39	6	21	12	73	0
0.387	1	7	39	8	21	12	73	0
0.389	1	7	39	10	21	12	73	0
0.39	1	7	40	1	21	12	73	0
0.392	1	7	40	3	21	12	73	0
0.394	1	7	40	5	21	12	73	0
0.396	1	7	40	7	21	12	73	0
0.398	1	7	40	9	21	12	73	0
0.4	1	7	41	1	21	12	73	0
0.402	1	7	41	3	21	12	73	0
0.404	1	7	41	5	21	12	73	0
0.405	1	7	41	6	21	12	73	0
0.407	1	7	41	8	21	12	73	0
0.409	1	7	41	10	21	12	73	0
0.411	1	7	42	2	21	12	73	0
0.413	1	7	42	4	21	12	73	0
0.415	1	7	42	6	21	12	73	0
0.417	1	7	42	8	21	12	73	0
0.419	1	7	42	10	21	12	73	0
0.42	1	7	43	1	21	12	73	0
0.422	1	7	43	3	21	12	73	0
0.424	1	7	43	5	21	12	73	0
0.426	1	7	43	7	21	12	73	0
0.428	1	7	43	9	21	12	73	0
0.43	1	7	44	1	21	12	73	0
0.432	1	7	44	3	21	12	73	0
0.434	1	7	44	5	21	12	73	0
0.435	1	7	44	6	21	12	73	0
0.437	1	7	44	8	21	12	73	0
0.439	1	7	44	10	21	12	73	0
0.441	1	7	45	2	21	12	73	0
0.443	1	7	45	4	21	12	73	0
0.445	1	7	45	6	21	12	73	0
0.447	1	7	45	8	21	12	73	0
0.449	1	7	45	10	21	12	73	0
0.45	1	7	46	1	21	12	73	0
0.452	1	7	46	3	21	12	73	0
0.454	1	7	46	5	21	12	73	0
0.456	1	7	46	7	21	12	73	0
0.458	1	7	46	9	21	12	73	0
0.46	1	7	47	1	21	12	73	0
0.462	1	7	47	3	21	12	73	0
0.464	1	7	47	5	21	12	73	0
0.465	1	7	47	6	21	12	73	0
0.467	1	7	47	8	21	12	73	0
0.469	1	7	47	10	21	12	73	0
0.471	1	7	48	2	21	12	73	0
0.473	1	7	48	4	21	12	73	0
0.475	1	7	48	6	21	12	73	0
0.477	1	7	48	8	21	12	73	0
0.479	1	7	48	10	21	12	73	0
0.48	1	7	49	1	21	12	73	0
0.482	1	7	49	3	21	12	73	0
0.484	1	7	49	5	21	12	73	0
0.486	1	7	49	7	21	12	73	0
0.488	1	7	49	9	21	12	73	0
0.49	1	7	50	1	21	12	73	0
0.492	1	7	50	3	21	12	73	0
0.494	1	7	50	5	21	12	73	0
0.495	1	7	50	6	21	12	73	0
0.497	1	7	50	8	21	12	73	0
0.499	1	7	50	10	21	12	73	0
0.501	1	7	51	2	21	12	73	0
0.503	1	7	51	4	21	12	73	0
0.505	1	7	51	6	21	12	73	0
0.507	1	7	51	8	21	12	73	0
0.509	1	7	51	10	21	12	73	0
0.51	1	7	52	1	21	12	73	0
0.512	1	7	52	3	21	12	73	0
0.514	1	7	52	5	21	12	73	0
0.516	1	7	52	7	21	12	73	0
0.518	1	7	52	9	21	12	73	0
0.52	1	7	53	1	21	12	73	0
0.522	1	7	53	3	21	12	73	0
0.524	1	7	53	5	21	12	73	0
0.525	1	7	53	6	21	12	73	0
0.527	1	7	53	8	21	12	73	0
0.529	1	7	53	10	21	12	73	0
0.531	1	7	54	2	21	12	73	0
0.533	1	7	54	4	21	12	73	0
0.535	1	7	54	6	21	12	73	0
0.537	1	7	54	8	21	12	73	0
0.539	1	7	54	10	21	12	73	0
0.54	1	7	55	1	21	12	73	0
0.542	1	7	55	3	21	12	73	0
0.544	1	7	55	5	21	12	73	0
0.546	1	7	55	7	21	12	73	0
0.548	1	7	55	9	21	12	73	0
0.55	1	7	56	1	21	12	73	0
0.552	1	7	56	3	21	12	73	0
0.554	1	7	56	5	21	12	73	0
0.555	1	7	56	6	21	12	73	0
0.557	1	7	56	8	21	12	73	0
0.559	1	7	56	10	21	12	73	0
0.561	1	7	57	2	21	12	73	0
0.563	1	7	57	4	21	12	73	0
0.565	1	7	57	6	21	12	73	0
0.567	1	7	57	8	21	12	73	0
0.569	1	7	57	10	21	12	73	0
0.57	1	7	58	1	21	12	73	0
0.572	1	7	58	3	21	12	73	0
0.574	1	7	58	5	21	12	73	0
0.576	1	7	58	7	21	12	73	0
0.578	1	7	58	9	21	12	73	0
0.58	1	7	59	1	21	12	73	0
0.582	1	7	59	3	21	12	73	0
0.584	1	7	59	5	21	12	73	0
0.585	1	7	59	6	21	12	73	0
0.587	1	7	59	8	21	12	73	0
0.589	1	7	59	10	21	12	73	0
0.591	1	7	60	2	21	12	73	0
0.593	1	7	60	4	21	12	73	0
0.595	1	7	60	6	21	12	73	0
0.597	1	7	60	8	21	12	73	0
0.599	1	7	60	10	21	12	73	0
0.6	1	7	61	1	21	12	73	0
0.602	1	7	61	3	21	12	73	0
0.604	1	7	61	5	21	12	73	0
0.606	1	7	61	7	21	12	73	0
0.608	1	7	61	9	21	12	73	0
0.61	1	7	62	1	21	12	73	0
0.612	1	7	62	3	21	12	73	0
0.614	1	7	62	5	21	12	73	0
0.615	1	7	62	6	21	12	73	0
0.617	1	7	62	8	21	12	73	0
0.619	1	7	62	10	21	12	73	0
0.621	1	7	63	2	21	12	73	0
0.623	1	7	63	4	21	12	73	0
0.625	1	7	63	6	21	12	73	0
0.627	1	7	63	8	21	12	73	0
0.629	1	7	63	10	21	12	73	0
0.63	1	7	64	1	21	12	73	0
0.632	1	7	64	3	21	12	73	0
0.634	1	7	64	5	21	12	73	0
0.636	1	7	64	7	21	12	73	0
0.638	1	7	64	9	21	12	73	0
0.64	1	7	65	1	21	12	73	0
0.642	1	7	65	3	21	12	73	0
0.644	1	7	65	5	21	12	73	0
0.645	1	7	65	6	21	12	73	0
0.647	1	7	65	8	21	12	73	0
0.649	1	7	65	10	21	12	73	0
0.651	1	7	66	2	21	12	73	0
0.653	1	7	66	4	21	12	73	0
0.655	1	7	66	6	21	12	73	0
0.657	1	7	66	8	21	12	73	0
0.659	1	7	66	10	21	12	73	0
0.66	1	7	67	1	21	12	73	0
0.662	1	7	67	3	21	12	73	0
0.664	1	7	67	5	21	12	73	0
0.666	1	7	67	7	21	12	73	0
0.668	1	7	67	9	21	12	73	0
0.67	1	7	68	1	21	12	73	0
0.672	1	7	68	3	21	12	73	0
0.674	1	7	68	5	21	12	73	0
0.675	1	7	68	6	21	12	73	0
0.677	1	7	68	8	21	12	73	0
0.679	1	7	68	10	21	12	73	0
0.681	1	7	69	2	21	12	73	0
0.683	1	7	69	4	21	12	73	0
0.685	1	7	69	6	21	12	73	0
0.687	1	7	69	8	21	12	73	0
0.689	1	7	69	10	21	12	73	0
0.69	1	7	70	1	21	12	73	0
0.692	1	7	70	3	21	12	73	0
0.694	1	7	70	5	21	12	73	0
0.696	1	7	70	7	21	12	73	0
0.698	1	7	70	9	21	12	73	0
0.7	1	7	71	1	21	12	73	0
0.702	1	7	71	3	21	12	73	0
0.704	1	7	71	5	21	12	73	0
0.705	1	7	71	6	21	12	73	0
0.707	1	7	71	8	21	12	73	0
0.709	1	7	71	10	21	12	73	0
0.711	1	7	72	2	21	12	73	0
0.713	1	7	72	4	21	12	73	0
0.715	1	7	72	6	21	12	73	0
0.717	1	7	72	8	21	12	73	0
0.719	1	7	72	10	21	12	73	0
0.72	1	7	73	1	21	12	73	0
0.722	1	7	73	3	21	12	73	0
0.724	1	7	73	5	21	12	73	0
0.726	1	7	73	7	21	12	73	0
0.728	1	7	73	9	21	12	73	0
0.73	1	7	74	1	21	12	73	0
0.732	1	7	74	3	21	12	73	0
0.734	1	7	74	5	21	12	73	0
0.735	1	7	74	6	21	12	73	0
0.737	1	7	74	8	21	12	73	0
0.739	1	7	74	10	21	12	73	0
0.741	1	7	75	2	21	12	73	0
0.743	1	7	75	4	21	12	73	0
0.745	1	7	75	6	21	12	73	0
0.747	1	7	75	8	21	12	73	0
0.749	1	7	75	10	21	12	73	0
0.75	1	7	76	1	21	12	73	0
0.752	1	7	76	3	21	12	73	0
0.754	1	7	76	5	21	12	73	0
0.756	1	7	76	7	21	12	73	0
0.758	1	7	76	9	21	12	73	0
0.76	1	7	77	1	21	12	73	0
0.762	1	7	77	3	21	12	73	0
0.764	1	7	77	5	21	12	73	0
0.765	1	7	77	6	21	12	73	0
0.767	1	7	77	8	21	12	73	0
0.769	1	7	77	10	21	12	73	0
0.771	1	7	78	2	21	12	73	0
0.773	1	7	78	4	21	12	73	0
0.775	1	7	78	6	21	12	73	0
0.777	1	7	78	8	21	12	73	0
0.779	1	7	78	10	21	12	73	0
0.78	1	7	79	1	21	12	73	0
0.782	1	7	79	3	21	12	73	0
0.784	1	7	79	5	21	12	73	0
0.786	1	7	79	7	21	12	73	0
0.788	1	7	79	9	21	12	73	0
0.79	1	7	80	1	21	12	73	0
0.792	1	7	80	3	21	12	73	0
0.794	1	7	80	5	21	12	73	0
0.795	1	7	80	6	21	12	73	0
0.797	1	7	80	8	21	12	73	0
0.799	1	7	80	10	21	12	73	0
0.801	1	7	81	2	21	12	73	0
0.803	1	7	81	4	21	12	73	0
0.805	1	7	81	6	21	12	73	0
0.807	1	7	81	8	21	12	73	0
0.809	1	7	81	10	21	12	73	0
0.81	1	7	82	1	21	12	73	0
0.812	1	7	82	3	21	12	73	0
0.814	1	7	82	5	21	12	73	0
0.816	1	7	82	7	21	12	73	0
0.818	1	7	82	9	21	12	73	0
0.82	1	7	83	1	21	12	73	0
0.822	1	7	83	3	21	12	73	0
0.824	1	7	83	5	21	12	73	0
0.825	1	7	83	6	21	12	73	0
0.827	1	7	83	8	21	12	73	0
0.829	1	7	83	10	21	12	73	0
0.831	1	7	84	2	21	12	73	0
0.833	1	7	84	4	21	12	73	0
0.835	1	7	84	6	21	12	73	0
0.837	1	7	84	8	21	12	73	0
0.839	1	7	84	10	21	12	73	0
0.84	1	7	85	1	21	12	73	0
0.842	1	7	85	3	21	12	73	0
0.844	1	7	85	5	21	12	73	0
0.846	1	7	85	7	21	12	73	0
0.848	1	7	85	9	21	12	73	0
0.85	1	7	86	1	21	12	73	0
0.852	1	7	86	3	21	12	73	0
0.854	1	7	86	5	21	12	73	0
0.855	1	7	86	6	21	12	73	0
0.857	1	7	86	8	21	12	73	0
0.859	1	7	86	10	21	12	73	0
0.861	1	7	87	2	21	12	73	0
0.863	1	7	87	4	21	12	73	0
0.865	1	7	87	6	21	12	73	0
0.867	1	7	87	8	21	12	73	0
0.869	1	7	87	10	21	12	73	0
0.87	1	7	88	1	21	12	73	0
0.872	1	7	88	3	21	12	73	0
0.874	1	7	88	5	21	12	73	0
0.876	1	7	88	7	21	12	73	0
0.878	1	7	88	9	21	12	73	0
0.88	1	7	89	1	21	12	73	0
0.882	1	7	89	3	21	12	73	0
0.884	1	7	89	5	21	12	73	0
0.885	1	7	89	6	21	12	73	0
0.887	1	7	89	8	21	12	73	0
0.889	1	7	89	10	21	12	73	0
0.891	1	7	90	2	21	12	73	0
0.893	1	7	90	4	21	12	73	0
0.895	1	7	90	6	21	12	73	0
0.897	1	7	90	8	21	12	73	0
0.899	1	7	90	10	21	12	73	0
0.9	1	7	91	1	21	12	73	0
0.902	1	7	91	3	21	12	73	0
0.904	1	7	91	5	21	12	73	0
0.906	1	7	91	7	21	12	73	0
0.908	1	7	91	9	21	12	73	0
0.91	1	7	92	1	21	12	73	0
0.912	1	7	92	3	21	12	73	0
0.914	1	7	92	5	21	12	73	0
0.915	1	7	92	6	21	12	73	0
0.917	1	7	92	8	21	12	73	0
0.919	1	7	92	10	21	12	73	0
0.921	1	7	93	2	21	12	73	0
0.923	1	7	93	4	21	12	73	0
0.925	1	7	93	6	21	12	73	0
0.927	1	7	93	8	21	12	73	0
0.929	1	7	93	10	21	12	73	0
0.93	1	7	94	1	21	12	73	0
0.932	1	7	94	3	21	12	73	0
0.934	1	7	94	5	21	12	73	0
0.936	1	7	94	7	21	12	73	0
0.938	1	7	94	9	21	12	73	0
0.94	1	7	95	1	21	12	73	0
0.942	1	7	95	3	21	12	73	0
0.944	1	7	95	5	21	12	73	0
0.945	1	7	95	6	21	12	73	0
0.947	1	7	95	8	21	12	73	0
0.949	1	7	95	10	21	12	73	0
0.951	1	7	96	2	21	12	73	0
0.953	1	7	96	4	21	12	73	0
0.955	1	7	96	6	21	12	73	0
0.957	1	7	96	8	21	12	73	0
0.959	1	7	96	10	21	12	73	0
0.96	1	7	97	1	21	12	73	0
0.962	1	7	97	3	21	12	73	0
0.964	1	7	97	5	21	12	73	0
0.966	1	7	97	7	21	12	73	0
0.968	1	7	97	9	21	12	73	0
0.97	1	7	98	1	21	12	73	0
0.972	1	7	98	3	21	12	73	0
0.974	1	7	98	5	21	12	73	0
0.975	1	7	98	6	21	12	73	0
0.977	1	7	98	8	21	12	73	0
0.979	1	7	98	10	21	12	73	0
0.981	1	7	99	2	21	12	73	0
0.983	1	7	99	4	21	12	73	0
0.985	1	7	99	6	21	12	73	0
0.987	1	7	99	8	21	12	73	0
0.989	1	7	99	10	21	12	73	0
0.99	1	7	100	1	21	12	73	0
0.992	1	7	100	3	21	12	73	0
0.994	1	7	100	5	21	12	73	0
0.996	1	7	100	7	21	12	73	0
0.998	1	7	100	9	21	12	73	0
1	1	7	101	1	21	12	73	0
1.002	1	7	101	3	21	12	73	0
1.004	1	7	101	5	21	12	73	0
1.005	1	7	101	6	21	12	73	0
1.007	1	7	101	8	21	12	73	0
1.009	1	7	101	10	21	12	73	0
1.011	1	7	102	2	21	12	73	0
1.013	1	7	102	4	21	12	73	0
1.015	1	7	102	6	21	12	73	0
1.017	1	7	102	8	21	12	73	0
1.019	1	7	102	10	21	12	73	0
1.02	1	7	103	1	21	12	73	0
1.022	1	7	103	3	21	12	73	0
1.024	1	7	103	5	21	12	73	0
1.026	1	7	103	7	21	12	73	0
1.028	1	7	103	9	21	12	73	0
1.03	1	7	104	1	21	12	73	0
1.032	1	7	104	3	21	12	73	0
1.034	1	7	104	5	21	12	73	0
1.035	1	7	104	6	21	12	73	0
1.037	1	7	104	8	21	12	73	0
1.039	1	7	104	10	21	12	73	0
1.041	1	7	105	2	21	12	73	0
1.043	1	7	105	4	21	12	73	0
1.045	1	7	105	6	21	12	73	0
1.047	1	7	105	8	21	12	73	0
1.049	1	7	105	10	21	12	73	0
1.05	1	7	106	1	21	12	73	0
1.052	1	7	106	3	21	12	73	0
1.054	1	7	106	5	21	12	73	0
1.056	1	7	106	7	21	12	73	0
1.058	1	7	106	9	21	12	73	0
1.06	1	7	107	1	21	12	73	0
1.062	1	7	107	3	21	12	73	0
1.064	1	7	107	5	21	12	73	0
1.065	1	7	107	6	21	12	73	0
1.067	1	7	107	8	21	12	73	0
1.069	1	7	107	10	21	12	73	0
1.071	1	7	108	2	21	12	73	0
1.073	1	7	108	4	21	12	73	0
1.075	1	7	108	6	21	12	73	0
1.077	1	7	108	8	21	12	73	0
1.079	1	7	108	10	21	12	73	0
1.08	1	7	109	1	21	12	73	0
1.082	1	7	109	3	21	12	73	0
1.084	1	7	109	5	21	12	73	0
1.086	1	7	109	7	21	12	73	0
1.088	1	7	109	9	21	12	73	0
1.09	1	7	110	1	21	12	73	0
1.092	1	7	110	3	21	12	73	0
1.094	1	7	110	5	21	12	73	0
1.095	1	7	110	6	21	12	73	0
1.097	1	7	110	8	21	12	73	0
1.099	1	7	110	10	21	12	73	0
1.101	1	7	111	2	21	12	73	0
1.103	1	7	111	4	21	12	73	0
1.105	1	7	111	6	21	12	73	0
1.107	1	7	111	8	21	12	73	0
1.109	1	7	111	10	21	12	73	0
1.11	1	7	112	1	21	12	73	0
1.112	1	7	112	3	21	12	73	0
1.114	1	7	112	5	21	12	73	0
1.116	1	7	112	7	21	12	73	0
1.118	1	7	112	9	21	12	73	0
1.12	1	7	113	1	21	12	73	0
1.122	1	7	113	3	21	12	73	0
1.124	1	7	113	5	21	12	73	0
1.125	1	7	113	6	21	12	73	0
1.127	1	7	113	8	21	12	73	0
1.129	1	7	113	10	21	12	73	0
1.131	1	7	114	2	21	12	73	0
1.133	1	7	114	4	21	12	73	0
1.135	1	7	114	6	21	12	73	0
1.137	1	7	114	8	21	12	73	0
1.139	1	7	114	10	21	12	73	0
1.14	1	7	115	1	21	12	73	0
1.142	1	7	115	3	21	12	73	0
1.144	1	7	115	5	21	12	73	0
1.146	1	7	115	7	21	12	73	0
1.148	1	7	115	9	21	12	73	0
1.15	1	7	116	1	21	12	73	0
1.152	1	7	116	3	21	12	73	0
1.154	1	7	116	5	21	12	73	0
1.155	1	7	116	6	21	12	73	0
1.157	1	7	116	8	21	12	73	0
1.159	1	7	116	10	21	12	73	0
1.161	1	7	117	2	21	12	73	0
1.163	1	7	117	4	21	12	73	0
1.165	1	7	117	6	21	12	73	0
1.167	1	7	117	8	21	12	73	0
1.169	1	7	117	10	21	12	73	0
1.17	1	7	118	1	21	12	73	0
1.172	1	7	118	3	21	12	73	0
1.174	1	7	118	5	21	12	73	0
1.176	1	7	118	7	21	12	73	0
1.178	1	7	118	9	21	12	73	0
1.18	1	7	119	1	21	12	73	0
1.182	1	7	119	3	21	12	73	0
1.184	1	7	119	5	21	12	73	0
1.185	1	7	119	6	21	12	73	0
1.187	1	7	119	8	21	12	73	0
1.189	1	7	119	10	21	12	73	0
1.191	1	7	120	2	21	12	73	0
1.193	1	7	120	4	21	12	73	0
1.195	1	7	120	6	21	12	73	0
1.197	1	7	120	8	21	12	73	0
1.199	1	7	120	10	21	12	73	0
1.2	1	7	121	1	21	12	73	0
1.202	1	7	121	3	21	12	73	0
1.204	1	7	121	5	21	12	73	0
1.206	1	7	121	7	21	12	73	0
1.208	1	7	121	9	21	12	73	0
1.21	1	7	122	1	21	12	73	0
1.212	1	7	122	3	21	12	73	0
1.214	1	7	122	5	21	12	73	0
1.215	1	7	122	6	21	12	73	0
1.217	1	7	122	8	21	12	73	0
1.219	1	7	122	10	21	12	73	0
1.221	1	7	123	2	21	12	73	0
1.223	1	7	123	4	21	12	73	0
1.225	1	7	123	6	21	12	73	0
1.227	1	7	123	8	21	12	73	0
1.229	1	7	123	10	21	12	73	0
1.23	1	7	124	1	21	12	73	0
1.232	1	7	124	3	21	12	73	0
1.234	1	7	124	5	21	12	73	0
1.236	1	7	124	7	21	12	73	0
1.238	1	7	124	9	21	12	73	0
1.24	1	7	125	1	21	12	73	0
1.242	1	7	125	3	21	12	73	0
1.244	1	7	125	5	21	12	73	0
1.245	1	7	125	6	21	12	73	0
1.247	1	7	125	8	21	12	73	0
1.249	1	7	125	10	21	12	73	0
1.251	1	7	126	2	21	12	73	0
1.253	1	7	126	4	21	12	73	0
1.255	1	7	126	6	21	12	73	0
1.257	1	7	126	8	21	12	73	0
1.259	1	7	126	10	21	12	73	0
1.26	1	7	127	1	21	12	73	0
1.262	1	7	127	3	21	12	73	0
1.264	1	7	127	5	21	12	73	0
1.266	1	7	127	7	21	12	73	0
1.268	1	7	127	9	21	12	73	0
1.27	1	7	128	1	21	12	73	0
1.272	1	7	128	3	21	12	73	0
1.274	1	7	128	5	21	12	73	0
1.275	1	7	128	6	21	12	73	0
1.277	1	7	128	8	21	12	73	0
1.279	1	7	128	10	21	12	73	0
1.281	1	7	129	2	21	12	73	0
1.283	1	7	129	4	21	12	73	0
1.285	1	7	129	6	21	12	73	0
1.287	1	7	129	8	21	12	73	0
1.289	1	7	129	10	21	12	73	0
1.29	1	7	130	1	21	12	73	0
1.292	1	7	130	3	21	12	73	0
1.294	1	7	130	5	21	12	73	0
1.296	1	7	130	7	21	12	73	0
1.298	1	7	130	9	21	12	73	0
1.3	1	7	131	1	21	12	73	0
1.302	1	7	131	3	21	12	73	0
1.304	1	7	131	5	21	12	73	0
1.305	1	7	131	6	21	12	73	0
1.307	1	7	131	8	21	12	73	0
1.309	1	7	131	10	21	12	73	0
1.311	1	7	132	2	21	12	73	0
1.313	1	7	132	4	21	12	73	0
1.315	1	7	132	6	21	12	73	0
1.317	1	7	132	8	21	12	73	0
1.319	1	7	132	10	21	12	73	0
1.32	1	7	133	1	21	12	73	0
1.322	1	7	133	3	21	12	73	0
1.324	1	7	133	5	21	12	73	0
1.326	1	7	133	7	21	12	73	0
1.328	1	7	133	9	21	12	73	0
1.33	1	7	134	1	21	12	73	0
1.332	1	7	134	3	21	12	73	0
1.334	1	7	134	5	21	12	73	0
1.335	1	7	134	6	21	12	73	0
1.337	1	7	134	8	21	12	73	0
1.339	1	7	134	10	21	12	73	0
1.341	1	7	135	2	21	12	73	0
1.343	1	7	135	4	21	12	73	0
1.345	1	7	135	6	21	12	73	0
1.347	1	7	135	8	21	12	73	0
1.349	1	7	135	10	21	12	73	0
1.35	1	7	136	1	21	12	73	0
1.352	1	7	136	3	21	12	73	0
1.354	1	7	136	5	21	12	73	0
1.356	1	7	136	7	21	12	73	0
1.358	1	7	136	9	21	12	73	0
1.36	1	7	137	1	21	12	73	0
1.362	1	7	137	3	21	12	73	0
1.364	1	7	137	5	21	12	73	0
1.365	1	7	137	6	21	12	73	0
1.367	1	7	137	8	21	12	73	0
1.369	1	7	137	10	21	12	73	0
1.371	1	7	138	2	21	12	73	0
1.373	1	7	138	4	21	12	73	0
1.375	1	7	138	6	21	12	73	0
1.377	1	7	138	8	21	12	73	0
1.379	1	7	138	10	21	12	73	0
1.38	1	7	139	1	21	12	73	0
1.382	1	7	139	3	21	12	73	0
1.384	1	7	139	5	21	12	73	0
1.386	1	7	139	7	21	12	73	0
1.388	1	7	139	9	21	12	73	0
1.39	1	7	140	1	21	12	73	0
1.392	1	7	140	3	21	12	73	0
1.394	1	7	140	5	21	12	73	0
1.395	1	7	140	6	21	12	73	0
1.397	1	7	140	8	21	12	73	0
1.399	1	7	140	10	21	12	73	0
1.401	1	7	141	2	21	12	73	0
1.403	1	7	141	4	21	12	73	0
1.405	1	7	141	6	21	12	73	0
1.407	1	7	141	8	21	12	73	0
1.409	1	7	141	10	21	12	73	0
1.41	1	7	142	1	21	12	73	0
1.412	1	7	142	3	21	12	73	0
1.414	1	7	142	5	21	12	73	0
1.416	1	7	142	7	21	12	73	0
1.418	1	7	142	9	21	12	73	0
1.42	1	7	143	1	21	12	73	0
1.422	1	7	143	3	21	12	73	0
1.424	1	7	143	5	21	12	73	0
1.425	1	7	143	6	21	12	73	0
1.427	1	7	143	8	21	12	73	0
1.429	1	7	143	10	21	12	73	0
1.431	1	7	144	2	21	12	73	0
1.433	1	7	144	4	21	12	73	0
1.435	1	7	144	6	21	12	73	0
1.437	1	7	144	8	21	12	73	0
1.439	1	7	144	10	21	12	73	0
1.44	1	7	145	1	21	12	73	0
1.442	1	7	145	3	21	12	73	0
1.444	1	7	145	5	21	12	73	0
1.446	1	7	145	7	21	12	73	0
1.448	1	7	145	9	21	12	73	0
1.45	1	7	146	1	21	12	73	0
1.452	1	7	146	3	21	12	73	0
1.454	1	7	146	5	21	12	73	0
1.455	1	7	146	6	21	12	73	0
1.457	1	7	146	8	21	12	73	0
1.459	1	7	146	10	21	12	73	0
1.461	1	7	147	2	21	12	73	0
1.463	1	7	147	4	21	12	73	0
1.465	1	7	147	6	21	12	73	0
1.467	1	7	147	8	21	12	73	0
1.469	1	7	147	10	21	12	73	0
1.47	1	7	148	1	21	12	73	0
1.472	1	7	148	3	21	12	73	0
1.474	1	7	148	5	21	12	73	0
1.476	1	7	148	7	21	12	73	0
1.478	1	7	148	9	21	12	73	0
1.48	1	7	149	1	21	12	73	0
1.482	1	7	149	3	21	12	73	0
1.484	1	7	149	5	21	12	73	0
1.485	1	7	149	6	21	12	73	0
1.487	1	7	149	8	21	12	73	0
1.489	1	7	149	10	21	12	73	0
1.491	1	7	150	2	21	12	73	0
1.493	1	7	150	4	21	12	73	0
1.495	1	7	150	6	21	12	73	0
1.497	1	7	150	8	21	12	73	0
1.499	1	7	150	10	21	12	73	0
1.5	1	7	151	1	21	12	73	0
1.502	1	7	151	3	21	12	73	0
1.504	1	7	151	5	21	12	73	0
1.506	1	7	151	7	21	12	73	0
1.508	1	7	151	9	21	12	73	0
1.51	1	7	152	1	21	12	73	0
1.512	1	7	152	3	21	12	73	0
1.514	1	7	152	5	21	12	73	0
1.515	1	7	152	6	21	12	73	0
1.517	1	7	152	8	21	12	73	0
1.519	1	7	152	10	21	12	73	0
1.521	1	7	153	2	21	12	73	0
1.523	1	7	153	4	21	12	73	0
1.525	1	7	153	6	21	12	73	0
1.527	1	7	153	8	21	12	73	0
1.529	1	7	153	10	21	12	73	0
1.53	1	7	154	1	21	12	73	0
1.532	1	7	154	3	21	12	73	0
1.534	1	7	154	5	21	12	73	0
1.536	1	7	154	7	21	12	73	0
1.538	1	7	154	9	21	12	73	0
1.54	1	7	155	1	21	12	73	0
1.542	1	7	155	3	21	12	73	0
1.544	1	7	155	5	21	12	73	0
1.545	1	7	155	6	21	12	73	0
1.547	1	7	155	8	21	12	73	0
1.549	1	7	155	10	21	12	73	0
1.551	1	7	156	2	21	12	73	0
1.553	1	7	156	4	21	12	73	0
1.555	1	7	156	6	21	12	73	0
1.557	1	7	156	8	21	12	73	0
1.559	1	7	156	10	21	12	73	0
1.56	1	7	157	1	21	12	73	0
1.562	1	7	157	3	21	12	73	0
1.564	1	7	157	5	21	12	73	0
1.566	1	7	157	7	21	12	73	0
1.568	1	7	157	9	21	12	73	0
1.57	1	7	158	1	21	12	73	0
1.572	1	7	158	3	21	12	73	0
1.574	1	7	158	5	21	12	73	0
1.575	1	7	158	6	21	12	73	0
1.577	1	7	158	8	21	12	73	0
1.579	1	7	158	10	21	12	73	0
1.581	1	7	159	2	21	12	73	0
1.583	1	7	159	4	21	12	73	0
1.585	1	7	159	6	21	12	73	0
1.587	1	7	159	8	21	12	73	0
1.589	1	7	159	10	21	12	73	0
1.59	1	7	160	1	21	12	73	0
1.592	1	7	160	3	21	12	73	0
1.594	1	7	160	5	21	12	73	0
1.596	1	7	160	7	21	12	73	0
1.598	1	7	160	9	21	12	73	0
1.6	1	7	161	1	21	12	73	0
1.602	1	7	161	3	21	12	73	0
1.604	1	7	161	5	21	12	73	0
1.605	1	7	161	6	21	12	73	0
1.607	1	7	161	8	21	12	73	0
1.609	1	7	161	10	21	12	73	0
1.611	1	7	162	2	21	12	73	0
1.613	1	7	162	4	21	12	73	0
1.615	1	7	162	6	21	12	73	0
1.617	1	7	162	8	21	12	73	0
1.619	1	7	162	10	21	12	73	0
1.62	1	7	163	1	21	12	73	0
1.622	1	7	163	3	21	12	73	0
1.624	1	7	163	5	21	12	73	0
1.626	1	7	163	7	21	12	73	0
1.628	1	7	163	9	21	12	73	0
1.63	1	7	164	1	21	12	73	0
1.632	1	7	164	3	21	12	73	0
1.634	1	7	164	5	21	12	73	0
1.635	1	7	164	6	21	12	73	0
1.637	1	7	164	8	21	12	73	0
1.639	1	7	164	10	21	12	73	0
1.641	1	7	165	2	21	12	73	0
1.643	1	7	165	4	21	12	73	0
1.645	1	7	165	6	21	12	73	0
1.647	1	7	165	8	21	12	73	0
1.649	1	7	165	10	21	12	73	0
1.65	1	7	166	1	21	12	73	0
1.652	1	7	166	3	21	12	73	0
1.654	1	7	166	5	21	12	73	0
1.656	1	7	166	7	21	12	73	0
1.658	1	7	166	9	21	12	73	0
1.66	1	7	167	1	21	12	73	0
1.662	1	7	167	3	21	12	73	0
1.664	1	7	167	5	21	12	73	0
1.665	1	7	167	6	21	12	73	0
1.667	1	7	167	8	21	12	73	0
1.669	1	7	167	10	21	12	73	0
1.671	1	7	168	2	21	12	73	0
1.673	1	7	168	4	21	12	73	0
1.675	1	7	168	6	21	12	73	0
1.677	1	7	168	8	21	12	73	0
1.679	1	7	168	10	21	12	73	0
1.68	1	7	169	1	21	12	73	0
1.682	1	7	169	3	21	12	73	0
1.684	1	7	169	5	21	12	73	0
1.686	1	7	169	7	21	12	73	0
1.688	1	7	169	9	21	12	73	0
1.69	1	7	170	1	21	12	73	0
1.692	1	7	170	3	21	12	73	0
1.694	1	7	170	5	21	12	73	0
1.695	1	7	170	6	21	12	73	0
1.697	1	7	170	8	21	12	73	0
1.699	1	7	170	10	21	12	73	0
1.701	1	7	171	2	21	12	73	0
1.703	1	7	171	4	21	12	73	0
1.705	1	7	171	6	21	12	73	0
1.707	1	7	171	8	21	12	73	0
1.709	1	7	171	10	21	12	73	0
1.71	1	7	172	1	21	12	73	0
1.712	1	7	172	3	21	12	73	0
1.714	1	7	172	5	21	12	73	0
1.716	1	7	172	7	21	12	73	0
1.718	1	7	172	9	21	12	73	0
1.72	1	7	173	1	21	12	73	0
1.722	1	7	173	3	21	12	73	0
1.724	1	7	173	5	21	12	73	0
1.725	1	7	173	6	21	12	73	0
1.727	1	7	173	8	21	12	73	0
1.729	1	7	173	10	21	12	73	0
1.731	1	7	174	2	21	12	73	0
1.733	1	7	174	4	21	12	73	0
1.735	1	7	174	6	21	12	73	0
1.737	1	7	174	8	21	12	73	0
1.739	1	7	174	10	21	12	73	0
1.74	1	7	175	1	21	12	73	0
1.742	1	7	175	3	21	12	73	0
1.744	1	7	175	5	21	12	73	0
1.746	1	7	175	7	21	12	73	0
1.748	1	7	175	9	21	12	73	0
1.75	1	7	176	1	21	12	73	0
1.752	1	7	176	3	21	12	73	0
1.754	1	7	176	5	21	12	73	0
1.755	1	7	176	6	21	12	73	0
1.757	1	7	176	8	21	12	73	0
1.759	1	7	176	10	21	12	73	0
1.761	1	7	177	2	21	12	73	0
1.763	1	7	177	4	21	12	73	0
1.765	1	7	177	6	21	12	73	0
1.767	1	7	177	8	21	12	73	0
1.769	1	7	177	10	21	12	73	0
1.77	1	7	178	1	21	12	73	0
1.772	1	7	178	3	21	12	73	0
1.774	1	7	178	5	21	12	73	0
1.776	1	7	178	7	21	12	73	0
1.778	1	7	178	9	21	12	73	0
1.78	1	7	179	1	21	12	73	0
1.782	1	7	179	3	21	12	73	0
1.784	1	7	179	5	21	12	73	0
1.785	1	7	179	6	21	12	73	0
1.787	1	7	179	8	21	12	73	0
1.789	1	7	179	10	21	12	73	0
1.791	1	7	180	2	21	12	73	0
1.793	1	7	180	4	21	12	73	0
1.795	1	7	180	6	21	12	73	0
1.797	1	7	180	8	21	12	73	0
1.799	1	7	180	10	21	12	73	0
1.8	1	7	181	1	21	12	73	0
1.802	1	7	181	3	21	12	73	0
1.804	1	7	181	5	21	12	73	0
1.806	1	7	181	7	21	12	73	0
1.808	1	7	181	9	21	12	73	0
1.81	1	7	182	1	21	12	73	0
1.812	1	7	182	3	21	12	73	0
1.814	1	7	182	5	21	12	73	0
1.815	1	7	182	6	21	12	73	0
1.817	1	7	182	8	21	12	73	0
1.819	1	7	182	10	21	12	73	0
1.821	1	7	183	2	21	12	73	0
1.823	1	7	183	4	21	12	73	0
1.825	1	7	183	6	21	12	73	0
1.827	1	7	183	8	21	12	73	0
1.829	1	7	183	10	21	12	73	0
1.83	1	7	184	1	21	12	73	0
1.832	1	7	184	3	21	12	73	0
1.834	1	7	184	5	21	12	73	0
1.836	1	7	184	7	21	12	73	0
1.838	1	7	184	9	21	12	73	0
1.84	1	7	185	1	21	12	73	0
1.842	1	7	185	3	21	12	73	0
1.844	1	7	185	5	21	12	73	0
1.845	1	7	185	6	21	12	73	0
1.847	1	7	185	8	21	12	73	0
1.849	1	7	185	10	21	12	73	0
1.851	1	7	186	2	21	12	73	0
1.853	1	7	186	4	21	12	73	0
1.855	1	7	186	6	21	12	73	0
1.857	1	7	186	8	21	12	73	0
1.859	1	7	186	10	21	12	73	0
1.86	1	7	187	1	21	12	73	0
1.862	1	7	187	3	21	12	73	0
1.864	1	7	187	5	21	12	73	0
1.866	1	7	187	7	21	12	73	0
1.868	1	7	187	9	21	12	73	0
1.87	1	7	188	1	21	12	73	0
1.872	1	7	188	3	21	12	73	0
1.874	1	7	188	5	21	12	73	0
1.875	1	7	188	6	21	12	73	0
1.877	1	7	188	8	21	12	73	0
1.879	1	7	188	10	21	12	73	0
1.881	1	7	189	2	21	12	73	0
1.883	1	7	189	4	21	12	73	0
1.885	1	7	189	6	21	12	73	0
1.887	1	7	189	8	21	12	73	0
1.889	1	7	189	10	21	12	73	0
1.89	1	7	190	1	21	12	73	0
1.892	1	7	190	3	21	12	73	0
1.894	1	7	190	5	21	12	73	0
1.896	1	7	190	7	21	12	73	0
1.898	1	7	190	9	21	12	73	0
1.9	1	7	191	1	21	12	73	0
1.902	1	7	191	3	21	12	73	0
1.904	1	7	191	5	21	12	73	0
1.905	1	7	191	6	21	12	73	0
1.907	1	7	191	8	21	12	73	0
1.909	1	7	191	10	21	12	73	0
1.911	1	7	192	2	21	12	73	0
1.913	1	7	192	4	21	12	73	0
1.915	1	7	192	6	21	12	73	0
1.917	1	7	192	8	21	12	73	0
1.919	1	7	192	10	21	12	73	0
1.92	1	7	193	1	21	12	73	0
1.922	1	7	193	3	21	12	73	0
1.924	1	7	193	5	21	12	73	0
1.926	1	7	193	7	21	12	73	0
1.928	1	7	193	9	21	12	73	0
1.93	1	7	194	1	21	12	73	0
1.932	1	7	194	3	21	12	73	0
1.934	1	7	194	5	21	12	73	0
1.935	1	7	194	6	21	12	73	0
1.937	1	7	194	8	21	12	73	0
1.939	1	7	194	10	21	12	73	0
1.941	1	7	195	2	21	12	73	0
1.943	1	7	195	4	21	12	73	0
1.945	1	7	195	6	21	12	73	0
1.947	1	7	195	8	21	12	73	0
1.949	1	7	195	10	21	12	73	0
1.95	1	7	196	1	21	12	73	0
1.952	1	7	196	3	21	12	73	0
1.954	1	7	196	5	21	12	73	0
1.956	1	7	196	7	21	12	73	0
1.958	1	7	196	9	21	12	73	0
1.96	1	7	197	1	21	12	73	0
1.962	1	7	197	3	21	12	73	0
1.964	1	7	197	5	21	12	73	0
1.965	1	7	197	6	21	12	73	0
1.967	1	7	197	8	21	12	73	0
1.969	1	7	197	10	21	12	73	0
1.971	1	7	198	2	21	12	73	0
1.973	1	7	198	4	21	12	73	0
1.975	1	7	198	6	21	12	73	0
1.977	1	7	198	8	21	12	73	0
1.979	1	7	198	10	21	12	73	0
1.98	1	7	199	1	21	12	73	0
1.982	1	7	199	3	21	12	73	0
1.984	1	7	199	5	21	12	73	0
1.986	1	7	199	7	21	12	73	0
1.988	1	7	199	9	21	12	73	0
1.99	1	7	200	1	21	12	73	0
1.992	1	7	200	3	21	12	73	0
1.994	1	7	200	5	21	12	73	0
1.995	1	7	200	6	21	12	73	0
1.997	1	7	200	8	21	12	73	0
1.999	1	7	200	10	21	12	73	0
2.001	1	7	201	2	21	12	73	0
2.003	1	7	201	4	21	12	73	0
2.005	1	7	201	6	21	12	73	0
2.007	1	7	201	8	21	12	73	0
2.009	1	7	201	10	21	12	73	0
2.01	1	7	202	1	21	12	73	0
2.012	1	7	202	3	21	12	73	0
2.014	1	7	202	5	21	12	73	0
2.016	1	7	202	7	21	12	73	0
2.018	1	7	202	9	21	12	73	0
2.02	1	7	203	1	21	12	73	0
2.022	1	7	203	3	21	12	73	0
2.024	1	7	203	5	21	12	73	0
2.025	1	7	203	6	21	12	73	0
2.027	1	7	203	8	21	12	73	0
2.029	1	7	203	10	21	12	73	0
2.031	1	7	204	2	21	12	73	0
2.033	1	7	204	4	21	12	73	0
2.035	1	7	204	6	21	12	73	0
2.037	1	7	204	8	21	12	73	0
2.039	1	7	204	10	21	12	73	0
2.04	1	7	205	1	21	12	73	0
2.042	1	7	205	3	21	12	73	0
2.044	1	7	205	5	21	12	73	0
2.046	1	7	205	7	21	12	73	0
2.048	1	7	205	9	21	12	73	0
2.05	1	7	206	1	21	12	73	0
2.052	1	7	206	3	21	12	73	0
2.054	1	7	206	5	21	12	73	0
2.055	1	7	206	6	21	12	73	0
2.057	1	7	206	8	21	12	73	0
2.059	1	7	206	10	21	12	73	0
2.061	1	7	207	2	21	12	73	0
2.063	1	7	207	4	21	12	73	0
2.065	1	7	207	6	21	12	73	0
2.067	1	7	207	8	21	12	73	0
2.069	1	7	207	10	21	12	73	0
2.07	1	7	208	1	21	12	73	0
2.072	1	7	208	3	21	12	73	0
2.074	1	7	208	5	21	12	73	0
2.076	1	7	208	7	21	12	73	0
2.078	1	7	208	9	21	12	73	0
2.08	1	7	209	1	21	12	73	0
2.082	1	7	209	3	21	12	73	0
2.084	1	7	209	5	21	12	73	0
2.085	1	7	209	6	21	12	73	0
2.087	1	7	209	8	21	12	73	0
2.089	1	7	209	10	21	12	73	0
2.091	1	7	210	2	21	12	73	0
2.093	1	7	210	4	21	12	73	0
2.095	1	7	210	6	21	12	73	0
2.097	1	7	210	8	21	12	73	0
2.099	1	7	210	10	21	12	73	0
2.1	1	7	211	1	21	12	73	0
2.102	1	7	211	3	21	12	73	0
2.104	1	7	211	5	21	12	73	0
2.106	1	7	211	7	21	12	73	0
2.108	1	7	211	9	21	12	73	0
2.11	1	7	212	1	21	12	73	0
2.112	1	7	212	3	21	12	73	0
2.114	1	7	212	5	21	12	73	0
2.115	1	7	212	6	21	12	73	0
2.117	1	7	212	8	21	12	73	0
2.119	1	7	212	10	21	12	73	0
2.121	1	7	213	2	21	12	73	0
2.123	1	7	213	4	21	12	73	0
2.125	1	7	213	6	21	12	73	0
2.127	1	7	213	8	21	12	73	0
2.129	1	7	213	10	21	12	73	0
2.13	1	7	214	1	21	12	73	0
2.132	1	7	214	3	21	12	73	0
2.134	1	7	214	5	21	12	73	0
2.136	1	7	214	7	21	12	73	0
2.138	1	7	214	9	21	12	73	0
2.14	1	7	215	1	21	12	73	0
2.142	1	7	215	3	21	12	73	0
2.144	1	7	215	5	21	12	73	0
2.145	1	7	215	6	21	12	73	0
2.147	1	7	215	8	21	12	73	0
2.149	1	7	215	10	21	12	73	0
2.151	1	7	216	2	21	12	73	0
2.153	1	7	216	4	21	12	73	0
2.155	1	7	216	6	21	12	73	0
2.157	1	7	216	8	21	12	73	0
2.159	1	7	216	10	21	12	73	0
2.16	1	7	217	1	21	12	73	0
2.162	1	7	217	3	21	12	73	0
2.164	1	7	217	5	21	12	73	0
2.166	1	7	217	7	21	12	73	0
2.168	1	7	217	9	21	12	73	0
2.17	1	7	218	1	21	12	73	0
2.172	1	7	218	3	21	12	73	0
2.174	1	7	218	5	21	12	73	0
2.175	1	7	218	6	21	12	73	0
2.177	1	7	218	8	21	12	73	0
2.179	1	7	218	10	21	12	73	0
2.181	1	7	219	2	21	12	73	0
2.183	1	7	219	4	21	12	73	0
2.185	1	7	219	6	21	12	73	0
2.187	1	7	219	8	21	12	73	0
2.189	1	7	219	10	21	12	73	0
2.19	1	7	220	1	21	12	73	0
2.192	1	7	220	3	21	12	73	0
2.194	1	7	220	5	21	12	73	0
2.196	1	7	220	7	21	12	73	0
2.198	1	7	220	9	21	12	73	0
2.2	1	7	221	1	21	12	73	0
2.202	1	7	221	3	21	12	73	0
2.204	1	7	221	5	21	12	73	0
2.205	1	7	221	6	21	12	73	0
2.207	1	7	221	8	21	12	73	0
2.209	1	7	221	10	21	12	73	0
2.211	1	7	222	2	21	12	73	0
2.213	1	7	222	4	21	12	73	0
2.215	1	7	222	6	21	12	73	0
2.217	1	7	222	8	21	12	73	0
2.219	1	7	222	10	21	12	73	0
2.22	1	7	223	1	21	12	73	0
2.222	1	7	223	3	21	12	73	0
2.224	1	7	223	5	21	12	73	0
2.226	1	7	223	7	21	12	73	0
2.228	1	7	223	9	21	12	73	0
2.23	1	7	224	1	21	12	73	0
2.232	1	7	224	3	21	12	73	0
2.234	1	7	224	5	21	12	73	0
2.235	1	7	224	6	21	12	73	0
2.237	1	7	224	8	21	12	73	0
2.239	1	7	224	10	21	12	73	0
2.241	1	7	225	2	21	12	73	0
2.243	1	7	225	4	21	12	73	0
2.245	1	7	225	6	21	12	73	0
2.247	1	7	225	8	21	12	73	0
2.249	1	7	225	10	21	12	73	0
2.25	1	7	226	1	21	12	73	0
2.252	1	7	226	3	21	12	73	0
2.254	1	7	226	5	21	12	73	0
2.256	1	7	226	7	21	12	73	0
2.258	1	7	226	9	21	12	73	0
2.26	1	7	227	1	21	12	73	0
2.262	1	7	227	3	21	12	73	0
2.264	1	7	227	5	21	12	73	0
2.265	1	7	227	6	21	12	73	0
2.267	1	7	227	8	21	12	73	0
2.269	1	7	227	10	21	12	73	0
2.271	1	7	228	2	21	12	73	0
2.273	1	7	228	4	21	12	73	0
2.275	1	7	228	6	21	12	73	0
2.277	1	7	228	8	21	12	73	0
2.279	1	7	228	10	21	12	73	0
2.28	1	7	229	1	21	12	73	0
2.282	1	7	229	3	21	12	73	0
2.284	1	7	229	5	21	12	73	0
2.286	1	7	229	7	21	12	73	0
2.288	1	7	229	9	21	12	73	0
2.29	1	7	230	1	21	12	73	0
2.292	1	7	230	3	21	12	73	0
2.294	1	7	230	5	21	12	73	0
2.295	1	7	230	6	21	12	73	0
2.297	1	7	230	8	21	12	73	0
2.299	1	7	230	10	21	12	73	0
2.301	1	7	231	2	21	12	73	0
2.303	1	7	231	4	21	12	73	0
2.305	1	7	231	6	21	12	73	0
2.307	1	7	231	8	21	12	73	0
2.309	1	7	231	10	21	12	73	0
2.31	1	7	232	1	21	12	73	0
2.312	1	7	232	3	21	12	73	0
2.314	1	7	232	5	21	12	73	0
2.316	1	7	232	7	21	12	73	0
2.318	1	7	232	9	21	12	73	0
2.32	1	7	233	1	21	12	73	0
2.322	1	7	233	3	21	12	73	0
2.324	1	7	233	5	21	12	73	0
2.325	1	7	233	6	21	12	73	0
2.327	1	7	233	8	21	12	73	0
2.329	1	7	233	10	21	12	73	0
2.331	1	7	234	2	21	12	73	0
2.333	1	7	234	4	21	12	73	0
2.335	1	7	234	6	21	12	73	0
2.337	1	7	234	8	21	12	73	0
2.339	1	7	234	10	21	12	73	0
2.34	1	7	235	1	21	12	73	0
2.342	1	7	235	3	21	12	73	0
2.344	1	7	235	5	21	12	73	0
2.346	1	7	235	7	21	12	73	0
2.348	1	7	235	9	21	12	73	0
2.35	1	7	236	1	21	12	73	0
2.352	1	7	236	3	21	12	73	0
2.354	1	7	236	5	21	12	73	0
2.355	1	7	236	6	21	12	73	0
2.357	1	7	236	8	21	12	73	0
2.359	1	7	236	10	21	12	73	0
2.361	1	7	237	2	21	12	73	0
2.363	1	7	237	4	21	12	73	0
2.365	1	7	237	6	21	12	73	0
2.367	1	7	237	8	21	12	73	0
2.369	1	7	237	10	21	12	73	0
2.37	1	7	238	1	21	12	73	0
2.372	1	7	238	3	21	12	73	0
2.374	1	7	238	5	21	12	73	0
2.376	1	7	238	7	21	12	73	0
2.378	1	7	238	9	21	12	73	0
2.38	1	7	239	1	21	12	73	0
2.382	1	7	239	3	21	12	73	0
2.384	1	7	239	5	21	12	73	0
2.385	1	7	239	6	21	12	73	0
2.387	1	7	239	8	21	12	73	0
2.389	1	7	239	10	21	12	73	0
2.391	1	7	240	2	21	12	73	0
2.393	1	7	240	4	21	12	73	0
2.395	1	7	240	6	21	12	73	0
2.397	1	7	240	8	21	12	73	0
2.399	1	7	240	10	21	12	73	0
2.4	1	7	241	1	21	12	73	0
2.402	1	7	241	3	21	12	73	0
2.404	1	7	241	5	21	12	73	0
2.406	1	7	241	7	21	12	73	0
2.408	1	7	241	9	21	12	73	0
2.41	1	7	242	1	21	12	73	0
2.412	1	7	242	3	21	12	73	0
2.414	1	7	242	5	21	12	73	0
2.415	1	7	242	6	21	12	73	0
2.417	1	7	242	8	21	12	73	0
2.419	1	7	242	10	21	12	73	0
2.421	1	7	243	2	21	12	73	0
2.423	1	7	243	4	21	12	73	0
2.425	1	7	243	6	21	12	73	0
2.427	1	7	243	8	21	12	73	0
2.429	1	7	243	10	21	12	73	0
2.43	1	7	244	1	21	12	73	0
2.432	1	7	244	3	21	12	73	0
2.434	1	7	244	5	21	12	73	0
2.436	1	7	244	7	21	12	73	0
2.438	1	7	244	9	21	12	73	0
2.44	1	7	245	1	21	12	73	0
2.442	1	7	245	3	21	12	73	0
2.444	1	7	245	5	21	12	73	0
2.445	1	7	245	6	21	12	73	0
2.447	1	7	245	8	21	12	73	0
2.449	1	7	245	10	21	12	73	0
2.451	1	7	246	2	21	12	73	0
2.453	1	7	246	4	21	12	73	0
2.455	1	7	246	6	21	12	73	0
2.457	1	7	246	8	21	12	73	0
2.459	1	7	246	10	21	12	73	0
2.46	1	7	247	1	21	12	73	0
2.462	1	7	247	3	21	12	73	0
2.464	1	7	247	5	21	12	73	0
2.466	1	7	247	7	21	12	73	0
2.468	1	7	247	9	21	12	73	0
2.47	1	7	248	1	21	12	73	0
2.472	1	7	248	3	21	12	73	0
2.474	1	7	248	5	21	12	73	0
2.475	1	7	248	6	21	12	73	0
2.477	1	7	248	8	21	12	73	0
2.479	1	7	248	10	21	12	73	0
2.481	1	7	249	2	21	12	73	0
2.483	1	7	249	4	21	12	73	0
2.485	1	7	249	6	21	12	73	0
2.487	1	7	249	8	21	12	73	0
2.489	1	7	249	10	21	12	73	0
2.49	1	7	250	1	21	12	73	0
2.492	1	7	250	3	21	12	73	0
2.494	1	7	250	5	21	12	73	0
2.496	1	7	250	7	21	12	73	0
2.498	1	7	250	9	21	12	73	0
2.5	1	7	251	1	21	12	73	0
2.502	1	7	251	3	21	12	73	0
2.504	1	7	251	5	21	12	73	0
2.505	1	7	251	6	21	12	73	0
2.507	1	7	251	8	21	12	73	0
2.509	1	7	251	10	21	12	73	0
2.511	1	7	252	2	21	12	73	0
2.513	1	7	252	4	21	12	73	0
2.515	1	7	252	6	21	12	73	0
2.517	1	7	252	8	21	12	73	0
2.519	1	7	252	10	21	12	73	0
2.52	1	7	253	1	21	12	73	0
2.522	1	7	253	3	21	12	73	0
2.524	1	7	253	5	21	12	73	0
2.526	1	7	253	7	21	12	73	0
2.528	1	7	253	9	21	12	73	0
2.53	1	7	254	1	21	12	73	0
2.532	1	7	254	3	21	12	73	0
2.534	1	7	254	5	21	12	73	0
2.535	1	7	254	6	21	12	73	0
2.537	1	7	254	8	21	12	73	0
2.539	1	7	254	10	21	12	73	0
2.541	1	7	255	2	21	12	73	0
2.543	1	7	255	4	21	12	73	0
2.545	1	7	255	6	21	12	73	0
2.547	1	7	255	8	21	12	73	0
2.549	1	7	255	10	21	12	73	0
2.55	1	7	256	1	21	12	73	0
2.552	1	7	256	3	21	12	73	0
2.554	1	7	256	5	21	12	73	0
2.556	1	7	256	7	21	12	73	0
2.558	1	7	256	9	21	12	73	0
2.56	1	7	257	1	21	12	73	0
2.562	1	7	257	3	21	12	73	0
2.564	1	7	257	5	21	12	73	0
2.565	1	7	257	6	21	12	73	0
2.567	1	7	257	8	21	12	73	0
2.569	1	7	257	10	21	12	73	0
2.571	1	7	258	2	21	12	73	0
2.573	1	7	258	4	21	12	73	0
2.575	1	7	258	6	21	12	73	0
2.577	1	7	258	8	21	12	73	0
2.579	1	7	258	10	21	12	73	0
2.58	1	7	259	1	21	12	73	0
2.582	1	7	259	3	21	12	73	0
2.584	1	7	259	5	21	12	73	0
2.586	1	7	259	7	21	12	73	0
2.588	1	7	259	9	21	12	73	0
2.59	1	7	260	1	21	12	73	0
2.592	1	7	260	3	21	12	73	0
2.594	1	7	260	5	21	12	73	0
2.595	1	7	260	6	21	12	73	0
2.597	1	7	260	8	21	12	73	0
2.599	1	7	260	10	21	12	73	0
2.601	1	7	261	2	21	12	73	0
2.603	1	7	261	4	21	12	73	0
2.605	1	7	261	6	21	12	73	0
2.607	1	7	261	8	21	12	73	0
2.609	1	7	261	10	21	12	73	0
2.61	1	7	262	1	21	12	73	0
2.612	1	7	262	3	21	12	73	0
2.614	1	7	262	5	21	12	73	0
2.616	1	7	262	7	21	12	73	0
2.618	1	7	262	9	21	12	73	0
2.62	1	7	263	1	21	12	73	0
2.622	1	7	263	3	21	12	73	0
2.624	1	7	263	5	21	12	73	0
2.625	1	7	263	6	21	12	73	0
2.627	1	7	263	8	21	12	73	0
2.629	1	7	263	10	21	12	73	0
2.631	1	7	264	2	21	12	73	0
2.633	1	7	264	4	21	12	73	0
2.635	1	7	264	6	21	12	73	0
2.637	1	7	264	8	21	12	73	0
2.639	1	7	264	10	21	12	73	0
2.64	1	7	265	1	21	12	73	0
2.642	1	7	265	3	21	12	73	0
2.644	1	7	265	5	21	12	73	0
2.646	1	7	265	7	21	12	73	0
2.648	1	7	265	9	21	12	73	0
2.65	1	7	266	1	21	12	73	0
2.652	1	7	266	3	21	12	73	0
2.654	1	7	266	5	21	12	73	0
2.655	1	7	266	6	21	12	73	0
2.657	1	7	266	8	21	12	73	0
2.659	1	7	266	10	21	12	73	0
2.661	1	7	267	2	21	12	73	0
2.663	1	7	267	4	21	12	73	0
2.665	1	7	267	6	21	12	73	0
2.667	1	7	267	8	21	12	73	0
2.669	1	7	267	10	21	12	73	0
2.67	1	7	268	1	21	12	73	0
2.672	1	7	268	3	21	12	73	0
2.674	1	7	268	5	21	12	73	0
2.676	1	7	268	7	21	12	73	0
2.678	1	7	268	9	21	12	73	0
2.68	1	7	269	1	21	12	73	0
2.682	1	7	269	3	21	12	73	0
2.684	1	7	269	5	21	12	73	0
2.685	1	7	269	6	21	12	73	0
2.687	1	7	269	8	21	12	73	0
2.689	1	7	269	10	21	12	73	0
2.691	1	7	270	2	21	12	73	0
2.693	1	7	270	4	21	12	73	0
2.695	1	7	270	6	21	12	73	0
2.697	1	7	270	8	21	12	73	0
2.699	1	7	270	10	21	12	73	0
2.7	1	7	271	1	21	12	73	0
2.702	1	7	271	3	21	12	73	0
2.704	1	7	271	5	21	12	73	0
2.706	1	7	271	7	21	12	73	0
2.708	1	7	271	9	21	12	73	0
2.71	1	7	272	1	21	12	73	0
2.712	1	7	272	3	21	12	73	0
2.714	1	7	272	5	21	12	73	0
2.715	1	7	272	6	21	12	73	0
2.717	1	7	272	8	21	12	73	0
2.719	1	7	272	10	21	12	73	0
2.721	1	7	273	2	21	12	73	0
2.723	1	7	273	4	21	12	73	0
2.725	1	7	273	6	21	12	73	0
2.727	1	7	273	8	21	12	73	0
2.729	1	7	273	10	21	12	73	0
2.73	1	7	274	1	21	12	73	0
2.732	1	7	274	3	21	12	73	0
2.734	1	7	274	5	21	12	73	0
2.736	1	7	274	7	21	12	73	0
2.738	1	7	274	9	21	12	73	0
2.74	1	7	275	1	21	12	73	0
2.742	1	7	275	3	21	12	73	0
2.744	1	7	275	5	21	12	73	0
2.745	1	7	275	6	21	12	73	0
2.747	1	7	275	8	21	12	73	0
2.749	1	7	275	10	21	12	73	0
2.751	1	7	276	2	21	12	73	0
2.753	1	7	276	4	21	12	73	0
2.755	1	7	276	6	21	12	73	0
2.757	1	7	276	8	21	12	73	0
2.759	1	7	276	10	21	12	73	0
2.76	1	7	277	1	21	12	73	0
2.762	1	7	277	3	21	12	73	0
2.764	1	7	277	5	21	12	73	0
2.766	1	7	277	7	21	12	73	0
2.768	1	7	277	9	21	12	73	0
2.77	1	7	278	1	21	12	73	0
2.772	1	7	278	3	21	12	73	0
2.774	1	7	278	5	21	12	73	0
2.775	1	7	278	6	21	12	73	0
2.777	1	7	278	8	21	12	73	0
2.779	1	7	278	10	21	12	73	0
2.781	1	7	279	2	21	12	73	0
2.783	1	7	279	4	21	12	73	0
2.785	1	7	279	6	21	12	73	0
2.787	1	7	279	8	21	12	73	0
2.789	1	7	279	10	21	12	73	0
2.79	1	7	280	1	21	12	73	0
2.792	1	7	280	3	21	12	73	0
2.794	1	7	280	5	21	12	73	0
2.796	1	7	280	7	21	12	73	0
2.798	1	7	280	9	21	12	73	0
2.8	1	7	281	1	21	12	73	0
2.802	1	7	281	3	21	12	73	0
2.804	1	7	281	5	21	12	73	0
2.805	1	7	281	6	21	12	73	0
2.807	1	7	281	8	21	12	73	0
2.809	1	7	281	10	21	12	73	0
2.811	1	7	282	2	21	12	73	0
2.813	1	7	282	4	21	12	73	0
2.815	1	7	282	6	21	12	73	0
2.817	1	7	282	8	21	12	73	0
2.819	1	7	282	10	21	12	73	0
2.82	1	7	283	1	21	12	73	0
2.822	1	7	283	3	21	12	73	0
2.824	1	7	283	5	21	12	73	0
2.826	1	7	283	7	21	12	73	0
2.828	1	7	283	9	21	12	73	0
2.83	1	7	284	1	21	12	73	0
2.832	1	7	284	3	21	12	73	0
2.834	1	7	284	5	21	12	73	0
2.835	1	7	284	6	21	12	73	0
2.837	1	7	284	8	21	12	73	0
2.839	1	7	284	10	21	12	73	0
2.841	1	7	285	2	21	12	73	0
2.843	1	7	285	4	21	12	73	0
2.845	1	7	285	6	21	12	73	0
2.847	1	7	285	8	21	12	73	0
2.849	1	7	285	10	21	12	73	0
2.85	1	7	286	1	21	12	73	0
2.852	1	7	286	3	21	12	73	0
2.854	1	7	286	5	21	12	73	0
2.856	1	7	286	7	21	12	73	0
2.858	1	7	286	9	21	12	73	0
2.86	1	7	287	1	21	12	73	0
2.862	1	7	287	3	21	12	73	0
2.864	1	7	287	5	21	12	73	0
2.865	1	7	287	6	21	12	73	0
2.867	1	7	287	8	21	12	73	0
2.869	1	7	287	10	21	12	73	0
2.871	1	7	288	2	21	12	73	0
2.873	1	7	288	4	21	12	73	0
2.875	1	7	288	6	21	12	73	0
2.877	1	7	288	8	21	12	73	0
2.879	1	7	288	10	21	12	73	0
2.88	1	7	289	1	21	12	73	0
2.882	1	7	289	3	21	12	73	0
2.884	1	7	289	5	21	12	73	0
2.886	1	7	289	7	21	12	73	0
2.888	1	7	289	9	21	12	73	0
2.89	1	7	290	1	21	12	73	0
2.892	1	7	290	3	21	12	73	0
2.894	1	7	290	5	21	12	73	0
2.895	1	7	290	6	21	12	73	0
2.897	1	7	290	8	21	12	73	0
2.899	1	7	290	10	21	12	73	0
2.901	1	7	291	2	21	12	73	0
2.903	1	7	291	4	21	12	73	0
2.905	1	7	291	6	21	12	73	0
2.907	1	7	291	8	21	12	73	0
2.909	1	7	291	10	21	12	73	0
2.91	1	7	292	1	21	12	73	0
2.912	1	7	292	3	21	12	73	0
2.914	1	7	292	5	21	12	73	0
2.916	1	7	292	7	21	12	73	0
2.918	1	7	292	9	21	12	73	0
2.92	1	7	293	1	21	12	73	0
2.922	1	7	293	3	21	12	73	0
2.924	1	7	293	5	21	12	73	0
2.925	1	7	293	6	21	12	73	0
2.927	1	7	293	8	21	12	73	0
2.929	1	7	293	10	21	12	73	0
2.931	1	7	294	2	21	12	73	0
2.933	1	7	294	4	21	12	73	0
2.935	1	7	294	6	21	12	73	0
2.937	1	7	294	8	21	12	73	0
2.939	1	7	294	10	21	12	73	0
2.94	1	7	295	1	21	12	73	0
2.942	1	7	295	3	21	12	73	0
2.944	1	7	295	5	21	12	73	0
2.946	1	7	295	7	21	12	73	0
2.948	1	7	295	9	21	12	73	0
2.95	1	7	296	1	21	12	73	0
2.952	1	7	296	3	21	12	73	0
2.954	1	7	296	5	21	12	73	0
2.955	1	7	296	6	21	12	73	0
2.957	1	7	296	8	21	12	73	0
2.959	1	7	296	10	21	12	73	0
2.961	1	7	297	2	21	12	73	0
2.963	1	7	297	4	21	12	73	0
2.965	1	7	297	6	21	12	73	0
2.967	1	7	297	8	21	12	73	0
2.969	1	7	297	10	21	12	73	0
2.97	1	7	298	1	21	12	73	0
2.972	1	7	298	3	21	12	73	0
2.974	1	7	298	5	21	12	73	0
2.976	1	7	298	7	21	12	73	0
2.978	1	7	298	9	21	12	73	0
2.98	1	7	299	1	21	12	73	0
2.982	1	7	299	3	21	12	73	0
2.984	1	7	299	5	21	12	73	0
2.985	1	7	299	6	21	12	73	0
2.987	1	7	299	8	21	12	73	0
2.989	1	7	299	10	21	12	73	0
2.991	1	7	300	2	21	12	73	0
2.993	1	7	300	4	21	12	73	0
2.995	1	7	300	6	21	12	73	0
2.997	1	7	300	8	21	12	73	0
2.999	1	7	300	10	21	12	73	0
3	1	7	301	1	21	12	73	0
3.002	1	7	301	3	21	12	73	0
3.004	1	7	301	5	21	12	73	0
3.006	1	7	301	7	21	12	73	0
3.008	1	7	301	9	21	12	73	0
3.01	1	7	302	1	21	12	73	0
3.012	1	7	302	3	21	12	73	0
3.014	1	7	302	5	21	12	73	0
3.015	1	7	302	6	21	12	73	0
3.017	1	7	302	8	21	12	73	0
3.019	1	7	302	10	21	12	73	0
3.021	1	7	303	2	21	12	73	0
3.023	1	7	303	4	21	12	73	0
3.025	1	7	303	6	21	12	73	0
3.027	1	7	303	8	21	12	73	0
3.029	1	7	303	10	21	12	73	0
3.03	1	7	304	1	21	12	73	0
3.032	1	7	304	3	21	12	73	0
3.034	1	7	304	5	21	12	73	0
3.036	1	7	304	7	21	12	73	0
3.038	1	7	304	9	21	12	73	0
3.04	1	7	305	1	21	12	73	0
3.042	1	7	305	3	21	12	73	0
3.044	1	7	305	5	21	12	73	0
3.045	1	7	305	6	21	12	73	0
3.047	1	7	305	8	21	12	73	0
3.049	1	7	305	10	21	12	73	0
3.051	1	7	306	2	21	12	73	0
3.053	1	7	306	4	21	12	73	0
3.055	1	7	306	6	21	12	73	0
3.057	1	7	306	8	21	12	73	0
3.059	1	7	306	10	21	12	73	0
3.06	1	7	307	1	21	12	73	0
3.062	1	7	307	3	21	12	73	0
3.064	1	7	307	5	21	12	73	0
3.066	1	7	307	7	21	12	73	0
3.068	1	7	307	9	21	12	73	0
3.07	1	7	308	1	21	12	73	0
3.072	1	7	308	3	21	12	73	0
3.074	1	7	308	5	21	12	73	0
3.075	1	7	308	6	21	12	73	0
3.077	1	7	308	8	21	12	73	0
3.079	1	7	308	10	21	12	73	0
3.081	1	7	309	2	21	12	73	0
3.083	1	7	309	4	21	12	73	0
3.085	1	7	309	6	21	12	73	0
3.087	1	7	309	8	21	12	73	0
3.089	1	7	309	10	21	12	73	0
3.09	1	7	310	1	21	12	73	0
3.092	1	7	310	3	21	12	73	0
3.094	1	7	310	5	21	12	73	0
3.096	1	7	310	7	21	12	73	0
3.098	1	7	310	9	21	12	73	0
3.1	1	7	311	1	21	12	73	0
3.102	1	7	311	3	21	12	73	0
3.104	1	7	311	5	21	12	73	0
3.105	1	7	311	6	21	12	73	0
3.107	1	7	311	8	21	12	73	0
3.109	1	7	311	10	21	12	73	0
3.111	1	7	312	2	21	12	73	0
3.113	1	7	312	4	21	12	73	0
3.115	1	7	312	6	21	12	73	0
3.117	1	7	312	8	21	12	73	0
3.119	1	7	312	10	21	12	73	0
3.12	1	7	313	1	21	12	73	0
3.122	1	7	313	3	21	12	73	0
3.124	1	7	313	5	21	12	73	0
3.126	1	7	313	7	21	12	73	0
3.128	1	7	313	9	21	12	73	0
3.13	1	7	314	1	21	12	73	0
3.132	1	7	314	3	21	12	73	0
3.134	1	7	314	5	21	12	73	0
3.135	1	7	314	6	21	12	73	0
3.137	1	7	314	8	21	12	73	0
3.139	1	7	314	10	21	12	73	0
3.141	1	7	315	2	21	12	73	0
3.143	1	7	315	4	21	12	73	0
3.145	1	7	315	6	21	12	73	0
3.147	1	7	315	8	21	12	73	0
3.149	1	7	315	10	21	12	73	0
3.15	1	7	316	1	21	12	73	0
3.152	1	7	316	3	21	12	73	0
3.154	1	7	316	5	21	12	73	0
3.156	1	7	316	7	21	12	73	0
3.158	1	7	316	9	21	12	73	0
3.16	1	7	317	1	21	12	73	0
3.162	1	7	317	3	21	12	73	0
3.164	1	7	317	5	21	12	73	0
3.165	1	7	317	6	21	12	73	0
3.167	1	7	317	8	21	12	73	0
3.169	1	7	317	10	21	12	73	0
3.171	1	7	318	2	21	12	73	0
3.173	1	7	318	4	21	12	73	0
3.175	1	7	318	6	21	12	73	0
3.177	1	7	318	8	21	12	73	0
3.179	1	7	318	10	21	12	73	0
3.18	1	7	319	1	21	12	73	0
3.182	1	7	319	3	21	12	73	0
3.184	1	7	319	5	21	12	73	0
3.186	1	7	319	7	21	12	73	0
3.188	1	7	319	9	21	12	73	0
3.19	1	7	320	1	21	12	73	0
3.192	1	7	320	3	21	12	73	0
3.194	1	7	320	5	21	12	73	0
3.195	1	7	320	6	21	12	73	0
3.197	1	7	320	8	21	12	73	0
3.199	1	7	320	10	21	12	73	0
3.201	1	7	321	2	21	12	73	0
3.203	1	7	321	4	21	12	73	0
3.205	1	7	321	6	21	12	73	0
3.207	1	7	321	8	21	12	73	0
3.209	1	7	321	10	21	12	73	0
3.21	1	7	322	1	21	12	73	0
3.212	1	7	322	3	21	12	73	0
3.214	1	7	322	5	21	12	73	0
3.216	1	7	322	7	21	12	73	0
3.218	1	7	322	9	21	12	73	0
3.22	1	7	323	1	21	12	73	0
3.222	1	7	323	3	21	12	73	0
3.224	1	7	323	5	21	12	73	0
3.225	1	7	323	6	21	12	73	0
3.227	1	7	323	8	21	12	73	0
3.229	1	7	323	10	21	12	73	0
3.231	1	7	324	2	21	12	73	0
3.233	1	7	324	4	21	12	73	0
3.235	1	7	324	6	21	12	73	0
3.237	1	7	324	8	21	12	73	0
3.239	1	7	324	10	21	12	73	0
3.24	1	7	325	1	21	12	73	0
3.242	1	7	325	3	21	12	73	0
3.244	1	7	325	5	21	12	73	0
3.246	1	7	325	7	21	12	73	0
3.248	1	7	325	9	21	12	73	0
3.25	1	7	326	1	21	12	73	0
3.252	1	7	326	3	21	12	73	0
3.254	1	7	326	5	21	12	73	0
3.255	1	7	326	6	21	12	73	0
3.257	1	7	326	8	21	12	73	0
3.259	1	7	326	10	21	12	73	0
3.261	1	7	327	2	21	12	73	0
3.263	1	7	327	4	21	12	73	0
3.265	1	7	327	6	21	12	73	0
3.267	1	7	327	8	21	12	73	0
3.269	1	7	327	10	21	12	73	0
3.27	1	7	328	1	21	12	73	0
3.272	1	7	328	3	21	12	73	0
3.274	1	7	328	5	21	12	73	0
3.276	1	7	328	7	21	12	73	0
3.278	1	7	328	9	21	12	73	0
3.28	1	7	329	1	21	12	73	0
3.282	1	7	329	3	21	12	73	0
3.284	1	7	329	5	21	12	73	0
3.285	1	7	329	6	21	12	73	0
3.287	1	7	329	8	21	12	73	0
3.289	1	7	329	10	21	12	73	0
3.291	1	7	330	2	21	12	73	0
3.293	1	7	330	4	21	12	73	0
3.295	1	7	330	6	21	12	73	0
3.297	1	7	330	8	21	12	73	0
3.299	1	7	330	10	21	12	73	0
3.3	1	7	331	1	21	12	73	0
3.302	1	7	331	3	21	12	73	0
3.304	1	7	331	5	21	12	73	0
3.306	1	7	331	7	21	12	73	0
3.308	1	7	331	9	21	12	73	0
3.31	1	7	332	1	21	12	73	0
3.312	1	7	332	3	21	12	73	0
3.314	1	7	332	5	21	12	73	0
3.315	1	7	332	6	21	12	73	0
3.317	1	7	332	8	21	12	73	0
3.319	1	7	332	10	21	12	73	0
3.321	1	7	333	2	21	12	73	0
3.323	1	7	333	4	21	12	73	0
3.325	1	7	333	6	21	12	73	0
3.327	1	7	333	8	21	12	73	0
3.329	1	7	333	10	21	12	73	0
3.33	1	7	334	1	21	12	73	0
3.332	1	7	334	3	21	12	73	0
3.334	1	7	334	5	21	12	73	0
3.336	1	7	334	7	21	12	73	0
3.338	1	7	334	9	21	12	73	0
3.34	1	7	335	1	21	12	73	0
3.342	1	7	335	3	21	12	73	0
3.344	1	7	335	5	21	12	73	0
3.345	1	7	335	6	21	12	73	0
3.347	1	7	335	8	21	12	73	0
3.349	1	7	335	10	21	12	73	0
3.351	1	7	336	2	21	12	73	0
3.353	1	7	336	4	21	12	73	0
3.355	1	7	336	6	21	12	73	0
3.357	1	7	336	8	21	12	73	0
3.359	1	7	336	10	21	12	73	0
3.36	1	7	337	1	21	12	73	0
3.362	1	7	337	3	21	12	73	0
3.364	1	7	337	5	21	12	73	0
3.366	1	7	337	7	21	12	73	0
3.368	1	7	337	9	21	12	73	0
3.37	1	7	338	1	21	12	73	0
3.372	1	7	338	3	21	12	73	0
3.374	1	7	338	5	21	12	73	0
3.375	1	7	338	6	21	12	73	0
3.377	1	7	338	8	21	12	73	0
3.379	1	7	338	10	21	12	73	0
3.381	1	7	339	2	21	12	73	0
3.383	1	7	339	4	21	12	73	0
3.385	1	7	339	6	21	12	73	0
3.387	1	7	339	8	21	12	73	0
3.389	1	7	339	10	21	12	73	0
3.39	1	7	340	1	21	12	73	0
3.392	1	7	340	3	21	12	73	0
3.394	1	7	340	5	21	12	73	0
3.396	1	7	340	7	21	12	73	0
3.398	1	7	340	9	21	12	73	0
3.4	1	7	341	1	21	12	73	0
3.402	1	7	341	3	21	12	73	0
3.404	1	7	341	5	21	12	73	0
3.405	1	7	341	6	21	12	73	0
3.407	1	7	341	8	21	12	73	0
3.409	1	7	341	10	21	12	73	0
3.411	1	7	342	2	21	12	73	0
3.413	1	7	342	4	21	12	73	0
3.415	1	7	342	6	21	12	73	0
3.417	1	7	342	8	21	12	73	0
3.419	1	7	342	10	21	12	73	0
3.42	1	7	343	1	21	12	73	0
3.422	1	7	343	3	21	12	73	0
3.424	1	7	343	5	21	12	73	0
3.426	1	7	343	7	21	12	73	0
3.428	1	7	343	9	21	12	73	0
3.43	1	7	344	1	21	12	73	0
3.432	1	7	344	3	21	12	73	0
3.434	1	7	344	5	21	12	73	0
3.435	1	7	344	6	21	12	73	0
3.437	1	7	344	8	21	12	73	0
3.439	1	7	344	10	21	12	73	0
3.441	1	7	345	2	21	12	73	0
3.443	1	7	345	4	21	12	73	0
3.445	1	7	345	6	21	12	73	0
3.447	1	7	345	8	21	12	73	0
3.449	1	7	345	10	21	12	73	0
3.45	1	7	346	1	21	12	73	0
3.452	1	7	346	3	21	12	73	0
3.454	1	7	346	5	21	12	73	0
3.456	1	7	346	7	21	12	73	0
3.458	1	7	346	9	21	12	73	0
3.46	1	7	347	1	21	12	73	0
3.462	1	7	347	3	21	12	73	0
3.464	1	7	347	5	21	12	73	0
3.465	1	7	347	6	21	12	73	0
3.467	1	7	347	8	21	12	73	0
3.469	1	7	347	10	21	12	73	0
3.471	1	7	348	2	21	12	73	0
3.473	1	7	348	4	21	12	73	0
3.475	1	7	348	6	21	12	73	0
3.477	1	7	348	8	21	12	73	0
3.479	1	7	348	10	21	12	73	0
3.48	1	7	349	1	21	12	73	0
3.482	1	7	349	3	21	12	73	0
3.484	1	7	349	5	21	12	73	0
3.486	1	7	349	7	21	12	73	0
3.488	1	7	349	9	21	12	73	0
3.49	1	7	350	1	21	12	73	0
3.492	1	7	350	3	21	12	73	0
3.494	1	7	350	5	21	12	73	0
3.495	1	7	350	6	21	12	73	0
3.497	1	7	350	8	21	12	73	0
3.499	1	7	350	10	21	12	73	0
3.501	1	7	351	2	21	12	73	0
3.503	1	7	351	4	21	12	73	0
3.505	1	7	351	6	21	12	73	0
3.507	1	7	351	8	21	12	73	0
3.509	1	7	351	10	21	12	73	0
3.51	1	7	352	1	21	12	73	0
3.512	1	7	352	3	21	12	73	0
3.514	1	7	352	5	21	12	73	0
3.516	1	7	352	7	21	12	73	0
3.518	1	7	352	9	21	12	73	0
3.52	1	7	353	1	21	12	73	0
3.522	1	7	353	3	21	12	73	0
3.524	1	7	353	5	21	12	73	0
3.525	1	7	353	6	21	12	73	0
3.527	1	7	353	8	21	12	73	0
3.529	1	7	353	10	21	12	73	0
3.531	1	7	354	2	21	12	73	0
3.533	1	7	354	4	21	12	73	0
3.535	1	7	354	6	21	12	73	0
3.537	1	7	354	8	21	12	73	0
3.539	1	7	354	10	21	12	73	0
3.54	1	7	355	1	21	12	73	0
3.542	1	7	355	3	21	12	73	0
3.544	1	7	355	5	21	12	73	0
3.546	1	7	355	7	21	12	73	0
3.548	1	7	355	9	21	12	73	0
3.55	1	7	356	1	21	12	73	0
3.552	1	7	356	3	21	12	73	0
3.554	1	7	356	5	21	12	73	0
3.555	1	7	356	6	21	12	73	0
3.557	1	7	356	8	21	12	73	0
3.559	1	7	356	10	21	12	73	0
3.561	1	7	357	2	21	12	73	0
3.563	1	7	357	4	21	12	73	0
3.565	1	7	357	6	21	12	73	0
3.567	1	7	357	8	21	12	73	0
3.569	1	7	357	10	21	12	73	0
3.57	1	7	358	1	21	12	73	0
3.572	1	7	358	3	21	12	73	0
3.574	1	7	358	5	21	12	73	0
3.576	1	7	358	7	21	12	73	0
3.578	1	7	358	9	21	12	73	0
3.58	1	7	359	1	21	12	73	0
3.582	1	7	359	3	21	12	73	0
3.584	1	7	359	5	21	12	73	0
3.585	1	7	359	6	21	12	73	0
3.587	1	7	359	8	21	12	73	0
3.589	1	7	359	10	21	12	73	0
3.591	1	7	360	2	21	12	73	0
3.593	1	7	360	4	21	12	73	0
3.595	1	7	360	6	21	12	73	0
3.597	1	7	360	8	21	12	73	0
3.599	1	7	360	10	21	12	73	0
3.6	1	7	361	1	21	12	73	0
3.602	1	7	361	3	21	12	73	0
3.604	1	7	361	5	21	12	73	0
3.606	1	7	361	7	21	12	73	0
3.608	1	7	361	9	21	12	73	0
3.61	1	7	362	1	21	12	73	0
3.612	1	7	362	3	21	12	73	0
3.614	1	7	362	5	21	12	73	0
3.615	1	7	362	6	21	12	73	0
3.617	1	7	362	8	21	12	73	0
3.619	1	7	362	10	21	12	73	0
3.621	1	7	363	2	21	12	73	0
3.623	1	7	363	4	21	12	73	0
3.625	1	7	363	6	21	12	73	0
3.627	1	7	363	8	21	12	73	0
3.629	1	7	363	10	21	12	73	0
3.63	1	7	364	1	21	12	73	0
3.632	1	7	364	3	21	12	73	0
3.634	1	7	364	5	21	12	73	0
3.636	1	7	364	7	21	12	73	0
3.638	1	7	364	9	21	12	73	0
3.64	1	7	365	1	21	12	73	0
3.642	1	7	365	3	21	12	73	0
3.644	1	7	365	5	21	12	73	0
3.645	1	7	365	6	21	12	73	0
3.647	1	7	365	8	21	12	73	0
3.649	1	7	365	10	21	12	73	0
3.651	1	7	366	2	21	12	73	0
3.653	1	7	366	4	21	12	73	0
3.655	1	7	366	6	21	12	73	0
3.657	1	7	366	8	21	12	73	0
3.659	1	7	366	10	21	12	73	0
3.66	1	7	367	1	21	12	73	0
3.662	1	7	367	3	21	12	73	0
3.664	1	7	367	5	21	12	73	0
3.666	1	7	367	7	21	12	73	0
3.668	1	7	367	9	21	12	73	0
3.67	1	7	368	1	21	12	73	0
3.672	1	7	368	3	21	12	73	0
3.674	1	7	368	5	21	12	73	0
3.675	1	7	368	6	21	12	73	0
3.677	1	7	368	8	21	12	73	0
3.679	1	7	368	10	21	12	73	0
3.681	1	7	369	2	21	12	73	0
3.683	1	7	369	4	21	12	73	0
3.685	1	7	369	6	21	12	73	0
3.687	1	7	369	8	21	12	73	0
3.689	1	7	369	10	21	12	73	0
3.69	1	7	370	1	21	12	73	0
3.692	1	7	370	3	21	12	73	0
3.694	1	7	370	5	21	12	73	0
3.696	1	7	370	7	21	12	73	0
3.698	1	7	370	9	21	12	73	0
3.7	1	7	371	1	21	12	73	0
3.702	1	7	371	3	21	12	73	0
3.704	1	7	371	5	21	12	73	0
3.705	1	7	371	6	21	12	73	0
3.707	1	7	371	8	21	12	73	0
3.709	1	7	371	10	21	12	73	0
3.711	1	7	372	2	21	12	73	0
3.713	1	7	372	4	21	12	73	0
3.715	1	7	372	6	21	12	73	0
3.717	1	7	372	8	21	12	73	0
3.719	1	7	372	10	21	12	73	0
3.72	1	7	373	1	21	12	73	0
3.722	1	7	373	3	21	12	73	0
3.724	1	7	373	5	21	12	73	0
3.726	1	7	373	7	21	12	73	0
3.728	1	7	373	9	21	12	73	0
3.73	1	7	374	1	21	12	73	0
3.732	1	7	374	3	21	12	73	0
3.734	1	7	374	5	21	12	73	0
3.735	1	7	374	6	21	12	73	0
3.737	1	7	374	8	21	12	73	0
3.739	1	7	374	10	21	12	73	0
3.741	1	7	375	2	21	12	73	0
3.743	1	7	375	4	21	12	73	0
3.745	1	7	375	6	21	12	73	0
3.747	1	7	375	8	21	12	73	0
3.749	1	7	375	10	21	12	73	0
3.75	1	7	376	1	21	12	73	0
3.752	1	7	376	3	21	12	73	0
3.754	1	7	376	5	21	12	73	0
3.756	1	7	376	7	21	12	73	0
3.758	1	7	376	9	21	12	73	0
3.76	1	7	377	1	21	12	73	0
3.762	1	7	377	3	21	12	73	0
3.764	1	7	377	5	21	12	73	0
3.765	1	7	377	6	21	12	73	0
3.767	1	7	377	8	21	12	73	0
3.769	1	7	377	10	21	12	73	0
3.771	1	7	378	2	21	12	73	0
3.773	1	7	378	4	21	12	73	0
3.775	1	7	378	6	21	12	73	0
3.777	1	7	378	8	21	12	73	0
3.779	1	7	378	10	21	12	73	0
3.78	1	7	379	1	21	12	73	0
3.782	1	7	379	3	21	12	73	0
3.784	1	7	379	5	21	12	73	0
3.786	1	7	379	7	21	12	73	0
3.788	1	7	379	9	21	12	73	0
3.79	1	7	380	1	21	12	73	0
3.792	1	7	380	3	21	12	73	0
3.794	1	7	380	5	21	12	73	0
3.795	1	7	380	6	21	12	73	0
3.797	1	7	380	8	21	12	73	0
3.799	1	7	380	10	21	12	73	0
3.801	1	7	381	2	21	12	73	0
3.803	1	7	381	4	21	12	73	0
3.805	1	7	381	6	21	12	73	0
3.807	1	7	381	8	21	12	73	0
3.809	1	7	381	10	21	12	73	0
3.81	1	7	382	1	21	12	73	0
3.812	1	7	382	3	21	12	73	0
3.814	1	7	382	5	21	12	73	0
3.816	1	7	382	7	21	12	73	0
3.818	1	7	382	9	21	12	73	0
3.82	1	7	383	1	21	12	73	0
3.822	1	7	383	3	21	12	73	0
3.824	1	7	383	5	21	12	73	0
3.825	1	7	383	6	21	12	73	0
3.827	1	7	383	8	21	12	73	0
3.829	1	7	383	10	21	12	73	0
3.831	1	7	384	2	21	12	73	0
3.833	1	7	384	4	21	12	73	0
3.835	1	7	384	6	21	12	73	0
3.837	1	7	384	8	21	12	73	0
3.839	1	7	384	10	21	12	73	0
3.84	1	7	385	1	21	12	73	0
3.842	1	7	385	3	21	12	73	0
3.844	1	7	385	5	21	12	73	0
3.846	1	7	385	7	21	12	73	0
3.848	1	7	385	9	21	12	73	0
3.85	1	7	386	1	21	12	73	0
3.852	1	7	386	3	21	12	73	0
3.854	1	7	386	5	21	12	73	0
3.855	1	7	386	6	21	12	73	0
3.857	1	7	386	8	21	12	73	0
3.859	1	7	386	10	21	12	73	0
3.861	1	7	387	2	21	12	73	0
3.863	1	7	387	4	21	12	73	0
3.865	1	7	387	6	21	12	73	0
3.867	1	7	387	8	21	12	73	0
3.869	1	7	387	10	21	12	73	0
3.87	1	7	388	1	21	12	73	0
3.872	1	7	388	3	21	12	73	0
3.874	1	7	388	5	21	12	73	0
3.876	1	7	388	7	21	12	73	0
3.878	1	7	388	9	21	12	73	0
3.88	1	7	389	1	21	12	73	0
3.882	1	7	389	3	21	12	73	0
3.884	1	7	389	5	21	12	73	0
3.885	1	7	389	6	21	12	73	0
3.887	1	7	389	8	21	12	73	0
3.889	1	7	389	10	21	12	73	0
3.891	1	7	390	2	21	12	73	0
3.893	1	7	390	4	21	12	73	0
3.895	1	7	390	6	21	12	73	0
3.897	1	7	390	8	21	12	73	0
3.899	1	7	390	10	21	12	73	0
3.9	1	7	391	1	21	12	73	0
3.902	1	7	391	3	21	12	73	0
3.904	1	7	391	5	21	12	73	0
3.906	1	7	391	7	21	12	73	0
3.908	1	7	391	9	21	12	73	0
3.91	1	7	392	1	21	12	73	0
3.912	1	7	392	3	21	12	73	0
3.914	1	7	392	5	21	12	73	0
3.915	1	7	392	6	21	12	73	0
3.917	1	7	392	8	21	12	73	0
3.919	1	7	392	10	21	12	73	0
3.921	1	7	393	2	21	12	73	0
3.923	1	7	393	4	21	12	73	0
3.925	1	7	393	6	21	12	73	0
3.927	1	7	393	8	21	12	73	0
3.929	1	7	393	10	21	12	73	0
3.93	1	7	394	1	21	12	73	0
3.932	1	7	394	3	21	12	73	0
3.934	1	7	394	5	21	12	73	0
3.936	1	7	394	7	21	12	73	0
3.938	1	7	394	9	21	12	73	0
3.94	1	7	395	1	21	12	73	0
3.942	1	7	395	3	21	12	73	0
3.944	1	7	395	5	21	12	73	0
3.945	1	7	395	6	21	12	73	0
3.947	1	7	395	8	21	12	73	0
3.949	1	7	395	10	21	12	73	0
3.951	1	7	396	2	21	12	73	0
3.953	1	7	396	4	21	12	73	0
3.955	1	7	396	6	21	12	73	0
3.957	1	7	396	8	21	12	73	0
3.959	1	7	396	10	21	12	73	0
3.96	1	7	397	1	21	12	73	0
3.962	1	7	397	3	21	12	73	0
3.964	1	7	397	5	21	12	73	0
3.966	1	7	397	7	21	12	73	0
3.968	1	7	397	9	21	12	73	0
3.97	1	7	398	1	21	12	73	0
3.972	1	7	398	3	21	12	73	0
3.974	1	7	398	5	21	12	73	0
3.975	1	7	398	6	21	12	73	0
3.977	1	7	398	8	21	12	73	0
3.979	1	7	398	10	21	12	73	0
3.981	1	7	399	2	21	12	73	0
3.983	1	7	399	4	21	12	73	0
3.985	1	7	399	6	21	12	73	0
3.987	1	7	399	8	21	12	73	0
3.989	1	7	399	10	21	12	73	0
3.99	1	7	400	1	21	12	73	0
3.992	1	7	400	3	21	12	73	0
3.994	1	7	400	5	21	12	73	0
3.996	1	7	400	7	21	12	73	0
3.998	1	7	400	9	21	12	73	0
4	1	7	401	1	21	12	73	0
4.002	1	7	401	3	21	12	73	0
4.004	1	7	401	5	21	12	73	0
4.005	1	7	401	6	21	12	73	0
4.007	1	7	401	8	21	12	73	0
4.009	1	7	401	10	21	12	73	0
4.011	1	7	402	2	21	12	73	0
4.013	1	7	402	4	21	12	73	0
4.015	1	7	402	6	21	12	73	0
4.017	1	7	402	8	21	12	73	0
4.019	1	7	402	10	21	12	73	0
4.02	1	7	403	1	21	12	73	0
4.022	1	7	403	3	21	12	73	0
4.024	1	7	403	5	21	12	73	0
4.026	1	7	403	7	21	12	73	0
4.028	1	7	403	9	21	12	73	0
4.03	1	7	404	1	21	12	73	0
4.032	1	7	404	3	21	12	73	0
4.034	1	7	404	5	21	12	73	0
4.035	1	7	404	6	21	12	73	0
4.037	1	7	404	8	21	12	73	0
4.039	1	7	404	10	21	12	73	0
4.041	1	7	405	2	21	12	73	0
4.043	1	7	405	4	21	12	73	0
4.045	1	7	405	6	21	12	73	0
4.047	1	7	405	8	21	12	73	0
4.049	1	7	405	10	21	12	73	0
4.05	1	7	406	1	21	12	73	0
4.052	1	7	406	3	21	12	73	0
4.054	1	7	406	5	21	12	73	0
4.056	1	7	406	7	21	12	73	0
4.058	1	7	406	9	21	12	73	0
4.06	1	7	407	1	21	12	73	0
4.062	1	7	407	3	21	12	73	0
4.064	1	7	407	5	21	12	73	0
4.065	1	7	407	6	21	12	73	0
4.067	1	7	407	8	21	12	73	0
4.069	1	7	407	10	21	12	73	0
4.071	1	7	408	2	21	12	73	0
4.073	1	7	408	4	21	12	73	0
4.075	1	7	408	6	21	12	73	0
4.077	1	7	408	8	21	12	73	0
4.079	1	7	408	10	21	12	73	0
4.08	1	7	409	1	21	12	73	0
4.082	1	7	409	3	21	12	73	0
4.084	1	7	409	5	21	12	73	0
4.086	1	7	409	7	21	12	73	0
4.088	1	7	409	9	21	12	73	0
4.09	1	7	410	1	21	12	73	0
4.092	1	7	410	3	21	12	73	0
4.094	1	7	410	5	21	12	73	0
4.095	1	7	410	6	21	12	73	0
4.097	1	7	410	8	21	12	73	0
4.099	1	7	410	10	21	12	73	0
4.101	1	7	411	2	21	12	73	0
4.103	1	7	411	4	21	12	73	0
4.105	1	7	411	6	21	12	73	0
4.107	1	7	411	8	21	12	73	0
4.109	1	7	411	10	21	12	73	0
4.11	1	7	412	1	21	12	73	0
4.112	1	7	412	3	21	12	73	0
4.114	1	7	412	5	21	12	73	0
4.116	1	7	412	7	21	12	73	0
4.118	1	7	412	9	21	12	73	0
4.12	1	7	413	1	21	12	73	0
4.122	1	7	413	3	21	12	73	0
4.124	1	7	413	5	21	12	73	0
4.125	1	7	413	6	21	12	73	0
4.127	1	7	413	8	21	12	73	0
4.129	1	7	413	10	21	12	73	0
4.131	1	7	414	2	21	12	73	0
4.133	1	7	414	4	21	12	73	0
4.135	1	7	414	6	21	12	73	0
4.137	1	7	414	8	21	12	73	0
4.139	1	7	414	10	21	12	73	0
4.14	1	7	415	1	21	12	73	0
4.142	1	7	415	3	21	12	73	0
4.144	1	7	415	5	21	12	73	0
4.146	1	7	415	7	21	12	73	0
4.148	1	7	415	9	21	12	73	0
4.15	1	7	416	1	21	12	73	0
4.152	1	7	416	3	21	12	73	0
4.154	1	7	416	5	21	12	73	0
4.155	1	7	416	6	21	12	73	0
4.157	1	7	416	8	21	12	73	0
4.159	1	7	416	10	21	12	73	0
4.161	1	7	417	2	21	12	73	0
4.163	1	7	417	4	21	12	73	0
4.165	1	7	417	6	21	12	73	0
4.167	1	7	417	8	21	12	73	0
4.169	1	7	417	10	21	12	73	0
4.17	1	7	418	1	21	12	73	0
4.172	1	7	418	3	21	12	73	0
4.174	1	7	418	5	21	12	73	0
4.176	1	7	418	7	21	12	73	0
4.178	1	7	418	9	21	12	73	0
4.18	1	7	419	1	21	12	73	0
4.182	1	7	419	3	21	12	73	0
4.184	1	7	419	5	21	12	73	0
4.185	1	7	419	6	21	12	73	0
4.187	1	7	419	8	21	12	73	0
4.189	1	7	419	10	21	12	73	0
4.191	1	7	420	2	21	12	73	0
4.193	1	7	420	4	21	12	73	0
4.195	1	7	420	6	21	12	73	0
4.197	1	7	420	8	21	12	73	0
4.199	1	7	420	10	21	12	73	0
4.2	1	7	421	1	21	12	73	0
4.202	1	7	421	3	21	12	73	0
4.204	1	7	421	5	21	12	73	0
4.206	1	7	421	7	21	12	73	0
4.208	1	7	421	9	21	12	73	0
4.21	1	7	422	1	21	12	73	0
4.212	1	7	422	3	21	12	73	0
4.214	1	7	422	5	21	12	73	0
4.215	1	7	422	6	21	12	73	0
4.217	1	7	422	8	21	12	73	0
4.219	1	7	422	10	21	12	73	0
4.221	1	7	423	2	21	12	73	0
4.223	1	7	423	4	21	12	73	0
4.225	1	7	423	6	21	12	73	0
4.227	1	7	423	8	21	12	73	0
4.229	1	7	423	10	21	12	73	0
4.23	1	7	424	1	21	12	73	0
4.232	1	7	424	3	21	12	73	0
4.234	1	7	424	5	21	12	73	0
4.236	1	7	424	7	21	12	73	0
4.238	1	7	424	9	21	12	73	0
4.24	1	7	425	1	21	12	73	0
4.242	1	7	425	3	21	12	73	0
4.244	1	7	425	5	21	12	73	0
4.245	1	7	425	6	21	12	73	0
4.247	1	7	425	8	21	12	73	0
4.249	1	7	425	10	21	12	73	0
4.251	1	7	426	2	21	12	73	0
4.253	1	7	426	4	21	12	73	0
4.255	1	7	426	6	21	12	73	0
4.257	1	7	426	8	21	12	73	0
4.259	1	7	426	10	21	12	73	0
4.26	1	7	427	1	21	12	73	0
4.262	1	7	427	3	21	12	73	0
4.264	1	7	427	5	21	12	73	0
4.266	1	7	427	7	21	12	73	0
4.268	1	7	427	9	21	12	73	0
4.27	1	7	428	1	21	12	73	0
4.272	1	7	428	3	21	12	73	0
4.274	1	7	428	5	21	12	73	0
4.275	1	7	428	6	21	12	73	0
4.277	1	7	428	8	21	12	73	0
4.279	1	7	428	10	21	12	73	0
4.281	1	7	429	2	21	12	73	0
4.283	1	7	429	4	21	12	73	0
4.285	1	7	429	6	21	12	73	0
4.287	1	7	429	8	21	12	73	0
4.289	1	7	429	10	21	12	73	0
4.29	1	7	430	1	21	12	73	0
4.292	1	7	430	3	21	12	73	0
4.294	1	7	430	5	21	12	73	0
4.296	1	7	430	7	21	12	73	0
4.298	1	7	430	9	21	12	73	0
4.3	1	7	431	1	21	12	73	0
4.302	1	7	431	3	21	12	73	0
4.304	1	7	431	5	21	12	73	0
4.305	1	7	431	6	21	12	73	0
4.307	1	7	431	8	21	12	73	0
4.309	1	7	431	10	21	12	73	0
4.311	1	7	432	2	21	12	73	0
4.313	1	7	432	4	21	12	73	0
4.315	1	7	432	6	21	12	73	0
4.317	1	7	432	8	21	12	73	0
4.319	1	7	432	10	21	12	73	0
4.32	1	7	433	1	21	12	73	0
4.322	1	7	433	3	21	12	73	0
4.324	1	7	433	5	21	12	73	0
4.326	1	7	433	7	21	12	73	0
4.328	1	7	433	9	21	12	73	0
4.33	1	7	434	1	21	12	73	0
4.332	1	7	434	3	21	12	73	0
4.334	1	7	434	5	21	12	73	0
4.335	1	7	434	6	21	12	73	0
4.337	1	7	434	8	21	12	73	0
4.339	1	7	434	10	21	12	73	0
4.341	1	7	435	2	21	12	73	0
4.343	1	7	435	4	21	12	73	0
4.345	1	7	435	6	21	12	73	0
4.347	1	7	435	8	21	12	73	0
4.349	1	7	435	10	21	12	73	0
4.35	1	7	436	1	21	12	73	0
4.352	1	7	436	3	21	12	73	0
4.354	1	7	436	5	21	12	73	0
4.356	1	7	436	7	21	12	73	0
4.358	1	7	436	9	21	12	73	0
4.36	1	7	437	1	21	12	73	0
4.362	1	7	437	3	21	12	73	0
4.364	1	7	437	5	21	12	73	0
4.365	1	7	437	6	21	12	73	0
4.367	1	7	437	8	21	12	73	0
4.369	1	7	437	10	21	12	73	0
4.371	1	7	438	2	21	12	73	0
4.373	1	7	438	4	21	12	73	0
4.375	1	7	438	6	21	12	73	0
4.377	1	7	438	8	21	12	73	0
4.379	1	7	438	10	21	12	73	0
4.38	1	7	439	1	21	12	73	0
4.382	1	7	439	3	21	12	73	0
4.384	1	7	439	5	21	12	73	0
4.386	1	7	439	7	21	12	73	0
4.388	1	7	439	9	21	12	73	0
4.39	1	7	440	1	21	12	73	0
4.392	1	7	440	3	21	12	73	0
4.394	1	7	440	5	21	12	73	0
4.395	1	7	440	6	21	12	73	0
4.397	1	7	440	8	21	12	73	0
4.399	1	7	440	10	21	12	73	0
4.401	1	7	441	2	21	12	73	0
4.403	1	7	441	4	21	12	73	0
4.405	1	7	441	6	21	12	73	0
4.407	1	7	441	8	21	12	73	0
4.409	1	7	441	10	21	12	73	0
4.41	1	7	442	1	21	12	73	0
4.412	1	7	442	3	21	12	73	0
4.414	1	7	442	5	21	12	73	0
4.416	1	7	442	7	21	12	73	0
4.418	1	7	442	9	21	12	73	0
4.42	1	7	443	1	21	12	73	0
4.422	1	7	443	3	21	12	73	0
4.424	1	7	443	5	21	12	73	0
4.425	1	7	443	6	21	12	73	0
4.427	1	7	443	8	21	12	73	0
4.429	1	7	443	10	21	12	73	0
4.431	1	7	444	2	21	12	73	0
4.433	1	7	444	4	21	12	73	0
4.435	1	7	444	6	21	12	73	0
4.437	1	7	444	8	21	12	73	0
4.439	1	7	444	10	21	12	73	0
4.44	1	7	445	1	21	12	73	0
4.442	1	7	445	3	21	12	73	0
4.444	1	7	445	5	21	12	73	0
4.446	1	7	445	7	21	12	73	0
4.448	1	7	445	9	21	12	73	0
4.45	1	7	446	1	21	12	73	0
4.452	1	7	446	3	21	12	73	0
4.454	1	7	446	5	21	12	73	0
4.455	1	7	446	6	21	12	73	0
4.457	1	7	446	8	21	12	73	0
4.459	1	7	446	10	21	12	73	0
4.461	1	7	447	2	21	12	73	0
4.463	1	7	447	4	21	12	73	0
4.465	1	7	447	6	21	12	73	0
4.467	1	7	447	8	21	12	73	0
4.469	1	7	447	10	21	12	73	0
4.47	1	7	448	1	21	12	73	0
4.472	1	7	448	3	21	12	73	0
4.474	1	7	448	5	21	12	73	0
4.476	1	7	448	7	21	12	73	0
4.478	1	7	448	9	21	12	73	0
4.48	1	7	449	1	21	12	73	0
4.482	1	7	449	3	21	12	73	0
4.484	1	7	449	5	21	12	73	0
4.485	1	7	449	6	21	12	73	0
4.487	1	7	449	8	21	12	73	0
4.489	1	7	449	10	21	12	73	0
4.491	1	7	450	2	21	12	73	0
4.493	1	7	450	4	21	12	73	0
4.495	1	7	450	6	21	12	73	0
4.497	1	7	450	8	21	12	73	0
4.499	1	7	450	10	21	12	73	0
4.5	1	7	451	1	21	12	73	0
4.502	1	7	451	3	21	12	73	0
4.504	1	7	451	5	21	12	73	0
4.506	1	7	451	7	21	12	73	0
4.508	1	7	451	9	21	12	73	0
4.51	1	7	452	1	21	12	73	0
4.512	1	7	452	3	21	12	73	0
4.514	1	7	452	5	21	12	73	0
4.515	1	7	452	6	21	12	73	0
4.517	1	7	452	8	21	12	73	0
4.519	1	7	452	10	21	12	73	0
4.521	1	7	453	2	21	12	73	0
4.523	1	7	453	4	21	12	73	0
4.525	1	7	453	6	21	12	73	0
4.527	1	7	453	8	21	12	73	0
4.529	1	7	453	10	21	12	73	0
4.53	1	7	454	1	21	12	73	0
4.532	1	7	454	3	21	12	73	0
4.534	1	7	454	5	21	12	73	0
4.536	1	7	454	7	21	12	73	0
4.538	1	7	454	9	21	12	73	0
4.54	1	7	455	1	21	12	73	0
4.542	1	7	455	3	21	12	73	0
4.544	1	7	455	5	21	12	73	0
4.545	1	7	455	6	21	12	73	0
4.547	1	7	455	8	21	12	73	0
4.549	1	7	455	10	21	12	73	0
4.551	1	7	456	2	21	12	73	0
4.553	1	7	456	4	21	12	73	0
4.555	1	7	456	6	21	12	73	0
4.557	1	7	456	8	21	12	73	0
4.559	1	7	456	10	21	12	73	0
4.56	1	7	457	1	21	12	73	0
4.562	1	7	457	3	21	12	73	0
4.564	1	7	457	5	21	12	73	0
4.566	1	7	457	7	21	12	73	0
4.568	1	7	457	9	21	12	73	0
4.57	1	7	458	1	21	12	73	0
4.572	1	7	458	3	21	12	73	0
4.574	1	7	458	5	21	12	73	0
4.575	1	7	458	6	21	12	73	0
4.577	1	7	458	8	21	12	73	0
4.579	1	7	458	10	21	12	73	0
4.581	1	7	459	2	21	12	73	0
4.583	1	7	459	4	21	12	73	0
4.585	1	7	459	6	21	12	73	0
4.587	1	7	459	8	21	12	73	0
4.589	1	7	459	10	21	12	73	0
4.59	1	7	460	1	21	12	73	0
4.592	1	7	460	3	21	12	73	0
4.594	1	7	460	5	21	12	73	0
4.596	1	7	460	7	21	12	73	0
4.598	1	7	460	9	21	12	73	0
4.6	1	7	461	1	21	12	73	0
4.602	1	7	461	3	21	12	73	0
4.604	1	7	461	5	21	12	73	0
4.605	1	7	461	6	21	12	73	0
4.607	1	7	461	8	21	12	73	0
4.609	1	7	461	10	21	12	73	0
4.611	1	7	462	2	21	12	73	0
4.613	1	7	462	4	21	12	73	0
4.615	1	7	462	6	21	12	73	0
4.617	1	7	462	8	21	12	73	0
4.619	1	7	462	10	21	12	73	0
4.62	1	7	463	1	21	12	73	0
4.622	1	7	463	3	21	12	73	0
4.624	1	7	463	5	21	12	73	0
4.626	1	7	463	7	21	12	73	0
4.628	1	7	463	9	21	12	73	0
4.63	1	7	464	1	21	12	73	0
4.632	1	7	464	3	21	12	73	0
4.634	1	7	464	5	21	12	73	0
4.635	1	7	464	6	21	12	73	0
4.637	1	7	464	8	21	12	73	0
4.639	1	7	464	10	21	12	73	0
4.641	1	7	465	2	21	12	73	0
4.643	1	7	465	4	21	12	73	0
4.645	1	7	465	6	21	12	73	0
4.647	1	7	465	8	21	12	73	0
4.649	1	7	465	10	21	12	73	0
4.65	1	7	466	1	21	12	73	0
4.652	1	7	466	3	21	12	73	0
4.654	1	7	466	5	21	12	73	0
4.656	1	7	466	7	21	12	73	0
4.658	1	7	466	9	21	12	73	0
4.66	1	7	467	1	21	12	73	0
4.662	1	7	467	3	21	12	73	0
4.664	1	7	467	5	21	12	73	0
4.665	1	7	467	6	21	12	73	0
4.667	1	7	467	8	21	12	73	0
4.669	1	7	467	10	21	12	73	0
4.671	1	7	468	2	21	12	73	0
4.673	1	7	468	4	21	12	73	0
4.675	1	7	468	6	21	12	73	0
4.677	1	7	468	8	21	12	73	0
4.679	1	7	468	10	21	12	73	0
4.68	1	7	469	1	21	12	73	0
4.682	1	7	469	3	21	12	73	0
4.684	1	7	469	5	21	12	73	0
4.686	1	7	469	7	21	12	73	0
4.688	1	7	469	9	21	12	73	0
4.69	1	7	470	1	21	12	73	0
4.692	1	7	470	3	21	12	73	0
4.694	1	7	470	5	21	12	73	0
4.695	1	7	470	6	21	12	73	0
4.697	1	7	470	8	21	12	73	0
4.699	1	7	470	10	21	12	73	0
4.701	1	7	471	2	21	12	73	0
4.703	1	7	471	4	21	12	73	0
4.705	1	7	471	6	21	12	73	0
4.707	1	7	471	8	21	12	73	0
4.709	1	7	471	10	21	12	73	0
4.71	1	7	472	1	21	12	73	0
4.712	1	7	472	3	21	12	73	0
4.714	1	7	472	5	21	12	73	0
4.716	1	7	472	7	21	12	73	0
4.718	1	7	472	9	21	12	73	0
4.72	1	7	473	1	21	12	73	0
4.722	1	7	473	3	21	12	73	0
4.724	1	7	473	5	21	12	73	0
4.725	1	7	473	6	21	12	73	0
4.727	1	7	473	8	21	12	73	0
4.729	1	7	473	10	21	12	73	0
4.731	1	7	474	2	21	12	73	0
4.733	1	7	474	4	21	12	73	0
4.735	1	7	474	6	21	12	73	0
4.737	1	7	474	8	21	12	73	0
4.739	1	7	474	10	21	12	73	0
4.74	1	7	475	1	21	12	73	0
4.742	1	7	475	3	21	12	73	0
4.744	1	7	475	5	21	12	73	0
4.746	1	7	475	7	21	12	73	0
4.748	1	7	475	9	21	12	73	0
4.75	1	7	476	1	21	12	73	0
4.752	1	7	476	3	21	12	73	0
4.754	1	7	476	5	21	12	73	0
4.755	1	7	476	6	21	12	73	0
4.757	1	7	476	8	21	12	73	0
4.759	1	7	476	10	21	12	73	0
4.761	1	7	477	2	21	12	73	0
4.763	1	7	477	4	21	12	73	0
4.765	1	7	477	6	21	12	73	0
4.767	1	7	477	8	21	12	73	0
4.769	1	7	477	10	21	12	73	0
4.77	1	7	478	1	21	12	73	0
4.772	1	7	478	3	21	12	73	0
4.774	1	7	478	5	21	12	73	0
4.776	1	7	478	7	21	12	73	0
4.778	1	7	478	9	21	12	73	0
4.78	1	7	479	1	21	12	73	0
4.782	1	7	479	3	21	12	73	0
4.784	1	7	479	5	21	12	73	0
4.785	1	7	479	6	21	12	73	0
4.787	1	7	479	8	21	12	73	0
4.789	1	7	479	10	21	12	73	0
4.791	1	7	480	2	21	12	73	0
4.793	1	7	480	4	21	12	73	0
4.795	1	7	480	6	21	12	73	0
4.797	1	7	480	8	21	12	73	0
4.799	1	7	480	10	21	12	73	0
4.8	1	7	481	1	21	12	73	0
4.802	1	7	481	3	21	12	73	0
4.804	1	7	481	5	21	12	73	0
4.806	1	7	481	7	21	12	73	0
4.808	1	7	481	9	21	12	73	0
4.81	1	7	482	1	21	12	73	0
4.812	1	7	482	3	21	12	73	0
4.814	1	7	482	5	21	12	73	0
4.815	1	7	482	6	21	12	73	0
4.817	1	7	482	8	21	12	73	0
4.819	1	7	482	10	21	12	73	0
4.821	1	7	483	2	21	12	73	0
4.823	1	7	483	4	21	12	73	0
4.825	1	7	483	6	21	12	73	0
4.827	1	7	483	8	21	12	73	0
4.829	1	7	483	10	21	12	73	0
4.83	1	7	484	1	21	12	73	0
4.832	1	7	484	3	21	12	73	0
4.834	1	7	484	5	21	12	73	0
4.836	1	7	484	7	21	12	73	0
4.838	1	7	484	9	21	12	73	0
4.84	1	7	485	1	21	12	73	0
4.842	1	7	485	3	21	12	73	0
4.844	1	7	485	5	21	12	73	0
4.845	1	7	485	6	21	12	73	0
4.847	1	7	485	8	21	12	73	0
4.849	1	7	485	10	21	12	73	0
4.851	1	7	486	2	21	12	73	0
4.853	1	7	486	4	21	12	73	0
4.855	1	7	486	6	21	12	73	0
4.857	1	7	486	8	21	12	73	0
4.859	1	7	486	10	21	12	73	0
4.86	1	7	487	1	21	12	73	0
4.862	1	7	487	3	21	12	73	0
4.864	1	7	487	5	21	12	73	0
4.866	1	7	487	7	21	12	73	0
4.868	1	7	487	9	21	12	73	0
4.87	1	7	488	1	21	12	73	0
4.872	1	7	488	3	21	12	73	0
4.874	1	7	488	5	21	12	73	0
4.875	1	7	488	6	21	12	73	0
4.877	1	7	488	8	21	12	73	0
4.879	1	7	488	10	21	12	73	0
4.881	1	7	489	2	21	12	73	0
4.883	1	7	489	4	21	12	73	0
4.885	1	7	489	6	21	12	73	0
4.887	1	7	489	8	21	12	73	0
4.889	1	7	489	10	21	12	73	0
4.89	1	7	490	1	21	12	73	0
4.892	1	7	490	3	21	12	73	0
4.894	1	7	490	5	21	12	73	0
4.896	1	7	490	7	21	12	73	0
4.898	1	7	490	9	21	12	73	0
4.9	1	7	491	1	21	12	73	0
4.902	1	7	491	3	21	12	73	0
4.904	1	7	491	5	21	12	73	0
4.905	1	7	491	6	21	12	73	0
4.907	1	7	491	8	21	12	73	0
4.909	1	7	491	10	21	12	73	0
4.911	1	7	492	2	21	12	73	0
4.913	1	7	492	4	21	12	73	0
4.915	1	7	492	6	21	12	73	0
4.917	1	7	492	8	21	12	73	0
4.919	1	7	492	10	21	12	73	0
4.92	1	7	493	1	21	12	73	0
4.922	1	7	493	3	21	12	73	0
4.924	1	7	493	5	21	12	73	0
4.926	1	7	493	7	21	12	73	0
4.928	1	7	493	9	21	12	73	0
4.93	1	7	494	1	21	12	73	0
4.932	1	7	494	3	21	12	73	0
4.934	1	7	494	5	21	12	73	0
4.935	1	7	494	6	21	12	73	0
4.937	1	7	494	8	21	12	73	0
4.939	1	7	494	10	21	12	73	0
4.941	1	7	495	2	21	12	73	0
4.943	1	7	495	4	21	12	73	0
4.945	1	7	495	6	21	12	73	0
4.947	1	7	495	8	21	12	73	0
4.949	1	7	495	10	21	12	73	0
4.95	1	7	496	1	21	12	73	0
4.952	1	7	496	3	21	12	73	0
4.954	1	7	496	5	21	12	73	0
4.956	1	7	496	7	21	12	73	0
4.958	1	7	496	9	21	12	73	0
4.96	1	7	497	1	21	12	73	0
4.962	1	7	497	3	21	12	73	0
4.964	1	7	497	5	21	12	73	0
4.965	1	7	497	6	21	12	73	0
4.967	1	7	497	8	21	12	73	0
4.969	1	7	497	10	21	12	73	0
4.971	1	7	498	2	21	12	73	0
4.973	1	7	498	4	21	12	73	0
4.975	1	7	498	6	21	12	73	0
4.977	1	7	498	8	21	12	73	0
4.979	1	7	498	10	21	12	73	0
4.98	1	7	499	1	21	12	73	0
4.982	1	7	499	3	21	12	73	0
4.984	1	7	499	5	21	12	73	0
4.986	1	7	499	7	21	12	73	0
4.988	1	7	499	9	21	12	73	0
4.99	1	7	500	1	21	12	73	0
4.992	1	7	500	3	21	12	73	0
4.994	1	7	500	5	21	12	73	0
4.995	1	7	500	6	21	12	73	0
4.997	1	7	500	8	21	12	73	0
4.999	1	7	500	10	21	12	73	0
