% time	cellId	IMSI	frame	sframe	RNTI	mcs	size	ccId
0.026	1	4	3	7	3	0	19	0
0.027	1	4	3	8	3	0	19	0
0.028	1	4	3	9	3	0	19	0
0.03	1	4	4	1	3	0	19	0
0.031	1	4	4	2	3	0	7	0
0.032	1	4	4	3	3	0	7	0
0.033	1	4	4	4	3	0	7	0
0.034	1	4	4	5	3	0	7	0
0.036	1	4	4	7	3	0	7	0
0.037	1	4	4	8	3	0	7	0
0.038	1	4	4	9	3	0	7	0
0.04	1	4	5	1	3	0	7	0
0.041	1	4	5	2	3	0	7	0
0.043	1	4	5	4	3	14	93	0
0.044	1	4	5	5	3	14	93	0
0.046	1	4	5	7	3	14	93	0
0.048	1	4	5	9	3	14	93	0
0.05	1	4	6	1	3	14	93	0
0.052	1	4	6	3	3	14	93	0
0.054	1	4	6	5	3	14	93	0
0.056	1	4	6	7	3	14	93	0
0.058	1	4	6	9	3	14	93	0
0.059	1	4	6	10	3	14	93	0
0.061	1	4	7	2	3	14	93	0
0.063	1	4	7	4	3	14	93	0
0.065	1	4	7	6	3	14	93	0
0.067	1	4	7	8	3	14	93	0
0.069	1	4	7	10	3	14	93	0
0.071	1	4	8	2	3	14	93	0
0.073	1	4	8	4	3	14	93	0
0.074	1	4	8	5	3	14	93	0
0.076	1	4	8	7	3	14	93	0
0.078	1	4	8	9	3	14	93	0
0.08	1	4	9	1	3	14	93	0
0.082	1	4	9	3	3	14	93	0
0.084	1	4	9	5	3	14	93	0
0.086	1	4	9	7	3	14	93	0
0.088	1	4	9	9	3	14	93	0
0.089	1	4	9	10	3	14	93	0
0.091	1	4	10	2	3	14	93	0
0.093	1	4	10	4	3	14	93	0
0.095	1	4	10	6	3	14	93	0
0.097	1	4	10	8	3	14	93	0
0.099	1	4	10	10	3	14	93	0
0.101	1	4	11	2	3	14	93	0
0.103	1	4	11	4	3	14	93	0
0.104	1	4	11	5	3	14	93	0
0.106	1	4	11	7	3	14	93	0
0.108	1	4	11	9	3	14	93	0
0.11	1	4	12	1	3	14	93	0
0.112	1	4	12	3	3	14	93	0
0.114	1	4	12	5	3	14	93	0
0.116	1	4	12	7	3	14	93	0
0.118	1	4	12	9	3	14	93	0
0.119	1	4	12	10	3	14	93	0
0.121	1	4	13	2	3	14	93	0
0.123	1	4	13	4	3	14	93	0
0.125	1	4	13	6	3	14	93	0
0.127	1	4	13	8	3	14	93	0
0.129	1	4	13	10	3	14	93	0
0.131	1	4	14	2	3	14	93	0
0.133	1	4	14	4	3	14	93	0
0.134	1	4	14	5	3	14	93	0
0.136	1	4	14	7	3	14	93	0
0.138	1	4	14	9	3	14	93	0
0.14	1	4	15	1	3	14	93	0
0.142	1	4	15	3	3	14	93	0
0.144	1	4	15	5	3	14	93	0
0.146	1	4	15	7	3	14	93	0
0.148	1	4	15	9	3	14	93	0
0.149	1	4	15	10	3	14	93	0
0.151	1	4	16	2	3	14	93	0
0.153	1	4	16	4	3	14	93	0
0.155	1	4	16	6	3	14	93	0
0.157	1	4	16	8	3	14	93	0
0.159	1	4	16	10	3	14	93	0
0.161	1	4	17	2	3	14	93	0
0.163	1	4	17	4	3	14	93	0
0.164	1	4	17	5	3	14	93	0
0.166	1	4	17	7	3	14	93	0
0.168	1	4	17	9	3	14	93	0
0.17	1	4	18	1	3	14	93	0
0.172	1	4	18	3	3	14	93	0
0.174	1	4	18	5	3	14	93	0
0.176	1	4	18	7	3	14	93	0
0.178	1	4	18	9	3	14	93	0
0.179	1	4	18	10	3	14	93	0
0.181	1	4	19	2	3	14	93	0
0.183	1	4	19	4	3	14	93	0
0.185	1	4	19	6	3	14	93	0
0.187	1	4	19	8	3	14	93	0
0.189	1	4	19	10	3	14	93	0
0.191	1	4	20	2	3	14	93	0
0.193	1	4	20	4	3	14	93	0
0.194	1	4	20	5	3	14	93	0
0.196	1	4	20	7	3	14	93	0
0.198	1	4	20	9	3	14	93	0
0.2	1	4	21	1	3	14	93	0
0.202	1	4	21	3	3	14	93	0
0.204	1	4	21	5	3	14	93	0
0.206	1	4	21	7	3	14	93	0
0.208	1	4	21	9	3	14	93	0
0.209	1	4	21	10	3	14	93	0
0.211	1	4	22	2	3	14	93	0
0.213	1	4	22	4	3	14	93	0
0.215	1	4	22	6	3	14	93	0
0.217	1	4	22	8	3	14	93	0
0.219	1	4	22	10	3	14	93	0
0.221	1	4	23	2	3	14	93	0
0.223	1	4	23	4	3	14	93	0
0.224	1	4	23	5	3	14	93	0
0.226	1	4	23	7	3	14	93	0
0.228	1	4	23	9	3	14	93	0
0.23	1	4	24	1	3	14	93	0
0.232	1	4	24	3	3	14	93	0
0.234	1	4	24	5	3	14	93	0
0.236	1	4	24	7	3	14	93	0
0.238	1	4	24	9	3	14	93	0
0.239	1	4	24	10	3	14	93	0
0.241	1	4	25	2	3	14	93	0
0.243	1	4	25	4	3	14	93	0
0.245	1	4	25	6	3	14	93	0
0.247	1	4	25	8	3	14	93	0
0.249	1	4	25	10	3	14	93	0
0.251	1	4	26	2	3	14	93	0
0.253	1	4	26	4	3	14	93	0
0.254	1	4	26	5	3	14	93	0
0.256	1	4	26	7	3	14	93	0
0.258	1	4	26	9	3	14	93	0
0.26	1	4	27	1	3	14	93	0
0.262	1	4	27	3	3	14	93	0
0.264	1	4	27	5	3	14	93	0
0.266	1	4	27	7	3	14	93	0
0.268	1	4	27	9	3	14	93	0
0.269	1	4	27	10	3	14	93	0
0.271	1	4	28	2	3	14	93	0
0.273	1	4	28	4	3	14	93	0
0.275	1	4	28	6	3	14	93	0
0.277	1	4	28	8	3	14	93	0
0.279	1	4	28	10	3	14	93	0
0.281	1	4	29	2	3	14	93	0
0.283	1	4	29	4	3	14	93	0
0.284	1	4	29	5	3	14	93	0
0.286	1	4	29	7	3	14	93	0
0.288	1	4	29	9	3	14	93	0
0.29	1	4	30	1	3	14	93	0
0.292	1	4	30	3	3	14	93	0
0.294	1	4	30	5	3	14	93	0
0.296	1	4	30	7	3	14	93	0
0.298	1	4	30	9	3	14	93	0
0.299	1	4	30	10	3	14	93	0
0.301	1	4	31	2	3	14	93	0
0.303	1	4	31	4	3	14	93	0
0.305	1	4	31	6	3	14	93	0
0.307	1	4	31	8	3	14	93	0
0.309	1	4	31	10	3	14	93	0
0.311	1	4	32	2	3	14	93	0
0.313	1	4	32	4	3	14	93	0
0.314	1	4	32	5	3	14	93	0
0.316	1	4	32	7	3	14	93	0
0.318	1	4	32	9	3	14	93	0
0.32	1	4	33	1	3	14	93	0
0.322	1	4	33	3	3	14	93	0
0.324	1	4	33	5	3	14	93	0
0.326	1	4	33	7	3	14	93	0
0.328	1	4	33	9	3	14	93	0
0.329	1	4	33	10	3	14	93	0
0.331	1	4	34	2	3	14	93	0
0.333	1	4	34	4	3	14	93	0
0.335	1	4	34	6	3	14	93	0
0.337	1	4	34	8	3	14	93	0
0.339	1	4	34	10	3	14	93	0
0.341	1	4	35	2	3	14	93	0
0.343	1	4	35	4	3	14	93	0
0.344	1	4	35	5	3	14	93	0
0.346	1	4	35	7	3	14	93	0
0.348	1	4	35	9	3	14	93	0
0.35	1	4	36	1	3	14	93	0
0.352	1	4	36	3	3	14	93	0
0.354	1	4	36	5	3	14	93	0
0.356	1	4	36	7	3	14	93	0
0.358	1	4	36	9	3	14	93	0
0.359	1	4	36	10	3	14	93	0
0.361	1	4	37	2	3	14	93	0
0.363	1	4	37	4	3	14	93	0
0.365	1	4	37	6	3	14	93	0
0.367	1	4	37	8	3	14	93	0
0.369	1	4	37	10	3	14	93	0
0.371	1	4	38	2	3	14	93	0
0.373	1	4	38	4	3	14	93	0
0.374	1	4	38	5	3	14	93	0
0.376	1	4	38	7	3	14	93	0
0.378	1	4	38	9	3	14	93	0
0.38	1	4	39	1	3	14	93	0
0.382	1	4	39	3	3	14	93	0
0.384	1	4	39	5	3	14	93	0
0.386	1	4	39	7	3	14	93	0
0.388	1	4	39	9	3	14	93	0
0.389	1	4	39	10	3	14	93	0
0.391	1	4	40	2	3	14	93	0
0.393	1	4	40	4	3	14	93	0
0.395	1	4	40	6	3	14	93	0
0.397	1	4	40	8	3	14	93	0
0.399	1	4	40	10	3	14	93	0
0.401	1	4	41	2	3	14	93	0
0.403	1	4	41	4	3	14	93	0
0.404	1	4	41	5	3	14	93	0
0.406	1	4	41	7	3	14	93	0
0.408	1	4	41	9	3	14	93	0
0.41	1	4	42	1	3	14	93	0
0.412	1	4	42	3	3	14	93	0
0.414	1	4	42	5	3	14	93	0
0.416	1	4	42	7	3	14	93	0
0.418	1	4	42	9	3	14	93	0
0.419	1	4	42	10	3	14	93	0
0.421	1	4	43	2	3	14	93	0
0.423	1	4	43	4	3	14	93	0
0.425	1	4	43	6	3	14	93	0
0.427	1	4	43	8	3	14	93	0
0.429	1	4	43	10	3	14	93	0
0.431	1	4	44	2	3	14	93	0
0.433	1	4	44	4	3	14	93	0
0.434	1	4	44	5	3	14	93	0
0.436	1	4	44	7	3	14	93	0
0.438	1	4	44	9	3	14	93	0
0.44	1	4	45	1	3	14	93	0
0.442	1	4	45	3	3	14	93	0
0.444	1	4	45	5	3	14	93	0
0.446	1	4	45	7	3	14	93	0
0.448	1	4	45	9	3	14	93	0
0.449	1	4	45	10	3	14	93	0
0.451	1	4	46	2	3	14	93	0
0.453	1	4	46	4	3	14	93	0
0.455	1	4	46	6	3	14	93	0
0.457	1	4	46	8	3	14	93	0
0.459	1	4	46	10	3	14	93	0
0.461	1	4	47	2	3	14	93	0
0.463	1	4	47	4	3	14	93	0
0.464	1	4	47	5	3	14	93	0
0.466	1	4	47	7	3	14	93	0
0.468	1	4	47	9	3	14	93	0
0.47	1	4	48	1	3	14	93	0
0.472	1	4	48	3	3	14	93	0
0.474	1	4	48	5	3	14	93	0
0.476	1	4	48	7	3	14	93	0
0.478	1	4	48	9	3	14	93	0
0.479	1	4	48	10	3	14	93	0
0.481	1	4	49	2	3	14	93	0
0.483	1	4	49	4	3	14	93	0
0.485	1	4	49	6	3	14	93	0
0.487	1	4	49	8	3	14	93	0
0.489	1	4	49	10	3	14	93	0
0.491	1	4	50	2	3	14	93	0
0.493	1	4	50	4	3	14	93	0
0.494	1	4	50	5	3	14	93	0
0.496	1	4	50	7	3	14	93	0
0.498	1	4	50	9	3	14	93	0
0.5	1	4	51	1	3	14	93	0
0.502	1	4	51	3	3	14	93	0
0.504	1	4	51	5	3	14	93	0
0.506	1	4	51	7	3	14	93	0
0.508	1	4	51	9	3	14	93	0
0.509	1	4	51	10	3	14	93	0
0.511	1	4	52	2	3	14	93	0
0.513	1	4	52	4	3	14	93	0
0.515	1	4	52	6	3	14	93	0
0.517	1	4	52	8	3	14	93	0
0.519	1	4	52	10	3	14	93	0
0.521	1	4	53	2	3	14	93	0
0.523	1	4	53	4	3	14	93	0
0.524	1	4	53	5	3	14	93	0
0.526	1	4	53	7	3	14	93	0
0.528	1	4	53	9	3	14	93	0
0.53	1	4	54	1	3	14	93	0
0.532	1	4	54	3	3	14	93	0
0.534	1	4	54	5	3	14	93	0
0.536	1	4	54	7	3	14	93	0
0.538	1	4	54	9	3	14	93	0
0.539	1	4	54	10	3	14	93	0
0.541	1	4	55	2	3	14	93	0
0.543	1	4	55	4	3	14	93	0
0.545	1	4	55	6	3	14	93	0
0.547	1	4	55	8	3	14	93	0
0.549	1	4	55	10	3	14	93	0
0.551	1	4	56	2	3	14	93	0
0.553	1	4	56	4	3	14	93	0
0.554	1	4	56	5	3	14	93	0
0.556	1	4	56	7	3	14	93	0
0.558	1	4	56	9	3	14	93	0
0.56	1	4	57	1	3	14	93	0
0.562	1	4	57	3	3	14	93	0
0.564	1	4	57	5	3	14	93	0
0.566	1	4	57	7	3	14	93	0
0.568	1	4	57	9	3	14	93	0
0.569	1	4	57	10	3	14	93	0
0.571	1	4	58	2	3	14	93	0
0.573	1	4	58	4	3	14	93	0
0.575	1	4	58	6	3	14	93	0
0.577	1	4	58	8	3	14	93	0
0.579	1	4	58	10	3	14	93	0
0.581	1	4	59	2	3	14	93	0
0.583	1	4	59	4	3	14	93	0
0.584	1	4	59	5	3	14	93	0
0.586	1	4	59	7	3	14	93	0
0.588	1	4	59	9	3	14	93	0
0.59	1	4	60	1	3	14	93	0
0.592	1	4	60	3	3	14	93	0
0.594	1	4	60	5	3	14	93	0
0.596	1	4	60	7	3	14	93	0
0.598	1	4	60	9	3	14	93	0
0.599	1	4	60	10	3	14	93	0
0.601	1	4	61	2	3	14	93	0
0.603	1	4	61	4	3	14	93	0
0.605	1	4	61	6	3	14	93	0
0.607	1	4	61	8	3	14	93	0
0.609	1	4	61	10	3	14	93	0
0.611	1	4	62	2	3	14	93	0
0.613	1	4	62	4	3	14	93	0
0.614	1	4	62	5	3	14	93	0
0.616	1	4	62	7	3	14	93	0
0.618	1	4	62	9	3	14	93	0
0.62	1	4	63	1	3	14	93	0
0.622	1	4	63	3	3	14	93	0
0.624	1	4	63	5	3	14	93	0
0.626	1	4	63	7	3	14	93	0
0.628	1	4	63	9	3	14	93	0
0.629	1	4	63	10	3	14	93	0
0.631	1	4	64	2	3	14	93	0
0.633	1	4	64	4	3	14	93	0
0.635	1	4	64	6	3	14	93	0
0.637	1	4	64	8	3	14	93	0
0.639	1	4	64	10	3	14	93	0
0.641	1	4	65	2	3	14	93	0
0.643	1	4	65	4	3	14	93	0
0.644	1	4	65	5	3	14	93	0
0.646	1	4	65	7	3	14	93	0
0.648	1	4	65	9	3	14	93	0
0.65	1	4	66	1	3	14	93	0
0.652	1	4	66	3	3	14	93	0
0.654	1	4	66	5	3	14	93	0
0.656	1	4	66	7	3	14	93	0
0.658	1	4	66	9	3	14	93	0
0.659	1	4	66	10	3	14	93	0
0.661	1	4	67	2	3	14	93	0
0.663	1	4	67	4	3	14	93	0
0.665	1	4	67	6	3	14	93	0
0.667	1	4	67	8	3	14	93	0
0.669	1	4	67	10	3	14	93	0
0.671	1	4	68	2	3	14	93	0
0.673	1	4	68	4	3	14	93	0
0.674	1	4	68	5	3	14	93	0
0.676	1	4	68	7	3	14	93	0
0.678	1	4	68	9	3	14	93	0
0.68	1	4	69	1	3	14	93	0
0.682	1	4	69	3	3	14	93	0
0.684	1	4	69	5	3	14	93	0
0.686	1	4	69	7	3	14	93	0
0.688	1	4	69	9	3	14	93	0
0.689	1	4	69	10	3	14	93	0
0.691	1	4	70	2	3	14	93	0
0.693	1	4	70	4	3	14	93	0
0.695	1	4	70	6	3	14	93	0
0.697	1	4	70	8	3	14	93	0
0.699	1	4	70	10	3	14	93	0
0.701	1	4	71	2	3	14	93	0
0.703	1	4	71	4	3	14	93	0
0.704	1	4	71	5	3	14	93	0
0.706	1	4	71	7	3	14	93	0
0.708	1	4	71	9	3	14	93	0
0.71	1	4	72	1	3	14	93	0
0.712	1	4	72	3	3	14	93	0
0.714	1	4	72	5	3	14	93	0
0.716	1	4	72	7	3	14	93	0
0.718	1	4	72	9	3	14	93	0
0.719	1	4	72	10	3	14	93	0
0.721	1	4	73	2	3	14	93	0
0.723	1	4	73	4	3	14	93	0
0.725	1	4	73	6	3	14	93	0
0.727	1	4	73	8	3	14	93	0
0.729	1	4	73	10	3	14	93	0
0.731	1	4	74	2	3	14	93	0
0.733	1	4	74	4	3	14	93	0
0.734	1	4	74	5	3	14	93	0
0.736	1	4	74	7	3	14	93	0
0.738	1	4	74	9	3	14	93	0
0.74	1	4	75	1	3	14	93	0
0.742	1	4	75	3	3	14	93	0
0.744	1	4	75	5	3	14	93	0
0.746	1	4	75	7	3	14	93	0
0.748	1	4	75	9	3	14	93	0
0.749	1	4	75	10	3	14	93	0
0.751	1	4	76	2	3	14	93	0
0.753	1	4	76	4	3	14	93	0
0.755	1	4	76	6	3	14	93	0
0.757	1	4	76	8	3	14	93	0
0.759	1	4	76	10	3	14	93	0
0.761	1	4	77	2	3	14	93	0
0.763	1	4	77	4	3	14	93	0
0.764	1	4	77	5	3	14	93	0
0.766	1	4	77	7	3	14	93	0
0.768	1	4	77	9	3	14	93	0
0.77	1	4	78	1	3	14	93	0
0.772	1	4	78	3	3	14	93	0
0.774	1	4	78	5	3	14	93	0
0.776	1	4	78	7	3	14	93	0
0.778	1	4	78	9	3	14	93	0
0.779	1	4	78	10	3	14	93	0
0.781	1	4	79	2	3	14	93	0
0.783	1	4	79	4	3	14	93	0
0.785	1	4	79	6	3	14	93	0
0.787	1	4	79	8	3	14	93	0
0.789	1	4	79	10	3	14	93	0
0.791	1	4	80	2	3	14	93	0
0.793	1	4	80	4	3	14	93	0
0.794	1	4	80	5	3	14	93	0
0.796	1	4	80	7	3	14	93	0
0.798	1	4	80	9	3	14	93	0
0.8	1	4	81	1	3	14	93	0
0.802	1	4	81	3	3	14	93	0
0.804	1	4	81	5	3	14	93	0
0.806	1	4	81	7	3	14	93	0
0.808	1	4	81	9	3	14	93	0
0.809	1	4	81	10	3	14	93	0
0.811	1	4	82	2	3	14	93	0
0.813	1	4	82	4	3	14	93	0
0.815	1	4	82	6	3	14	93	0
0.817	1	4	82	8	3	14	93	0
0.819	1	4	82	10	3	14	93	0
0.821	1	4	83	2	3	14	93	0
0.823	1	4	83	4	3	14	93	0
0.824	1	4	83	5	3	14	93	0
0.826	1	4	83	7	3	14	93	0
0.828	1	4	83	9	3	14	93	0
0.83	1	4	84	1	3	14	93	0
0.832	1	4	84	3	3	14	93	0
0.834	1	4	84	5	3	14	93	0
0.836	1	4	84	7	3	14	93	0
0.838	1	4	84	9	3	14	93	0
0.839	1	4	84	10	3	14	93	0
0.841	1	4	85	2	3	14	93	0
0.843	1	4	85	4	3	14	93	0
0.845	1	4	85	6	3	14	93	0
0.847	1	4	85	8	3	14	93	0
0.849	1	4	85	10	3	14	93	0
0.851	1	4	86	2	3	14	93	0
0.853	1	4	86	4	3	14	93	0
0.854	1	4	86	5	3	14	93	0
0.856	1	4	86	7	3	14	93	0
0.858	1	4	86	9	3	14	93	0
0.86	1	4	87	1	3	14	93	0
0.862	1	4	87	3	3	14	93	0
0.864	1	4	87	5	3	14	93	0
0.866	1	4	87	7	3	14	93	0
0.868	1	4	87	9	3	14	93	0
0.869	1	4	87	10	3	14	93	0
0.871	1	4	88	2	3	14	93	0
0.873	1	4	88	4	3	14	93	0
0.875	1	4	88	6	3	14	93	0
0.877	1	4	88	8	3	14	93	0
0.879	1	4	88	10	3	14	93	0
0.881	1	4	89	2	3	14	93	0
0.883	1	4	89	4	3	14	93	0
0.884	1	4	89	5	3	14	93	0
0.886	1	4	89	7	3	14	93	0
0.888	1	4	89	9	3	14	93	0
0.89	1	4	90	1	3	14	93	0
0.892	1	4	90	3	3	14	93	0
0.894	1	4	90	5	3	14	93	0
0.896	1	4	90	7	3	14	93	0
0.898	1	4	90	9	3	14	93	0
0.899	1	4	90	10	3	14	93	0
0.901	1	4	91	2	3	14	93	0
0.903	1	4	91	4	3	14	93	0
0.905	1	4	91	6	3	14	93	0
0.907	1	4	91	8	3	14	93	0
0.909	1	4	91	10	3	14	93	0
0.911	1	4	92	2	3	14	93	0
0.913	1	4	92	4	3	14	93	0
0.914	1	4	92	5	3	14	93	0
0.916	1	4	92	7	3	14	93	0
0.918	1	4	92	9	3	14	93	0
0.92	1	4	93	1	3	14	93	0
0.922	1	4	93	3	3	14	93	0
0.924	1	4	93	5	3	14	93	0
0.926	1	4	93	7	3	14	93	0
0.928	1	4	93	9	3	14	93	0
0.929	1	4	93	10	3	14	93	0
0.931	1	4	94	2	3	14	93	0
0.933	1	4	94	4	3	14	93	0
0.935	1	4	94	6	3	14	93	0
0.937	1	4	94	8	3	14	93	0
0.939	1	4	94	10	3	14	93	0
0.941	1	4	95	2	3	14	93	0
0.943	1	4	95	4	3	14	93	0
0.944	1	4	95	5	3	14	93	0
0.946	1	4	95	7	3	14	93	0
0.948	1	4	95	9	3	14	93	0
0.95	1	4	96	1	3	14	93	0
0.952	1	4	96	3	3	14	93	0
0.954	1	4	96	5	3	14	93	0
0.956	1	4	96	7	3	14	93	0
0.958	1	4	96	9	3	14	93	0
0.959	1	4	96	10	3	14	93	0
0.961	1	4	97	2	3	14	93	0
0.963	1	4	97	4	3	14	93	0
0.965	1	4	97	6	3	14	93	0
0.967	1	4	97	8	3	14	93	0
0.969	1	4	97	10	3	14	93	0
0.971	1	4	98	2	3	14	93	0
0.973	1	4	98	4	3	14	93	0
0.974	1	4	98	5	3	14	93	0
0.976	1	4	98	7	3	14	93	0
0.978	1	4	98	9	3	14	93	0
0.98	1	4	99	1	3	14	93	0
0.982	1	4	99	3	3	14	93	0
0.984	1	4	99	5	3	14	93	0
0.986	1	4	99	7	3	14	93	0
0.988	1	4	99	9	3	14	93	0
0.989	1	4	99	10	3	14	93	0
0.991	1	4	100	2	3	14	93	0
0.993	1	4	100	4	3	14	93	0
0.995	1	4	100	6	3	14	93	0
0.997	1	4	100	8	3	14	93	0
0.999	1	4	100	10	3	14	93	0
1.001	1	4	101	2	3	14	93	0
1.003	1	4	101	4	3	14	93	0
1.004	1	4	101	5	3	14	93	0
1.006	1	4	101	7	3	14	93	0
1.008	1	4	101	9	3	14	93	0
1.01	1	4	102	1	3	14	93	0
1.012	1	4	102	3	3	14	93	0
1.014	1	4	102	5	3	14	93	0
1.016	1	4	102	7	3	14	93	0
1.018	1	4	102	9	3	14	93	0
1.019	1	4	102	10	3	14	93	0
1.021	1	4	103	2	3	14	93	0
1.023	1	4	103	4	3	14	93	0
1.025	1	4	103	6	3	14	93	0
1.027	1	4	103	8	3	14	93	0
1.029	1	4	103	10	3	14	93	0
1.031	1	4	104	2	3	14	93	0
1.033	1	4	104	4	3	14	93	0
1.034	1	4	104	5	3	14	93	0
1.036	1	4	104	7	3	14	93	0
1.038	1	4	104	9	3	14	93	0
1.04	1	4	105	1	3	14	93	0
1.042	1	4	105	3	3	14	93	0
1.044	1	4	105	5	3	14	93	0
1.046	1	4	105	7	3	14	93	0
1.048	1	4	105	9	3	14	93	0
1.049	1	4	105	10	3	14	93	0
1.051	1	4	106	2	3	14	93	0
1.053	1	4	106	4	3	14	93	0
1.055	1	4	106	6	3	14	93	0
1.057	1	4	106	8	3	14	93	0
1.059	1	4	106	10	3	14	93	0
1.061	1	4	107	2	3	14	93	0
1.063	1	4	107	4	3	14	93	0
1.064	1	4	107	5	3	14	93	0
1.066	1	4	107	7	3	14	93	0
1.068	1	4	107	9	3	14	93	0
1.07	1	4	108	1	3	14	93	0
1.072	1	4	108	3	3	14	93	0
1.074	1	4	108	5	3	14	93	0
1.076	1	4	108	7	3	14	93	0
1.078	1	4	108	9	3	14	93	0
1.079	1	4	108	10	3	14	93	0
1.081	1	4	109	2	3	14	93	0
1.083	1	4	109	4	3	14	93	0
1.085	1	4	109	6	3	14	93	0
1.087	1	4	109	8	3	14	93	0
1.089	1	4	109	10	3	14	93	0
1.091	1	4	110	2	3	14	93	0
1.093	1	4	110	4	3	14	93	0
1.094	1	4	110	5	3	14	93	0
1.096	1	4	110	7	3	14	93	0
1.098	1	4	110	9	3	14	93	0
1.1	1	4	111	1	3	14	93	0
1.102	1	4	111	3	3	14	93	0
1.104	1	4	111	5	3	14	93	0
1.106	1	4	111	7	3	14	93	0
1.108	1	4	111	9	3	14	93	0
1.109	1	4	111	10	3	14	93	0
1.111	1	4	112	2	3	14	93	0
1.113	1	4	112	4	3	14	93	0
1.115	1	4	112	6	3	14	93	0
1.117	1	4	112	8	3	14	93	0
1.119	1	4	112	10	3	14	93	0
1.121	1	4	113	2	3	14	93	0
1.123	1	4	113	4	3	14	93	0
1.124	1	4	113	5	3	14	93	0
1.126	1	4	113	7	3	14	93	0
1.128	1	4	113	9	3	14	93	0
1.13	1	4	114	1	3	14	93	0
1.132	1	4	114	3	3	14	93	0
1.134	1	4	114	5	3	14	93	0
1.136	1	4	114	7	3	14	93	0
1.138	1	4	114	9	3	14	93	0
1.139	1	4	114	10	3	14	93	0
1.141	1	4	115	2	3	14	93	0
1.143	1	4	115	4	3	14	93	0
1.145	1	4	115	6	3	14	93	0
1.147	1	4	115	8	3	14	93	0
1.149	1	4	115	10	3	14	93	0
1.151	1	4	116	2	3	14	93	0
1.153	1	4	116	4	3	14	93	0
1.154	1	4	116	5	3	14	93	0
1.156	1	4	116	7	3	14	93	0
1.158	1	4	116	9	3	14	93	0
1.16	1	4	117	1	3	14	93	0
1.162	1	4	117	3	3	14	93	0
1.164	1	4	117	5	3	14	93	0
1.166	1	4	117	7	3	14	93	0
1.168	1	4	117	9	3	14	93	0
1.169	1	4	117	10	3	14	93	0
1.171	1	4	118	2	3	14	93	0
1.173	1	4	118	4	3	14	93	0
1.175	1	4	118	6	3	14	93	0
1.177	1	4	118	8	3	14	93	0
1.179	1	4	118	10	3	14	93	0
1.181	1	4	119	2	3	14	93	0
1.183	1	4	119	4	3	14	93	0
1.184	1	4	119	5	3	14	93	0
1.186	1	4	119	7	3	14	93	0
1.188	1	4	119	9	3	14	93	0
1.19	1	4	120	1	3	14	93	0
1.192	1	4	120	3	3	14	93	0
1.194	1	4	120	5	3	14	93	0
1.196	1	4	120	7	3	14	93	0
1.198	1	4	120	9	3	14	93	0
1.199	1	4	120	10	3	14	93	0
1.201	1	4	121	2	3	14	93	0
1.203	1	4	121	4	3	14	93	0
1.205	1	4	121	6	3	14	93	0
1.207	1	4	121	8	3	14	93	0
1.209	1	4	121	10	3	14	93	0
1.211	1	4	122	2	3	14	93	0
1.213	1	4	122	4	3	14	93	0
1.214	1	4	122	5	3	14	93	0
1.216	1	4	122	7	3	14	93	0
1.218	1	4	122	9	3	14	93	0
1.22	1	4	123	1	3	14	93	0
1.222	1	4	123	3	3	14	93	0
1.224	1	4	123	5	3	14	93	0
1.226	1	4	123	7	3	14	93	0
1.228	1	4	123	9	3	14	93	0
1.229	1	4	123	10	3	14	93	0
1.231	1	4	124	2	3	14	93	0
1.233	1	4	124	4	3	14	93	0
1.235	1	4	124	6	3	14	93	0
1.237	1	4	124	8	3	14	93	0
1.239	1	4	124	10	3	14	93	0
1.241	1	4	125	2	3	14	93	0
1.243	1	4	125	4	3	14	93	0
1.244	1	4	125	5	3	14	93	0
1.246	1	4	125	7	3	14	93	0
1.248	1	4	125	9	3	14	93	0
1.25	1	4	126	1	3	14	93	0
1.252	1	4	126	3	3	14	93	0
1.254	1	4	126	5	3	14	93	0
1.256	1	4	126	7	3	14	93	0
1.258	1	4	126	9	3	14	93	0
1.259	1	4	126	10	3	14	93	0
1.261	1	4	127	2	3	14	93	0
1.263	1	4	127	4	3	14	93	0
1.265	1	4	127	6	3	14	93	0
1.267	1	4	127	8	3	14	93	0
1.269	1	4	127	10	3	14	93	0
1.271	1	4	128	2	3	14	93	0
1.273	1	4	128	4	3	14	93	0
1.274	1	4	128	5	3	14	93	0
1.276	1	4	128	7	3	14	93	0
1.278	1	4	128	9	3	14	93	0
1.28	1	4	129	1	3	14	93	0
1.282	1	4	129	3	3	14	93	0
1.284	1	4	129	5	3	14	93	0
1.286	1	4	129	7	3	14	93	0
1.288	1	4	129	9	3	14	93	0
1.289	1	4	129	10	3	14	93	0
1.291	1	4	130	2	3	14	93	0
1.293	1	4	130	4	3	14	93	0
1.295	1	4	130	6	3	14	93	0
1.297	1	4	130	8	3	14	93	0
1.299	1	4	130	10	3	14	93	0
1.301	1	4	131	2	3	14	93	0
1.303	1	4	131	4	3	14	93	0
1.304	1	4	131	5	3	14	93	0
1.306	1	4	131	7	3	14	93	0
1.308	1	4	131	9	3	14	93	0
1.31	1	4	132	1	3	14	93	0
1.312	1	4	132	3	3	14	93	0
1.314	1	4	132	5	3	14	93	0
1.316	1	4	132	7	3	14	93	0
1.318	1	4	132	9	3	14	93	0
1.319	1	4	132	10	3	14	93	0
1.321	1	4	133	2	3	14	93	0
1.323	1	4	133	4	3	14	93	0
1.325	1	4	133	6	3	14	93	0
1.327	1	4	133	8	3	14	93	0
1.329	1	4	133	10	3	14	93	0
1.331	1	4	134	2	3	14	93	0
1.333	1	4	134	4	3	14	93	0
1.334	1	4	134	5	3	14	93	0
1.336	1	4	134	7	3	14	93	0
1.338	1	4	134	9	3	14	93	0
1.34	1	4	135	1	3	14	93	0
1.342	1	4	135	3	3	14	93	0
1.344	1	4	135	5	3	14	93	0
1.346	1	4	135	7	3	14	93	0
1.348	1	4	135	9	3	14	93	0
1.349	1	4	135	10	3	14	93	0
1.351	1	4	136	2	3	14	93	0
1.353	1	4	136	4	3	14	93	0
1.355	1	4	136	6	3	14	93	0
1.357	1	4	136	8	3	14	93	0
1.359	1	4	136	10	3	14	93	0
1.361	1	4	137	2	3	14	93	0
1.363	1	4	137	4	3	14	93	0
1.364	1	4	137	5	3	14	93	0
1.366	1	4	137	7	3	14	93	0
1.368	1	4	137	9	3	14	93	0
1.37	1	4	138	1	3	14	93	0
1.372	1	4	138	3	3	14	93	0
1.374	1	4	138	5	3	14	93	0
1.376	1	4	138	7	3	14	93	0
1.378	1	4	138	9	3	14	93	0
1.379	1	4	138	10	3	14	93	0
1.381	1	4	139	2	3	14	93	0
1.383	1	4	139	4	3	14	93	0
1.385	1	4	139	6	3	14	93	0
1.387	1	4	139	8	3	14	93	0
1.389	1	4	139	10	3	14	93	0
1.391	1	4	140	2	3	14	93	0
1.393	1	4	140	4	3	14	93	0
1.394	1	4	140	5	3	14	93	0
1.396	1	4	140	7	3	14	93	0
1.398	1	4	140	9	3	14	93	0
1.4	1	4	141	1	3	14	93	0
1.402	1	4	141	3	3	14	93	0
1.404	1	4	141	5	3	14	93	0
1.406	1	4	141	7	3	14	93	0
1.408	1	4	141	9	3	14	93	0
1.409	1	4	141	10	3	14	93	0
1.411	1	4	142	2	3	14	93	0
1.413	1	4	142	4	3	14	93	0
1.415	1	4	142	6	3	14	93	0
1.417	1	4	142	8	3	14	93	0
1.419	1	4	142	10	3	14	93	0
1.421	1	4	143	2	3	14	93	0
1.423	1	4	143	4	3	14	93	0
1.424	1	4	143	5	3	14	93	0
1.426	1	4	143	7	3	14	93	0
1.428	1	4	143	9	3	14	93	0
1.43	1	4	144	1	3	14	93	0
1.432	1	4	144	3	3	14	93	0
1.434	1	4	144	5	3	14	93	0
1.436	1	4	144	7	3	14	93	0
1.438	1	4	144	9	3	14	93	0
1.439	1	4	144	10	3	14	93	0
1.441	1	4	145	2	3	14	93	0
1.443	1	4	145	4	3	14	93	0
1.445	1	4	145	6	3	14	93	0
1.447	1	4	145	8	3	14	93	0
1.449	1	4	145	10	3	14	93	0
1.451	1	4	146	2	3	14	93	0
1.453	1	4	146	4	3	14	93	0
1.454	1	4	146	5	3	14	93	0
1.456	1	4	146	7	3	14	93	0
1.458	1	4	146	9	3	14	93	0
1.46	1	4	147	1	3	14	93	0
1.462	1	4	147	3	3	14	93	0
1.464	1	4	147	5	3	14	93	0
1.466	1	4	147	7	3	14	93	0
1.468	1	4	147	9	3	14	93	0
1.469	1	4	147	10	3	14	93	0
1.471	1	4	148	2	3	14	93	0
1.473	1	4	148	4	3	14	93	0
1.475	1	4	148	6	3	14	93	0
1.477	1	4	148	8	3	14	93	0
1.479	1	4	148	10	3	14	93	0
1.481	1	4	149	2	3	14	93	0
1.483	1	4	149	4	3	14	93	0
1.484	1	4	149	5	3	14	93	0
1.486	1	4	149	7	3	14	93	0
1.488	1	4	149	9	3	14	93	0
1.49	1	4	150	1	3	14	93	0
1.492	1	4	150	3	3	14	93	0
1.494	1	4	150	5	3	14	93	0
1.496	1	4	150	7	3	14	93	0
1.498	1	4	150	9	3	14	93	0
1.499	1	4	150	10	3	14	93	0
1.501	1	4	151	2	3	14	93	0
1.503	1	4	151	4	3	14	93	0
1.505	1	4	151	6	3	14	93	0
1.507	1	4	151	8	3	14	93	0
1.509	1	4	151	10	3	14	93	0
1.511	1	4	152	2	3	14	93	0
1.513	1	4	152	4	3	14	93	0
1.514	1	4	152	5	3	14	93	0
1.516	1	4	152	7	3	14	93	0
1.518	1	4	152	9	3	14	93	0
1.52	1	4	153	1	3	14	93	0
1.522	1	4	153	3	3	14	93	0
1.524	1	4	153	5	3	14	93	0
1.526	1	4	153	7	3	14	93	0
1.528	1	4	153	9	3	14	93	0
1.529	1	4	153	10	3	14	93	0
1.531	1	4	154	2	3	14	93	0
1.533	1	4	154	4	3	14	93	0
1.535	1	4	154	6	3	14	93	0
1.537	1	4	154	8	3	14	93	0
1.539	1	4	154	10	3	14	93	0
1.541	1	4	155	2	3	14	93	0
1.543	1	4	155	4	3	14	93	0
1.544	1	4	155	5	3	14	93	0
1.546	1	4	155	7	3	14	93	0
1.548	1	4	155	9	3	14	93	0
1.55	1	4	156	1	3	14	93	0
1.552	1	4	156	3	3	14	93	0
1.554	1	4	156	5	3	14	93	0
1.556	1	4	156	7	3	14	93	0
1.558	1	4	156	9	3	14	93	0
1.559	1	4	156	10	3	14	93	0
1.561	1	4	157	2	3	14	93	0
1.563	1	4	157	4	3	14	93	0
1.565	1	4	157	6	3	14	93	0
1.567	1	4	157	8	3	14	93	0
1.569	1	4	157	10	3	14	93	0
1.571	1	4	158	2	3	14	93	0
1.573	1	4	158	4	3	14	93	0
1.574	1	4	158	5	3	14	93	0
1.576	1	4	158	7	3	14	93	0
1.578	1	4	158	9	3	14	93	0
1.58	1	4	159	1	3	14	93	0
1.582	1	4	159	3	3	14	93	0
1.584	1	4	159	5	3	14	93	0
1.586	1	4	159	7	3	14	93	0
1.588	1	4	159	9	3	14	93	0
1.589	1	4	159	10	3	14	93	0
1.591	1	4	160	2	3	14	93	0
1.593	1	4	160	4	3	14	93	0
1.595	1	4	160	6	3	14	93	0
1.597	1	4	160	8	3	14	93	0
1.599	1	4	160	10	3	14	93	0
1.601	1	4	161	2	3	14	93	0
1.603	1	4	161	4	3	14	93	0
1.604	1	4	161	5	3	14	93	0
1.606	1	4	161	7	3	14	93	0
1.608	1	4	161	9	3	14	93	0
1.61	1	4	162	1	3	14	93	0
1.612	1	4	162	3	3	14	93	0
1.614	1	4	162	5	3	14	93	0
1.616	1	4	162	7	3	14	93	0
1.618	1	4	162	9	3	14	93	0
1.619	1	4	162	10	3	14	93	0
1.621	1	4	163	2	3	14	93	0
1.623	1	4	163	4	3	14	93	0
1.625	1	4	163	6	3	14	93	0
1.627	1	4	163	8	3	14	93	0
1.629	1	4	163	10	3	14	93	0
1.631	1	4	164	2	3	14	93	0
1.633	1	4	164	4	3	14	93	0
1.634	1	4	164	5	3	14	93	0
1.636	1	4	164	7	3	14	93	0
1.638	1	4	164	9	3	14	93	0
1.64	1	4	165	1	3	14	93	0
1.642	1	4	165	3	3	14	93	0
1.644	1	4	165	5	3	14	93	0
1.646	1	4	165	7	3	14	93	0
1.648	1	4	165	9	3	14	93	0
1.649	1	4	165	10	3	14	93	0
1.651	1	4	166	2	3	14	93	0
1.653	1	4	166	4	3	14	93	0
1.655	1	4	166	6	3	14	93	0
1.657	1	4	166	8	3	14	93	0
1.659	1	4	166	10	3	14	93	0
1.661	1	4	167	2	3	14	93	0
1.663	1	4	167	4	3	14	93	0
1.664	1	4	167	5	3	14	93	0
1.666	1	4	167	7	3	14	93	0
1.668	1	4	167	9	3	14	93	0
1.67	1	4	168	1	3	14	93	0
1.672	1	4	168	3	3	14	93	0
1.674	1	4	168	5	3	14	93	0
1.676	1	4	168	7	3	14	93	0
1.678	1	4	168	9	3	14	93	0
1.679	1	4	168	10	3	14	93	0
1.681	1	4	169	2	3	14	93	0
1.683	1	4	169	4	3	14	93	0
1.685	1	4	169	6	3	14	93	0
1.687	1	4	169	8	3	14	93	0
1.689	1	4	169	10	3	14	93	0
1.691	1	4	170	2	3	14	93	0
1.693	1	4	170	4	3	14	93	0
1.694	1	4	170	5	3	14	93	0
1.696	1	4	170	7	3	14	93	0
1.698	1	4	170	9	3	14	93	0
1.7	1	4	171	1	3	14	93	0
1.702	1	4	171	3	3	14	93	0
1.704	1	4	171	5	3	14	93	0
1.706	1	4	171	7	3	14	93	0
1.708	1	4	171	9	3	14	93	0
1.709	1	4	171	10	3	14	93	0
1.711	1	4	172	2	3	14	93	0
1.713	1	4	172	4	3	14	93	0
1.715	1	4	172	6	3	14	93	0
1.717	1	4	172	8	3	14	93	0
1.719	1	4	172	10	3	14	93	0
1.721	1	4	173	2	3	14	93	0
1.723	1	4	173	4	3	14	93	0
1.724	1	4	173	5	3	14	93	0
1.726	1	4	173	7	3	14	93	0
1.728	1	4	173	9	3	14	93	0
1.73	1	4	174	1	3	14	93	0
1.732	1	4	174	3	3	14	93	0
1.734	1	4	174	5	3	14	93	0
1.736	1	4	174	7	3	14	93	0
1.738	1	4	174	9	3	14	93	0
1.739	1	4	174	10	3	14	93	0
1.741	1	4	175	2	3	14	93	0
1.743	1	4	175	4	3	14	93	0
1.745	1	4	175	6	3	14	93	0
1.747	1	4	175	8	3	14	93	0
1.749	1	4	175	10	3	14	93	0
1.751	1	4	176	2	3	14	93	0
1.753	1	4	176	4	3	14	93	0
1.754	1	4	176	5	3	14	93	0
1.756	1	4	176	7	3	14	93	0
1.758	1	4	176	9	3	14	93	0
1.76	1	4	177	1	3	14	93	0
1.762	1	4	177	3	3	14	93	0
1.764	1	4	177	5	3	14	93	0
1.766	1	4	177	7	3	14	93	0
1.768	1	4	177	9	3	14	93	0
1.769	1	4	177	10	3	14	93	0
1.771	1	4	178	2	3	14	93	0
1.773	1	4	178	4	3	14	93	0
1.775	1	4	178	6	3	14	93	0
1.777	1	4	178	8	3	14	93	0
1.779	1	4	178	10	3	14	93	0
1.781	1	4	179	2	3	14	93	0
1.783	1	4	179	4	3	14	93	0
1.784	1	4	179	5	3	14	93	0
1.786	1	4	179	7	3	14	93	0
1.788	1	4	179	9	3	14	93	0
1.79	1	4	180	1	3	14	93	0
1.792	1	4	180	3	3	14	93	0
1.794	1	4	180	5	3	14	93	0
1.796	1	4	180	7	3	14	93	0
1.798	1	4	180	9	3	14	93	0
1.799	1	4	180	10	3	14	93	0
1.801	1	4	181	2	3	14	93	0
1.803	1	4	181	4	3	14	93	0
1.805	1	4	181	6	3	14	93	0
1.807	1	4	181	8	3	14	93	0
1.809	1	4	181	10	3	14	93	0
1.811	1	4	182	2	3	14	93	0
1.813	1	4	182	4	3	14	93	0
1.814	1	4	182	5	3	14	93	0
1.816	1	4	182	7	3	14	93	0
1.818	1	4	182	9	3	14	93	0
1.82	1	4	183	1	3	14	93	0
1.822	1	4	183	3	3	14	93	0
1.824	1	4	183	5	3	14	93	0
1.826	1	4	183	7	3	14	93	0
1.828	1	4	183	9	3	14	93	0
1.829	1	4	183	10	3	14	93	0
1.831	1	4	184	2	3	14	93	0
1.833	1	4	184	4	3	14	93	0
1.835	1	4	184	6	3	14	93	0
1.837	1	4	184	8	3	14	93	0
1.839	1	4	184	10	3	14	93	0
1.841	1	4	185	2	3	14	93	0
1.843	1	4	185	4	3	14	93	0
1.844	1	4	185	5	3	14	93	0
1.846	1	4	185	7	3	14	93	0
1.848	1	4	185	9	3	14	93	0
1.85	1	4	186	1	3	14	93	0
1.852	1	4	186	3	3	14	93	0
1.854	1	4	186	5	3	14	93	0
1.856	1	4	186	7	3	14	93	0
1.858	1	4	186	9	3	14	93	0
1.859	1	4	186	10	3	14	93	0
1.861	1	4	187	2	3	14	93	0
1.863	1	4	187	4	3	14	93	0
1.865	1	4	187	6	3	14	93	0
1.867	1	4	187	8	3	14	93	0
1.869	1	4	187	10	3	14	93	0
1.871	1	4	188	2	3	14	93	0
1.873	1	4	188	4	3	14	93	0
1.874	1	4	188	5	3	14	93	0
1.876	1	4	188	7	3	14	93	0
1.878	1	4	188	9	3	14	93	0
1.88	1	4	189	1	3	14	93	0
1.882	1	4	189	3	3	14	93	0
1.884	1	4	189	5	3	14	93	0
1.886	1	4	189	7	3	14	93	0
1.888	1	4	189	9	3	14	93	0
1.889	1	4	189	10	3	14	93	0
1.891	1	4	190	2	3	14	93	0
1.893	1	4	190	4	3	14	93	0
1.895	1	4	190	6	3	14	93	0
1.897	1	4	190	8	3	14	93	0
1.899	1	4	190	10	3	14	93	0
1.901	1	4	191	2	3	14	93	0
1.903	1	4	191	4	3	14	93	0
1.904	1	4	191	5	3	14	93	0
1.906	1	4	191	7	3	14	93	0
1.908	1	4	191	9	3	14	93	0
1.91	1	4	192	1	3	14	93	0
1.912	1	4	192	3	3	14	93	0
1.914	1	4	192	5	3	14	93	0
1.916	1	4	192	7	3	14	93	0
1.918	1	4	192	9	3	14	93	0
1.919	1	4	192	10	3	14	93	0
1.921	1	4	193	2	3	14	93	0
1.923	1	4	193	4	3	14	93	0
1.925	1	4	193	6	3	14	93	0
1.927	1	4	193	8	3	14	93	0
1.929	1	4	193	10	3	14	93	0
1.931	1	4	194	2	3	14	93	0
1.933	1	4	194	4	3	14	93	0
1.934	1	4	194	5	3	14	93	0
1.936	1	4	194	7	3	14	93	0
1.938	1	4	194	9	3	14	93	0
1.94	1	4	195	1	3	14	93	0
1.942	1	4	195	3	3	14	93	0
1.944	1	4	195	5	3	14	93	0
1.946	1	4	195	7	3	14	93	0
1.948	1	4	195	9	3	14	93	0
1.949	1	4	195	10	3	14	93	0
1.951	1	4	196	2	3	14	93	0
1.953	1	4	196	4	3	14	93	0
1.955	1	4	196	6	3	14	93	0
1.957	1	4	196	8	3	14	93	0
1.959	1	4	196	10	3	14	93	0
1.961	1	4	197	2	3	14	93	0
1.963	1	4	197	4	3	14	93	0
1.964	1	4	197	5	3	14	93	0
1.966	1	4	197	7	3	14	93	0
1.968	1	4	197	9	3	14	93	0
1.97	1	4	198	1	3	14	93	0
1.972	1	4	198	3	3	14	93	0
1.974	1	4	198	5	3	14	93	0
1.976	1	4	198	7	3	14	93	0
1.978	1	4	198	9	3	14	93	0
1.979	1	4	198	10	3	14	93	0
1.981	1	4	199	2	3	14	93	0
1.983	1	4	199	4	3	14	93	0
1.985	1	4	199	6	3	14	93	0
1.987	1	4	199	8	3	14	93	0
1.989	1	4	199	10	3	14	93	0
1.991	1	4	200	2	3	14	93	0
1.993	1	4	200	4	3	14	93	0
1.994	1	4	200	5	3	14	93	0
1.996	1	4	200	7	3	14	93	0
1.998	1	4	200	9	3	14	93	0
2	1	4	201	1	3	14	93	0
2.002	1	4	201	3	3	14	93	0
2.004	1	4	201	5	3	14	93	0
2.006	1	4	201	7	3	14	93	0
2.008	1	4	201	9	3	14	93	0
2.009	1	4	201	10	3	14	93	0
2.011	1	4	202	2	3	14	93	0
2.013	1	4	202	4	3	14	93	0
2.015	1	4	202	6	3	14	93	0
2.017	1	4	202	8	3	14	93	0
2.019	1	4	202	10	3	14	93	0
2.021	1	4	203	2	3	14	93	0
2.023	1	4	203	4	3	14	93	0
2.024	1	4	203	5	3	14	93	0
2.026	1	4	203	7	3	14	93	0
2.028	1	4	203	9	3	14	93	0
2.03	1	4	204	1	3	14	93	0
2.032	1	4	204	3	3	14	93	0
2.034	1	4	204	5	3	14	93	0
2.036	1	4	204	7	3	14	93	0
2.038	1	4	204	9	3	14	93	0
2.039	1	4	204	10	3	14	93	0
2.041	1	4	205	2	3	14	93	0
2.043	1	4	205	4	3	14	93	0
2.045	1	4	205	6	3	14	93	0
2.047	1	4	205	8	3	14	93	0
2.049	1	4	205	10	3	14	93	0
2.051	1	4	206	2	3	14	93	0
2.053	1	4	206	4	3	14	93	0
2.054	1	4	206	5	3	14	93	0
2.056	1	4	206	7	3	14	93	0
2.058	1	4	206	9	3	14	93	0
2.06	1	4	207	1	3	14	93	0
2.062	1	4	207	3	3	14	93	0
2.064	1	4	207	5	3	14	93	0
2.066	1	4	207	7	3	14	93	0
2.068	1	4	207	9	3	14	93	0
2.069	1	4	207	10	3	14	93	0
2.071	1	4	208	2	3	14	93	0
2.073	1	4	208	4	3	14	93	0
2.075	1	4	208	6	3	14	93	0
2.077	1	4	208	8	3	14	93	0
2.079	1	4	208	10	3	14	93	0
2.081	1	4	209	2	3	14	93	0
2.083	1	4	209	4	3	14	93	0
2.084	1	4	209	5	3	14	93	0
2.086	1	4	209	7	3	14	93	0
2.088	1	4	209	9	3	14	93	0
2.09	1	4	210	1	3	14	93	0
2.092	1	4	210	3	3	14	93	0
2.094	1	4	210	5	3	14	93	0
2.096	1	4	210	7	3	14	93	0
2.098	1	4	210	9	3	14	93	0
2.099	1	4	210	10	3	14	93	0
2.101	1	4	211	2	3	14	93	0
2.103	1	4	211	4	3	14	93	0
2.105	1	4	211	6	3	14	93	0
2.107	1	4	211	8	3	14	93	0
2.109	1	4	211	10	3	14	93	0
2.111	1	4	212	2	3	14	93	0
2.113	1	4	212	4	3	14	93	0
2.114	1	4	212	5	3	14	93	0
2.116	1	4	212	7	3	14	93	0
2.118	1	4	212	9	3	14	93	0
2.12	1	4	213	1	3	14	93	0
2.122	1	4	213	3	3	14	93	0
2.124	1	4	213	5	3	14	93	0
2.126	1	4	213	7	3	14	93	0
2.128	1	4	213	9	3	14	93	0
2.129	1	4	213	10	3	14	93	0
2.131	1	4	214	2	3	14	93	0
2.133	1	4	214	4	3	14	93	0
2.135	1	4	214	6	3	14	93	0
2.137	1	4	214	8	3	14	93	0
2.139	1	4	214	10	3	14	93	0
2.141	1	4	215	2	3	14	93	0
2.143	1	4	215	4	3	14	93	0
2.144	1	4	215	5	3	14	93	0
2.146	1	4	215	7	3	14	93	0
2.148	1	4	215	9	3	14	93	0
2.15	1	4	216	1	3	14	93	0
2.152	1	4	216	3	3	14	93	0
2.154	1	4	216	5	3	14	93	0
2.156	1	4	216	7	3	14	93	0
2.158	1	4	216	9	3	14	93	0
2.159	1	4	216	10	3	14	93	0
2.161	1	4	217	2	3	14	93	0
2.163	1	4	217	4	3	14	93	0
2.165	1	4	217	6	3	14	93	0
2.167	1	4	217	8	3	14	93	0
2.169	1	4	217	10	3	14	93	0
2.171	1	4	218	2	3	14	93	0
2.173	1	4	218	4	3	14	93	0
2.174	1	4	218	5	3	14	93	0
2.176	1	4	218	7	3	14	93	0
2.178	1	4	218	9	3	14	93	0
2.18	1	4	219	1	3	14	93	0
2.182	1	4	219	3	3	14	93	0
2.184	1	4	219	5	3	14	93	0
2.186	1	4	219	7	3	14	93	0
2.188	1	4	219	9	3	14	93	0
2.189	1	4	219	10	3	14	93	0
2.191	1	4	220	2	3	14	93	0
2.193	1	4	220	4	3	14	93	0
2.195	1	4	220	6	3	14	93	0
2.197	1	4	220	8	3	14	93	0
2.199	1	4	220	10	3	14	93	0
2.201	1	4	221	2	3	14	93	0
2.203	1	4	221	4	3	14	93	0
2.204	1	4	221	5	3	14	93	0
2.206	1	4	221	7	3	14	93	0
2.208	1	4	221	9	3	14	93	0
2.21	1	4	222	1	3	14	93	0
2.212	1	4	222	3	3	14	93	0
2.214	1	4	222	5	3	14	93	0
2.216	1	4	222	7	3	14	93	0
2.218	1	4	222	9	3	14	93	0
2.219	1	4	222	10	3	14	93	0
2.221	1	4	223	2	3	14	93	0
2.223	1	4	223	4	3	14	93	0
2.225	1	4	223	6	3	14	93	0
2.227	1	4	223	8	3	14	93	0
2.229	1	4	223	10	3	14	93	0
2.231	1	4	224	2	3	14	93	0
2.233	1	4	224	4	3	14	93	0
2.234	1	4	224	5	3	14	93	0
2.236	1	4	224	7	3	14	93	0
2.238	1	4	224	9	3	14	93	0
2.24	1	4	225	1	3	14	93	0
2.242	1	4	225	3	3	14	93	0
2.244	1	4	225	5	3	14	93	0
2.246	1	4	225	7	3	14	93	0
2.248	1	4	225	9	3	14	93	0
2.249	1	4	225	10	3	14	93	0
2.251	1	4	226	2	3	14	93	0
2.253	1	4	226	4	3	14	93	0
2.255	1	4	226	6	3	14	93	0
2.257	1	4	226	8	3	14	93	0
2.259	1	4	226	10	3	14	93	0
2.261	1	4	227	2	3	14	93	0
2.263	1	4	227	4	3	14	93	0
2.264	1	4	227	5	3	14	93	0
2.266	1	4	227	7	3	14	93	0
2.268	1	4	227	9	3	14	93	0
2.27	1	4	228	1	3	14	93	0
2.272	1	4	228	3	3	14	93	0
2.274	1	4	228	5	3	14	93	0
2.276	1	4	228	7	3	14	93	0
2.278	1	4	228	9	3	14	93	0
2.279	1	4	228	10	3	14	93	0
2.281	1	4	229	2	3	14	93	0
2.283	1	4	229	4	3	14	93	0
2.285	1	4	229	6	3	14	93	0
2.287	1	4	229	8	3	14	93	0
2.289	1	4	229	10	3	14	93	0
2.291	1	4	230	2	3	14	93	0
2.293	1	4	230	4	3	14	93	0
2.294	1	4	230	5	3	14	93	0
2.296	1	4	230	7	3	14	93	0
2.298	1	4	230	9	3	14	93	0
2.3	1	4	231	1	3	14	93	0
2.302	1	4	231	3	3	14	93	0
2.304	1	4	231	5	3	14	93	0
2.306	1	4	231	7	3	14	93	0
2.308	1	4	231	9	3	14	93	0
2.309	1	4	231	10	3	14	93	0
2.311	1	4	232	2	3	14	93	0
2.313	1	4	232	4	3	14	93	0
2.315	1	4	232	6	3	14	93	0
2.317	1	4	232	8	3	14	93	0
2.319	1	4	232	10	3	14	93	0
2.321	1	4	233	2	3	14	93	0
2.323	1	4	233	4	3	14	93	0
2.324	1	4	233	5	3	14	93	0
2.326	1	4	233	7	3	14	93	0
2.328	1	4	233	9	3	14	93	0
2.33	1	4	234	1	3	14	93	0
2.332	1	4	234	3	3	14	93	0
2.334	1	4	234	5	3	14	93	0
2.336	1	4	234	7	3	14	93	0
2.338	1	4	234	9	3	14	93	0
2.339	1	4	234	10	3	14	93	0
2.341	1	4	235	2	3	14	93	0
2.343	1	4	235	4	3	14	93	0
2.345	1	4	235	6	3	14	93	0
2.347	1	4	235	8	3	14	93	0
2.349	1	4	235	10	3	14	93	0
2.351	1	4	236	2	3	14	93	0
2.353	1	4	236	4	3	14	93	0
2.354	1	4	236	5	3	14	93	0
2.356	1	4	236	7	3	14	93	0
2.358	1	4	236	9	3	14	93	0
2.36	1	4	237	1	3	14	93	0
2.362	1	4	237	3	3	14	93	0
2.364	1	4	237	5	3	14	93	0
2.366	1	4	237	7	3	14	93	0
2.368	1	4	237	9	3	14	93	0
2.369	1	4	237	10	3	14	93	0
2.371	1	4	238	2	3	14	93	0
2.373	1	4	238	4	3	14	93	0
2.375	1	4	238	6	3	14	93	0
2.377	1	4	238	8	3	14	93	0
2.379	1	4	238	10	3	14	93	0
2.381	1	4	239	2	3	14	93	0
2.383	1	4	239	4	3	14	93	0
2.384	1	4	239	5	3	14	93	0
2.386	1	4	239	7	3	14	93	0
2.388	1	4	239	9	3	14	93	0
2.39	1	4	240	1	3	14	93	0
2.392	1	4	240	3	3	14	93	0
2.394	1	4	240	5	3	14	93	0
2.396	1	4	240	7	3	14	93	0
2.398	1	4	240	9	3	14	93	0
2.399	1	4	240	10	3	14	93	0
2.401	1	4	241	2	3	14	93	0
2.403	1	4	241	4	3	14	93	0
2.405	1	4	241	6	3	14	93	0
2.407	1	4	241	8	3	14	93	0
2.409	1	4	241	10	3	14	93	0
2.411	1	4	242	2	3	14	93	0
2.413	1	4	242	4	3	14	93	0
2.414	1	4	242	5	3	14	93	0
2.416	1	4	242	7	3	14	93	0
2.418	1	4	242	9	3	14	93	0
2.42	1	4	243	1	3	14	93	0
2.422	1	4	243	3	3	14	93	0
2.424	1	4	243	5	3	14	93	0
2.426	1	4	243	7	3	14	93	0
2.428	1	4	243	9	3	14	93	0
2.429	1	4	243	10	3	14	93	0
2.431	1	4	244	2	3	14	93	0
2.433	1	4	244	4	3	14	93	0
2.435	1	4	244	6	3	14	93	0
2.437	1	4	244	8	3	14	93	0
2.439	1	4	244	10	3	14	93	0
2.441	1	4	245	2	3	14	93	0
2.443	1	4	245	4	3	14	93	0
2.444	1	4	245	5	3	14	93	0
2.446	1	4	245	7	3	14	93	0
2.448	1	4	245	9	3	14	93	0
2.45	1	4	246	1	3	14	93	0
2.452	1	4	246	3	3	14	93	0
2.454	1	4	246	5	3	14	93	0
2.456	1	4	246	7	3	14	93	0
2.458	1	4	246	9	3	14	93	0
2.459	1	4	246	10	3	14	93	0
2.461	1	4	247	2	3	14	93	0
2.463	1	4	247	4	3	14	93	0
2.465	1	4	247	6	3	14	93	0
2.467	1	4	247	8	3	14	93	0
2.469	1	4	247	10	3	14	93	0
2.471	1	4	248	2	3	14	93	0
2.473	1	4	248	4	3	14	93	0
2.474	1	4	248	5	3	14	93	0
2.476	1	4	248	7	3	14	93	0
2.478	1	4	248	9	3	14	93	0
2.48	1	4	249	1	3	14	93	0
2.482	1	4	249	3	3	14	93	0
2.484	1	4	249	5	3	14	93	0
2.486	1	4	249	7	3	14	93	0
2.488	1	4	249	9	3	14	93	0
2.489	1	4	249	10	3	14	93	0
2.491	1	4	250	2	3	14	93	0
2.493	1	4	250	4	3	14	93	0
2.495	1	4	250	6	3	14	93	0
2.497	1	4	250	8	3	14	93	0
2.499	1	4	250	10	3	14	93	0
2.501	1	4	251	2	3	14	93	0
2.503	1	4	251	4	3	14	93	0
2.504	1	4	251	5	3	14	93	0
2.506	1	4	251	7	3	14	93	0
2.508	1	4	251	9	3	14	93	0
2.51	1	4	252	1	3	14	93	0
2.512	1	4	252	3	3	14	93	0
2.514	1	4	252	5	3	14	93	0
2.516	1	4	252	7	3	14	93	0
2.518	1	4	252	9	3	14	93	0
2.519	1	4	252	10	3	14	93	0
2.521	1	4	253	2	3	14	93	0
2.523	1	4	253	4	3	14	93	0
2.525	1	4	253	6	3	14	93	0
2.527	1	4	253	8	3	14	93	0
2.529	1	4	253	10	3	14	93	0
2.531	1	4	254	2	3	14	93	0
2.533	1	4	254	4	3	14	93	0
2.534	1	4	254	5	3	14	93	0
2.536	1	4	254	7	3	14	93	0
2.538	1	4	254	9	3	14	93	0
2.54	1	4	255	1	3	14	93	0
2.542	1	4	255	3	3	14	93	0
2.544	1	4	255	5	3	14	93	0
2.546	1	4	255	7	3	14	93	0
2.548	1	4	255	9	3	14	93	0
2.549	1	4	255	10	3	14	93	0
2.551	1	4	256	2	3	14	93	0
2.553	1	4	256	4	3	14	93	0
2.555	1	4	256	6	3	14	93	0
2.557	1	4	256	8	3	14	93	0
2.559	1	4	256	10	3	14	93	0
2.561	1	4	257	2	3	14	93	0
2.563	1	4	257	4	3	14	93	0
2.564	1	4	257	5	3	14	93	0
2.566	1	4	257	7	3	14	93	0
2.568	1	4	257	9	3	14	93	0
2.57	1	4	258	1	3	14	93	0
2.572	1	4	258	3	3	14	93	0
2.574	1	4	258	5	3	14	93	0
2.576	1	4	258	7	3	14	93	0
2.578	1	4	258	9	3	14	93	0
2.579	1	4	258	10	3	14	93	0
2.581	1	4	259	2	3	14	93	0
2.583	1	4	259	4	3	14	93	0
2.585	1	4	259	6	3	14	93	0
2.587	1	4	259	8	3	14	93	0
2.589	1	4	259	10	3	14	93	0
2.591	1	4	260	2	3	14	93	0
2.593	1	4	260	4	3	14	93	0
2.594	1	4	260	5	3	14	93	0
2.596	1	4	260	7	3	14	93	0
2.598	1	4	260	9	3	14	93	0
2.6	1	4	261	1	3	14	93	0
2.602	1	4	261	3	3	14	93	0
2.604	1	4	261	5	3	14	93	0
2.606	1	4	261	7	3	14	93	0
2.608	1	4	261	9	3	14	93	0
2.609	1	4	261	10	3	14	93	0
2.611	1	4	262	2	3	14	93	0
2.613	1	4	262	4	3	14	93	0
2.615	1	4	262	6	3	14	93	0
2.617	1	4	262	8	3	14	93	0
2.619	1	4	262	10	3	14	93	0
2.621	1	4	263	2	3	14	93	0
2.623	1	4	263	4	3	14	93	0
2.624	1	4	263	5	3	14	93	0
2.626	1	4	263	7	3	14	93	0
2.628	1	4	263	9	3	14	93	0
2.63	1	4	264	1	3	14	93	0
2.632	1	4	264	3	3	14	93	0
2.634	1	4	264	5	3	14	93	0
2.636	1	4	264	7	3	14	93	0
2.638	1	4	264	9	3	14	93	0
2.639	1	4	264	10	3	14	93	0
2.641	1	4	265	2	3	14	93	0
2.643	1	4	265	4	3	14	93	0
2.645	1	4	265	6	3	14	93	0
2.647	1	4	265	8	3	14	93	0
2.649	1	4	265	10	3	14	93	0
2.651	1	4	266	2	3	14	93	0
2.653	1	4	266	4	3	14	93	0
2.654	1	4	266	5	3	14	93	0
2.656	1	4	266	7	3	14	93	0
2.658	1	4	266	9	3	14	93	0
2.66	1	4	267	1	3	14	93	0
2.662	1	4	267	3	3	14	93	0
2.664	1	4	267	5	3	14	93	0
2.666	1	4	267	7	3	14	93	0
2.668	1	4	267	9	3	14	93	0
2.669	1	4	267	10	3	14	93	0
2.671	1	4	268	2	3	14	93	0
2.673	1	4	268	4	3	14	93	0
2.675	1	4	268	6	3	14	93	0
2.677	1	4	268	8	3	14	93	0
2.679	1	4	268	10	3	14	93	0
2.681	1	4	269	2	3	14	93	0
2.683	1	4	269	4	3	14	93	0
2.684	1	4	269	5	3	14	93	0
2.686	1	4	269	7	3	14	93	0
2.688	1	4	269	9	3	14	93	0
2.69	1	4	270	1	3	14	93	0
2.692	1	4	270	3	3	14	93	0
2.694	1	4	270	5	3	14	93	0
2.696	1	4	270	7	3	14	93	0
2.698	1	4	270	9	3	14	93	0
2.699	1	4	270	10	3	14	93	0
2.701	1	4	271	2	3	14	93	0
2.703	1	4	271	4	3	14	93	0
2.705	1	4	271	6	3	14	93	0
2.707	1	4	271	8	3	14	93	0
2.709	1	4	271	10	3	14	93	0
2.711	1	4	272	2	3	14	93	0
2.713	1	4	272	4	3	14	93	0
2.714	1	4	272	5	3	14	93	0
2.716	1	4	272	7	3	14	93	0
2.718	1	4	272	9	3	14	93	0
2.72	1	4	273	1	3	14	93	0
2.722	1	4	273	3	3	14	93	0
2.724	1	4	273	5	3	14	93	0
2.726	1	4	273	7	3	14	93	0
2.728	1	4	273	9	3	14	93	0
2.729	1	4	273	10	3	14	93	0
2.731	1	4	274	2	3	14	93	0
2.733	1	4	274	4	3	14	93	0
2.735	1	4	274	6	3	14	93	0
2.737	1	4	274	8	3	14	93	0
2.739	1	4	274	10	3	14	93	0
2.741	1	4	275	2	3	14	93	0
2.743	1	4	275	4	3	14	93	0
2.744	1	4	275	5	3	14	93	0
2.746	1	4	275	7	3	14	93	0
2.748	1	4	275	9	3	14	93	0
2.75	1	4	276	1	3	14	93	0
2.752	1	4	276	3	3	14	93	0
2.754	1	4	276	5	3	14	93	0
2.756	1	4	276	7	3	14	93	0
2.758	1	4	276	9	3	14	93	0
2.759	1	4	276	10	3	14	93	0
2.761	1	4	277	2	3	14	93	0
2.763	1	4	277	4	3	14	93	0
2.765	1	4	277	6	3	14	93	0
2.767	1	4	277	8	3	14	93	0
2.769	1	4	277	10	3	14	93	0
2.771	1	4	278	2	3	14	93	0
2.773	1	4	278	4	3	14	93	0
2.774	1	4	278	5	3	14	93	0
2.776	1	4	278	7	3	14	93	0
2.778	1	4	278	9	3	14	93	0
2.78	1	4	279	1	3	14	93	0
2.782	1	4	279	3	3	14	93	0
2.784	1	4	279	5	3	14	93	0
2.786	1	4	279	7	3	14	93	0
2.788	1	4	279	9	3	14	93	0
2.789	1	4	279	10	3	14	93	0
2.791	1	4	280	2	3	14	93	0
2.793	1	4	280	4	3	14	93	0
2.795	1	4	280	6	3	14	93	0
2.797	1	4	280	8	3	14	93	0
2.799	1	4	280	10	3	14	93	0
2.801	1	4	281	2	3	14	93	0
2.803	1	4	281	4	3	14	93	0
2.804	1	4	281	5	3	14	93	0
2.806	1	4	281	7	3	14	93	0
2.808	1	4	281	9	3	14	93	0
2.81	1	4	282	1	3	14	93	0
2.812	1	4	282	3	3	14	93	0
2.814	1	4	282	5	3	14	93	0
2.816	1	4	282	7	3	14	93	0
2.818	1	4	282	9	3	14	93	0
2.819	1	4	282	10	3	14	93	0
2.821	1	4	283	2	3	14	93	0
2.823	1	4	283	4	3	14	93	0
2.825	1	4	283	6	3	14	93	0
2.827	1	4	283	8	3	14	93	0
2.829	1	4	283	10	3	14	93	0
2.831	1	4	284	2	3	14	93	0
2.833	1	4	284	4	3	14	93	0
2.834	1	4	284	5	3	14	93	0
2.836	1	4	284	7	3	14	93	0
2.838	1	4	284	9	3	14	93	0
2.84	1	4	285	1	3	14	93	0
2.842	1	4	285	3	3	14	93	0
2.844	1	4	285	5	3	14	93	0
2.846	1	4	285	7	3	14	93	0
2.848	1	4	285	9	3	14	93	0
2.849	1	4	285	10	3	14	93	0
2.851	1	4	286	2	3	14	93	0
2.853	1	4	286	4	3	14	93	0
2.855	1	4	286	6	3	14	93	0
2.857	1	4	286	8	3	14	93	0
2.859	1	4	286	10	3	14	93	0
2.861	1	4	287	2	3	14	93	0
2.863	1	4	287	4	3	14	93	0
2.864	1	4	287	5	3	14	93	0
2.866	1	4	287	7	3	14	93	0
2.868	1	4	287	9	3	14	93	0
2.87	1	4	288	1	3	14	93	0
2.872	1	4	288	3	3	14	93	0
2.874	1	4	288	5	3	14	93	0
2.876	1	4	288	7	3	14	93	0
2.878	1	4	288	9	3	14	93	0
2.879	1	4	288	10	3	14	93	0
2.881	1	4	289	2	3	14	93	0
2.883	1	4	289	4	3	14	93	0
2.885	1	4	289	6	3	14	93	0
2.887	1	4	289	8	3	14	93	0
2.889	1	4	289	10	3	14	93	0
2.891	1	4	290	2	3	14	93	0
2.893	1	4	290	4	3	14	93	0
2.894	1	4	290	5	3	14	93	0
2.896	1	4	290	7	3	14	93	0
2.898	1	4	290	9	3	14	93	0
2.9	1	4	291	1	3	14	93	0
2.902	1	4	291	3	3	14	93	0
2.904	1	4	291	5	3	14	93	0
2.906	1	4	291	7	3	14	93	0
2.908	1	4	291	9	3	14	93	0
2.909	1	4	291	10	3	14	93	0
2.911	1	4	292	2	3	14	93	0
2.913	1	4	292	4	3	14	93	0
2.915	1	4	292	6	3	14	93	0
2.917	1	4	292	8	3	14	93	0
2.919	1	4	292	10	3	14	93	0
2.921	1	4	293	2	3	14	93	0
2.923	1	4	293	4	3	14	93	0
2.924	1	4	293	5	3	14	93	0
2.926	1	4	293	7	3	14	93	0
2.928	1	4	293	9	3	14	93	0
2.93	1	4	294	1	3	14	93	0
2.932	1	4	294	3	3	14	93	0
2.934	1	4	294	5	3	14	93	0
2.936	1	4	294	7	3	14	93	0
2.938	1	4	294	9	3	14	93	0
2.939	1	4	294	10	3	14	93	0
2.941	1	4	295	2	3	14	93	0
2.943	1	4	295	4	3	14	93	0
2.945	1	4	295	6	3	14	93	0
2.947	1	4	295	8	3	14	93	0
2.949	1	4	295	10	3	14	93	0
2.951	1	4	296	2	3	14	93	0
2.953	1	4	296	4	3	14	93	0
2.954	1	4	296	5	3	14	93	0
2.956	1	4	296	7	3	14	93	0
2.958	1	4	296	9	3	14	93	0
2.96	1	4	297	1	3	14	93	0
2.962	1	4	297	3	3	14	93	0
2.964	1	4	297	5	3	14	93	0
2.966	1	4	297	7	3	14	93	0
2.968	1	4	297	9	3	14	93	0
2.969	1	4	297	10	3	14	93	0
2.971	1	4	298	2	3	14	93	0
2.973	1	4	298	4	3	14	93	0
2.975	1	4	298	6	3	14	93	0
2.977	1	4	298	8	3	14	93	0
2.979	1	4	298	10	3	14	93	0
2.981	1	4	299	2	3	14	93	0
2.983	1	4	299	4	3	14	93	0
2.984	1	4	299	5	3	14	93	0
2.986	1	4	299	7	3	14	93	0
2.988	1	4	299	9	3	14	93	0
2.99	1	4	300	1	3	14	93	0
2.992	1	4	300	3	3	14	93	0
2.994	1	4	300	5	3	14	93	0
2.996	1	4	300	7	3	14	93	0
2.998	1	4	300	9	3	14	93	0
2.999	1	4	300	10	3	14	93	0
3.001	1	4	301	2	3	14	93	0
3.003	1	4	301	4	3	14	93	0
3.005	1	4	301	6	3	14	93	0
3.007	1	4	301	8	3	14	93	0
3.009	1	4	301	10	3	14	93	0
3.011	1	4	302	2	3	14	93	0
3.013	1	4	302	4	3	14	93	0
3.014	1	4	302	5	3	14	93	0
3.016	1	4	302	7	3	14	93	0
3.018	1	4	302	9	3	14	93	0
3.02	1	4	303	1	3	14	93	0
3.022	1	4	303	3	3	14	93	0
3.024	1	4	303	5	3	14	93	0
3.026	1	4	303	7	3	14	93	0
3.028	1	4	303	9	3	14	93	0
3.029	1	4	303	10	3	14	93	0
3.031	1	4	304	2	3	14	93	0
3.033	1	4	304	4	3	14	93	0
3.035	1	4	304	6	3	14	93	0
3.037	1	4	304	8	3	14	93	0
3.039	1	4	304	10	3	14	93	0
3.041	1	4	305	2	3	14	93	0
3.043	1	4	305	4	3	14	93	0
3.044	1	4	305	5	3	14	93	0
3.046	1	4	305	7	3	14	93	0
3.048	1	4	305	9	3	14	93	0
3.05	1	4	306	1	3	14	93	0
3.052	1	4	306	3	3	14	93	0
3.054	1	4	306	5	3	14	93	0
3.056	1	4	306	7	3	14	93	0
3.058	1	4	306	9	3	14	93	0
3.059	1	4	306	10	3	14	93	0
3.061	1	4	307	2	3	14	93	0
3.063	1	4	307	4	3	14	93	0
3.065	1	4	307	6	3	14	93	0
3.067	1	4	307	8	3	14	93	0
3.069	1	4	307	10	3	14	93	0
3.071	1	4	308	2	3	14	93	0
3.073	1	4	308	4	3	14	93	0
3.074	1	4	308	5	3	14	93	0
3.076	1	4	308	7	3	14	93	0
3.078	1	4	308	9	3	14	93	0
3.08	1	4	309	1	3	14	93	0
3.082	1	4	309	3	3	14	93	0
3.084	1	4	309	5	3	14	93	0
3.086	1	4	309	7	3	14	93	0
3.088	1	4	309	9	3	14	93	0
3.089	1	4	309	10	3	14	93	0
3.091	1	4	310	2	3	14	93	0
3.093	1	4	310	4	3	14	93	0
3.095	1	4	310	6	3	14	93	0
3.097	1	4	310	8	3	14	93	0
3.099	1	4	310	10	3	14	93	0
3.101	1	4	311	2	3	14	93	0
3.103	1	4	311	4	3	14	93	0
3.104	1	4	311	5	3	14	93	0
3.106	1	4	311	7	3	14	93	0
3.108	1	4	311	9	3	14	93	0
3.11	1	4	312	1	3	14	93	0
3.112	1	4	312	3	3	14	93	0
3.114	1	4	312	5	3	14	93	0
3.116	1	4	312	7	3	14	93	0
3.118	1	4	312	9	3	14	93	0
3.119	1	4	312	10	3	14	93	0
3.121	1	4	313	2	3	14	93	0
3.123	1	4	313	4	3	14	93	0
3.125	1	4	313	6	3	14	93	0
3.127	1	4	313	8	3	14	93	0
3.129	1	4	313	10	3	14	93	0
3.131	1	4	314	2	3	14	93	0
3.133	1	4	314	4	3	14	93	0
3.134	1	4	314	5	3	14	93	0
3.136	1	4	314	7	3	14	93	0
3.138	1	4	314	9	3	14	93	0
3.14	1	4	315	1	3	14	93	0
3.142	1	4	315	3	3	14	93	0
3.144	1	4	315	5	3	14	93	0
3.146	1	4	315	7	3	14	93	0
3.148	1	4	315	9	3	14	93	0
3.149	1	4	315	10	3	14	93	0
3.151	1	4	316	2	3	14	93	0
3.153	1	4	316	4	3	14	93	0
3.155	1	4	316	6	3	14	93	0
3.157	1	4	316	8	3	14	93	0
3.159	1	4	316	10	3	14	93	0
3.161	1	4	317	2	3	14	93	0
3.163	1	4	317	4	3	14	93	0
3.164	1	4	317	5	3	14	93	0
3.166	1	4	317	7	3	14	93	0
3.168	1	4	317	9	3	14	93	0
3.17	1	4	318	1	3	14	93	0
3.172	1	4	318	3	3	14	93	0
3.174	1	4	318	5	3	14	93	0
3.176	1	4	318	7	3	14	93	0
3.178	1	4	318	9	3	14	93	0
3.179	1	4	318	10	3	14	93	0
3.181	1	4	319	2	3	14	93	0
3.183	1	4	319	4	3	14	93	0
3.185	1	4	319	6	3	14	93	0
3.187	1	4	319	8	3	14	93	0
3.189	1	4	319	10	3	14	93	0
3.191	1	4	320	2	3	14	93	0
3.193	1	4	320	4	3	14	93	0
3.194	1	4	320	5	3	14	93	0
3.196	1	4	320	7	3	14	93	0
3.198	1	4	320	9	3	14	93	0
3.2	1	4	321	1	3	14	93	0
3.202	1	4	321	3	3	14	93	0
3.204	1	4	321	5	3	14	93	0
3.206	1	4	321	7	3	14	93	0
3.208	1	4	321	9	3	14	93	0
3.209	1	4	321	10	3	14	93	0
3.211	1	4	322	2	3	14	93	0
3.213	1	4	322	4	3	14	93	0
3.215	1	4	322	6	3	14	93	0
3.217	1	4	322	8	3	14	93	0
3.219	1	4	322	10	3	14	93	0
3.221	1	4	323	2	3	14	93	0
3.223	1	4	323	4	3	14	93	0
3.224	1	4	323	5	3	14	93	0
3.226	1	4	323	7	3	14	93	0
3.228	1	4	323	9	3	14	93	0
3.23	1	4	324	1	3	14	93	0
3.232	1	4	324	3	3	14	93	0
3.234	1	4	324	5	3	14	93	0
3.236	1	4	324	7	3	14	93	0
3.238	1	4	324	9	3	14	93	0
3.239	1	4	324	10	3	14	93	0
3.241	1	4	325	2	3	14	93	0
3.243	1	4	325	4	3	14	93	0
3.245	1	4	325	6	3	14	93	0
3.247	1	4	325	8	3	14	93	0
3.249	1	4	325	10	3	14	93	0
3.251	1	4	326	2	3	14	93	0
3.253	1	4	326	4	3	14	93	0
3.254	1	4	326	5	3	14	93	0
3.256	1	4	326	7	3	14	93	0
3.258	1	4	326	9	3	14	93	0
3.26	1	4	327	1	3	14	93	0
3.262	1	4	327	3	3	14	93	0
3.264	1	4	327	5	3	14	93	0
3.266	1	4	327	7	3	14	93	0
3.268	1	4	327	9	3	14	93	0
3.269	1	4	327	10	3	14	93	0
3.271	1	4	328	2	3	14	93	0
3.273	1	4	328	4	3	14	93	0
3.275	1	4	328	6	3	14	93	0
3.277	1	4	328	8	3	14	93	0
3.279	1	4	328	10	3	14	93	0
3.281	1	4	329	2	3	14	93	0
3.283	1	4	329	4	3	14	93	0
3.284	1	4	329	5	3	14	93	0
3.286	1	4	329	7	3	14	93	0
3.288	1	4	329	9	3	14	93	0
3.29	1	4	330	1	3	14	93	0
3.292	1	4	330	3	3	14	93	0
3.294	1	4	330	5	3	14	93	0
3.296	1	4	330	7	3	14	93	0
3.298	1	4	330	9	3	14	93	0
3.299	1	4	330	10	3	14	93	0
3.301	1	4	331	2	3	14	93	0
3.303	1	4	331	4	3	14	93	0
3.305	1	4	331	6	3	14	93	0
3.307	1	4	331	8	3	14	93	0
3.309	1	4	331	10	3	14	93	0
3.311	1	4	332	2	3	14	93	0
3.313	1	4	332	4	3	14	93	0
3.314	1	4	332	5	3	14	93	0
3.316	1	4	332	7	3	14	93	0
3.318	1	4	332	9	3	14	93	0
3.32	1	4	333	1	3	14	93	0
3.322	1	4	333	3	3	14	93	0
3.324	1	4	333	5	3	14	93	0
3.326	1	4	333	7	3	14	93	0
3.328	1	4	333	9	3	14	93	0
3.329	1	4	333	10	3	14	93	0
3.331	1	4	334	2	3	14	93	0
3.333	1	4	334	4	3	14	93	0
3.335	1	4	334	6	3	14	93	0
3.337	1	4	334	8	3	14	93	0
3.339	1	4	334	10	3	14	93	0
3.341	1	4	335	2	3	14	93	0
3.343	1	4	335	4	3	14	93	0
3.344	1	4	335	5	3	14	93	0
3.346	1	4	335	7	3	14	93	0
3.348	1	4	335	9	3	14	93	0
3.35	1	4	336	1	3	14	93	0
3.352	1	4	336	3	3	14	93	0
3.354	1	4	336	5	3	14	93	0
3.356	1	4	336	7	3	14	93	0
3.358	1	4	336	9	3	14	93	0
3.359	1	4	336	10	3	14	93	0
3.361	1	4	337	2	3	14	93	0
3.363	1	4	337	4	3	14	93	0
3.365	1	4	337	6	3	14	93	0
3.367	1	4	337	8	3	14	93	0
3.369	1	4	337	10	3	14	93	0
3.371	1	4	338	2	3	14	93	0
3.373	1	4	338	4	3	14	93	0
3.374	1	4	338	5	3	14	93	0
3.376	1	4	338	7	3	14	93	0
3.378	1	4	338	9	3	14	93	0
3.38	1	4	339	1	3	14	93	0
3.382	1	4	339	3	3	14	93	0
3.384	1	4	339	5	3	14	93	0
3.386	1	4	339	7	3	14	93	0
3.388	1	4	339	9	3	14	93	0
3.389	1	4	339	10	3	14	93	0
3.391	1	4	340	2	3	14	93	0
3.393	1	4	340	4	3	14	93	0
3.395	1	4	340	6	3	14	93	0
3.397	1	4	340	8	3	14	93	0
3.399	1	4	340	10	3	14	93	0
3.401	1	4	341	2	3	14	93	0
3.403	1	4	341	4	3	14	93	0
3.404	1	4	341	5	3	14	93	0
3.406	1	4	341	7	3	14	93	0
3.408	1	4	341	9	3	14	93	0
3.41	1	4	342	1	3	14	93	0
3.412	1	4	342	3	3	14	93	0
3.414	1	4	342	5	3	14	93	0
3.416	1	4	342	7	3	14	93	0
3.418	1	4	342	9	3	14	93	0
3.419	1	4	342	10	3	14	93	0
3.421	1	4	343	2	3	14	93	0
3.423	1	4	343	4	3	14	93	0
3.425	1	4	343	6	3	14	93	0
3.427	1	4	343	8	3	14	93	0
3.429	1	4	343	10	3	14	93	0
3.431	1	4	344	2	3	14	93	0
3.433	1	4	344	4	3	14	93	0
3.434	1	4	344	5	3	14	93	0
3.436	1	4	344	7	3	14	93	0
3.438	1	4	344	9	3	14	93	0
3.44	1	4	345	1	3	14	93	0
3.442	1	4	345	3	3	14	93	0
3.444	1	4	345	5	3	14	93	0
3.446	1	4	345	7	3	14	93	0
3.448	1	4	345	9	3	14	93	0
3.449	1	4	345	10	3	14	93	0
3.451	1	4	346	2	3	14	93	0
3.453	1	4	346	4	3	14	93	0
3.455	1	4	346	6	3	14	93	0
3.457	1	4	346	8	3	14	93	0
3.459	1	4	346	10	3	14	93	0
3.461	1	4	347	2	3	14	93	0
3.463	1	4	347	4	3	14	93	0
3.464	1	4	347	5	3	14	93	0
3.466	1	4	347	7	3	14	93	0
3.468	1	4	347	9	3	14	93	0
3.47	1	4	348	1	3	14	93	0
3.472	1	4	348	3	3	14	93	0
3.474	1	4	348	5	3	14	93	0
3.476	1	4	348	7	3	14	93	0
3.478	1	4	348	9	3	14	93	0
3.479	1	4	348	10	3	14	93	0
3.481	1	4	349	2	3	14	93	0
3.483	1	4	349	4	3	14	93	0
3.485	1	4	349	6	3	14	93	0
3.487	1	4	349	8	3	14	93	0
3.489	1	4	349	10	3	14	93	0
3.491	1	4	350	2	3	14	93	0
3.493	1	4	350	4	3	14	93	0
3.494	1	4	350	5	3	14	93	0
3.496	1	4	350	7	3	14	93	0
3.498	1	4	350	9	3	14	93	0
3.5	1	4	351	1	3	14	93	0
3.502	1	4	351	3	3	14	93	0
3.504	1	4	351	5	3	14	93	0
3.506	1	4	351	7	3	14	93	0
3.508	1	4	351	9	3	14	93	0
3.509	1	4	351	10	3	14	93	0
3.511	1	4	352	2	3	14	93	0
3.513	1	4	352	4	3	14	93	0
3.515	1	4	352	6	3	14	93	0
3.517	1	4	352	8	3	14	93	0
3.519	1	4	352	10	3	14	93	0
3.521	1	4	353	2	3	14	93	0
3.523	1	4	353	4	3	14	93	0
3.524	1	4	353	5	3	14	93	0
3.526	1	4	353	7	3	14	93	0
3.528	1	4	353	9	3	14	93	0
3.53	1	4	354	1	3	14	93	0
3.532	1	4	354	3	3	14	93	0
3.534	1	4	354	5	3	14	93	0
3.536	1	4	354	7	3	14	93	0
3.538	1	4	354	9	3	14	93	0
3.539	1	4	354	10	3	14	93	0
3.541	1	4	355	2	3	14	93	0
3.543	1	4	355	4	3	14	93	0
3.545	1	4	355	6	3	14	93	0
3.547	1	4	355	8	3	14	93	0
3.549	1	4	355	10	3	14	93	0
3.551	1	4	356	2	3	14	93	0
3.553	1	4	356	4	3	14	93	0
3.554	1	4	356	5	3	14	93	0
3.556	1	4	356	7	3	14	93	0
3.558	1	4	356	9	3	14	93	0
3.56	1	4	357	1	3	14	93	0
3.562	1	4	357	3	3	14	93	0
3.564	1	4	357	5	3	14	93	0
3.566	1	4	357	7	3	14	93	0
3.568	1	4	357	9	3	14	93	0
3.569	1	4	357	10	3	14	93	0
3.571	1	4	358	2	3	14	93	0
3.573	1	4	358	4	3	14	93	0
3.575	1	4	358	6	3	14	93	0
3.577	1	4	358	8	3	14	93	0
3.579	1	4	358	10	3	14	93	0
3.581	1	4	359	2	3	14	93	0
3.583	1	4	359	4	3	14	93	0
3.584	1	4	359	5	3	14	93	0
3.586	1	4	359	7	3	14	93	0
3.588	1	4	359	9	3	14	93	0
3.59	1	4	360	1	3	14	93	0
3.592	1	4	360	3	3	14	93	0
3.594	1	4	360	5	3	14	93	0
3.596	1	4	360	7	3	14	93	0
3.598	1	4	360	9	3	14	93	0
3.599	1	4	360	10	3	14	93	0
3.601	1	4	361	2	3	14	93	0
3.603	1	4	361	4	3	14	93	0
3.605	1	4	361	6	3	14	93	0
3.607	1	4	361	8	3	14	93	0
3.609	1	4	361	10	3	14	93	0
3.611	1	4	362	2	3	14	93	0
3.613	1	4	362	4	3	14	93	0
3.614	1	4	362	5	3	14	93	0
3.616	1	4	362	7	3	14	93	0
3.618	1	4	362	9	3	14	93	0
3.62	1	4	363	1	3	14	93	0
3.622	1	4	363	3	3	14	93	0
3.624	1	4	363	5	3	14	93	0
3.626	1	4	363	7	3	14	93	0
3.628	1	4	363	9	3	14	93	0
3.629	1	4	363	10	3	14	93	0
3.631	1	4	364	2	3	14	93	0
3.633	1	4	364	4	3	14	93	0
3.635	1	4	364	6	3	14	93	0
3.637	1	4	364	8	3	14	93	0
3.639	1	4	364	10	3	14	93	0
3.641	1	4	365	2	3	14	93	0
3.643	1	4	365	4	3	14	93	0
3.644	1	4	365	5	3	14	93	0
3.646	1	4	365	7	3	14	93	0
3.648	1	4	365	9	3	14	93	0
3.65	1	4	366	1	3	14	93	0
3.652	1	4	366	3	3	14	93	0
3.654	1	4	366	5	3	14	93	0
3.656	1	4	366	7	3	14	93	0
3.658	1	4	366	9	3	14	93	0
3.659	1	4	366	10	3	14	93	0
3.661	1	4	367	2	3	14	93	0
3.663	1	4	367	4	3	14	93	0
3.665	1	4	367	6	3	14	93	0
3.667	1	4	367	8	3	14	93	0
3.669	1	4	367	10	3	14	93	0
3.671	1	4	368	2	3	14	93	0
3.673	1	4	368	4	3	14	93	0
3.674	1	4	368	5	3	14	93	0
3.676	1	4	368	7	3	14	93	0
3.678	1	4	368	9	3	14	93	0
3.68	1	4	369	1	3	14	93	0
3.682	1	4	369	3	3	14	93	0
3.684	1	4	369	5	3	14	93	0
3.686	1	4	369	7	3	14	93	0
3.688	1	4	369	9	3	14	93	0
3.689	1	4	369	10	3	14	93	0
3.691	1	4	370	2	3	14	93	0
3.693	1	4	370	4	3	14	93	0
3.695	1	4	370	6	3	14	93	0
3.697	1	4	370	8	3	14	93	0
3.699	1	4	370	10	3	14	93	0
3.701	1	4	371	2	3	14	93	0
3.703	1	4	371	4	3	14	93	0
3.704	1	4	371	5	3	14	93	0
3.706	1	4	371	7	3	14	93	0
3.708	1	4	371	9	3	14	93	0
3.71	1	4	372	1	3	14	93	0
3.712	1	4	372	3	3	14	93	0
3.714	1	4	372	5	3	14	93	0
3.716	1	4	372	7	3	14	93	0
3.718	1	4	372	9	3	14	93	0
3.719	1	4	372	10	3	14	93	0
3.721	1	4	373	2	3	14	93	0
3.723	1	4	373	4	3	14	93	0
3.725	1	4	373	6	3	14	93	0
3.727	1	4	373	8	3	14	93	0
3.729	1	4	373	10	3	14	93	0
3.731	1	4	374	2	3	14	93	0
3.733	1	4	374	4	3	14	93	0
3.734	1	4	374	5	3	14	93	0
3.736	1	4	374	7	3	14	93	0
3.738	1	4	374	9	3	14	93	0
3.74	1	4	375	1	3	14	93	0
3.742	1	4	375	3	3	14	93	0
3.744	1	4	375	5	3	14	93	0
3.746	1	4	375	7	3	14	93	0
3.748	1	4	375	9	3	14	93	0
3.749	1	4	375	10	3	14	93	0
3.751	1	4	376	2	3	14	93	0
3.753	1	4	376	4	3	14	93	0
3.755	1	4	376	6	3	14	93	0
3.757	1	4	376	8	3	14	93	0
3.759	1	4	376	10	3	14	93	0
3.761	1	4	377	2	3	14	93	0
3.763	1	4	377	4	3	14	93	0
3.764	1	4	377	5	3	14	93	0
3.766	1	4	377	7	3	14	93	0
3.768	1	4	377	9	3	14	93	0
3.77	1	4	378	1	3	14	93	0
3.772	1	4	378	3	3	14	93	0
3.774	1	4	378	5	3	14	93	0
3.776	1	4	378	7	3	14	93	0
3.778	1	4	378	9	3	14	93	0
3.779	1	4	378	10	3	14	93	0
3.781	1	4	379	2	3	14	93	0
3.783	1	4	379	4	3	14	93	0
3.785	1	4	379	6	3	14	93	0
3.787	1	4	379	8	3	14	93	0
3.789	1	4	379	10	3	14	93	0
3.791	1	4	380	2	3	14	93	0
3.793	1	4	380	4	3	14	93	0
3.794	1	4	380	5	3	14	93	0
3.796	1	4	380	7	3	14	93	0
3.798	1	4	380	9	3	14	93	0
3.8	1	4	381	1	3	14	93	0
3.802	1	4	381	3	3	14	93	0
3.804	1	4	381	5	3	14	93	0
3.806	1	4	381	7	3	14	93	0
3.808	1	4	381	9	3	14	93	0
3.809	1	4	381	10	3	14	93	0
3.811	1	4	382	2	3	14	93	0
3.813	1	4	382	4	3	14	93	0
3.815	1	4	382	6	3	14	93	0
3.817	1	4	382	8	3	14	93	0
3.819	1	4	382	10	3	14	93	0
3.821	1	4	383	2	3	14	93	0
3.823	1	4	383	4	3	14	93	0
3.824	1	4	383	5	3	14	93	0
3.826	1	4	383	7	3	14	93	0
3.828	1	4	383	9	3	14	93	0
3.83	1	4	384	1	3	14	93	0
3.832	1	4	384	3	3	14	93	0
3.834	1	4	384	5	3	14	93	0
3.836	1	4	384	7	3	14	93	0
3.838	1	4	384	9	3	14	93	0
3.839	1	4	384	10	3	14	93	0
3.841	1	4	385	2	3	14	93	0
3.843	1	4	385	4	3	14	93	0
3.845	1	4	385	6	3	14	93	0
3.847	1	4	385	8	3	14	93	0
3.849	1	4	385	10	3	14	93	0
3.851	1	4	386	2	3	14	93	0
3.853	1	4	386	4	3	14	93	0
3.854	1	4	386	5	3	14	93	0
3.856	1	4	386	7	3	14	93	0
3.858	1	4	386	9	3	14	93	0
3.86	1	4	387	1	3	14	93	0
3.862	1	4	387	3	3	14	93	0
3.864	1	4	387	5	3	14	93	0
3.866	1	4	387	7	3	14	93	0
3.868	1	4	387	9	3	14	93	0
3.869	1	4	387	10	3	14	93	0
3.871	1	4	388	2	3	14	93	0
3.873	1	4	388	4	3	14	93	0
3.875	1	4	388	6	3	14	93	0
3.877	1	4	388	8	3	14	93	0
3.879	1	4	388	10	3	14	93	0
3.881	1	4	389	2	3	14	93	0
3.883	1	4	389	4	3	14	93	0
3.884	1	4	389	5	3	14	93	0
3.886	1	4	389	7	3	14	93	0
3.888	1	4	389	9	3	14	93	0
3.89	1	4	390	1	3	14	93	0
3.892	1	4	390	3	3	14	93	0
3.894	1	4	390	5	3	14	93	0
3.896	1	4	390	7	3	14	93	0
3.898	1	4	390	9	3	14	93	0
3.899	1	4	390	10	3	14	93	0
3.901	1	4	391	2	3	14	93	0
3.903	1	4	391	4	3	14	93	0
3.905	1	4	391	6	3	14	93	0
3.907	1	4	391	8	3	14	93	0
3.909	1	4	391	10	3	14	93	0
3.911	1	4	392	2	3	14	93	0
3.913	1	4	392	4	3	14	93	0
3.914	1	4	392	5	3	14	93	0
3.916	1	4	392	7	3	14	93	0
3.918	1	4	392	9	3	14	93	0
3.92	1	4	393	1	3	14	93	0
3.922	1	4	393	3	3	14	93	0
3.924	1	4	393	5	3	14	93	0
3.926	1	4	393	7	3	14	93	0
3.928	1	4	393	9	3	14	93	0
3.929	1	4	393	10	3	14	93	0
3.931	1	4	394	2	3	14	93	0
3.933	1	4	394	4	3	14	93	0
3.935	1	4	394	6	3	14	93	0
3.937	1	4	394	8	3	14	93	0
3.939	1	4	394	10	3	14	93	0
3.941	1	4	395	2	3	14	93	0
3.943	1	4	395	4	3	14	93	0
3.944	1	4	395	5	3	14	93	0
3.946	1	4	395	7	3	14	93	0
3.948	1	4	395	9	3	14	93	0
3.95	1	4	396	1	3	14	93	0
3.952	1	4	396	3	3	14	93	0
3.954	1	4	396	5	3	14	93	0
3.956	1	4	396	7	3	14	93	0
3.958	1	4	396	9	3	14	93	0
3.959	1	4	396	10	3	14	93	0
3.961	1	4	397	2	3	14	93	0
3.963	1	4	397	4	3	14	93	0
3.965	1	4	397	6	3	14	93	0
3.967	1	4	397	8	3	14	93	0
3.969	1	4	397	10	3	14	93	0
3.971	1	4	398	2	3	14	93	0
3.973	1	4	398	4	3	14	93	0
3.974	1	4	398	5	3	14	93	0
3.976	1	4	398	7	3	14	93	0
3.978	1	4	398	9	3	14	93	0
3.98	1	4	399	1	3	14	93	0
3.982	1	4	399	3	3	14	93	0
3.984	1	4	399	5	3	14	93	0
3.986	1	4	399	7	3	14	93	0
3.988	1	4	399	9	3	14	93	0
3.989	1	4	399	10	3	14	93	0
3.991	1	4	400	2	3	14	93	0
3.993	1	4	400	4	3	14	93	0
3.995	1	4	400	6	3	14	93	0
3.997	1	4	400	8	3	14	93	0
3.999	1	4	400	10	3	14	93	0
4.001	1	4	401	2	3	14	93	0
4.003	1	4	401	4	3	14	93	0
4.004	1	4	401	5	3	14	93	0
4.006	1	4	401	7	3	14	93	0
4.008	1	4	401	9	3	14	93	0
4.01	1	4	402	1	3	14	93	0
4.012	1	4	402	3	3	14	93	0
4.014	1	4	402	5	3	14	93	0
4.016	1	4	402	7	3	14	93	0
4.018	1	4	402	9	3	14	93	0
4.019	1	4	402	10	3	14	93	0
4.021	1	4	403	2	3	14	93	0
4.023	1	4	403	4	3	14	93	0
4.025	1	4	403	6	3	14	93	0
4.027	1	4	403	8	3	14	93	0
4.029	1	4	403	10	3	14	93	0
4.031	1	4	404	2	3	14	93	0
4.033	1	4	404	4	3	14	93	0
4.034	1	4	404	5	3	14	93	0
4.036	1	4	404	7	3	14	93	0
4.038	1	4	404	9	3	14	93	0
4.04	1	4	405	1	3	14	93	0
4.042	1	4	405	3	3	14	93	0
4.044	1	4	405	5	3	14	93	0
4.046	1	4	405	7	3	14	93	0
4.048	1	4	405	9	3	14	93	0
4.049	1	4	405	10	3	14	93	0
4.051	1	4	406	2	3	14	93	0
4.053	1	4	406	4	3	14	93	0
4.055	1	4	406	6	3	14	93	0
4.057	1	4	406	8	3	14	93	0
4.059	1	4	406	10	3	14	93	0
4.061	1	4	407	2	3	14	93	0
4.063	1	4	407	4	3	14	93	0
4.064	1	4	407	5	3	14	93	0
4.066	1	4	407	7	3	14	93	0
4.068	1	4	407	9	3	14	93	0
4.07	1	4	408	1	3	14	93	0
4.072	1	4	408	3	3	14	93	0
4.074	1	4	408	5	3	14	93	0
4.076	1	4	408	7	3	14	93	0
4.078	1	4	408	9	3	14	93	0
4.079	1	4	408	10	3	14	93	0
4.081	1	4	409	2	3	14	93	0
4.083	1	4	409	4	3	14	93	0
4.085	1	4	409	6	3	14	93	0
4.087	1	4	409	8	3	14	93	0
4.089	1	4	409	10	3	14	93	0
4.091	1	4	410	2	3	14	93	0
4.093	1	4	410	4	3	14	93	0
4.094	1	4	410	5	3	14	93	0
4.096	1	4	410	7	3	14	93	0
4.098	1	4	410	9	3	14	93	0
4.1	1	4	411	1	3	14	93	0
4.102	1	4	411	3	3	14	93	0
4.104	1	4	411	5	3	14	93	0
4.106	1	4	411	7	3	14	93	0
4.108	1	4	411	9	3	14	93	0
4.109	1	4	411	10	3	14	93	0
4.111	1	4	412	2	3	14	93	0
4.113	1	4	412	4	3	14	93	0
4.115	1	4	412	6	3	14	93	0
4.117	1	4	412	8	3	14	93	0
4.119	1	4	412	10	3	14	93	0
4.121	1	4	413	2	3	14	93	0
4.123	1	4	413	4	3	14	93	0
4.124	1	4	413	5	3	14	93	0
4.126	1	4	413	7	3	14	93	0
4.128	1	4	413	9	3	14	93	0
4.13	1	4	414	1	3	14	93	0
4.132	1	4	414	3	3	14	93	0
4.134	1	4	414	5	3	14	93	0
4.136	1	4	414	7	3	14	93	0
4.138	1	4	414	9	3	14	93	0
4.139	1	4	414	10	3	14	93	0
4.141	1	4	415	2	3	14	93	0
4.143	1	4	415	4	3	14	93	0
4.145	1	4	415	6	3	14	93	0
4.147	1	4	415	8	3	14	93	0
4.149	1	4	415	10	3	14	93	0
4.151	1	4	416	2	3	14	93	0
4.153	1	4	416	4	3	14	93	0
4.154	1	4	416	5	3	14	93	0
4.156	1	4	416	7	3	14	93	0
4.158	1	4	416	9	3	14	93	0
4.16	1	4	417	1	3	14	93	0
4.162	1	4	417	3	3	14	93	0
4.164	1	4	417	5	3	14	93	0
4.166	1	4	417	7	3	14	93	0
4.168	1	4	417	9	3	14	93	0
4.169	1	4	417	10	3	14	93	0
4.171	1	4	418	2	3	14	93	0
4.173	1	4	418	4	3	14	93	0
4.175	1	4	418	6	3	14	93	0
4.177	1	4	418	8	3	14	93	0
4.179	1	4	418	10	3	14	93	0
4.181	1	4	419	2	3	14	93	0
4.183	1	4	419	4	3	14	93	0
4.184	1	4	419	5	3	14	93	0
4.186	1	4	419	7	3	14	93	0
4.188	1	4	419	9	3	14	93	0
4.19	1	4	420	1	3	14	93	0
4.192	1	4	420	3	3	14	93	0
4.194	1	4	420	5	3	14	93	0
4.196	1	4	420	7	3	14	93	0
4.198	1	4	420	9	3	14	93	0
4.199	1	4	420	10	3	14	93	0
4.201	1	4	421	2	3	14	93	0
4.203	1	4	421	4	3	14	93	0
4.205	1	4	421	6	3	14	93	0
4.207	1	4	421	8	3	14	93	0
4.209	1	4	421	10	3	14	93	0
4.211	1	4	422	2	3	14	93	0
4.213	1	4	422	4	3	14	93	0
4.214	1	4	422	5	3	14	93	0
4.216	1	4	422	7	3	14	93	0
4.218	1	4	422	9	3	14	93	0
4.22	1	4	423	1	3	14	93	0
4.222	1	4	423	3	3	14	93	0
4.224	1	4	423	5	3	14	93	0
4.226	1	4	423	7	3	14	93	0
4.228	1	4	423	9	3	14	93	0
4.229	1	4	423	10	3	14	93	0
4.231	1	4	424	2	3	14	93	0
4.233	1	4	424	4	3	14	93	0
4.235	1	4	424	6	3	14	93	0
4.237	1	4	424	8	3	14	93	0
4.239	1	4	424	10	3	14	93	0
4.241	1	4	425	2	3	14	93	0
4.243	1	4	425	4	3	14	93	0
4.244	1	4	425	5	3	14	93	0
4.246	1	4	425	7	3	14	93	0
4.248	1	4	425	9	3	14	93	0
4.25	1	4	426	1	3	14	93	0
4.252	1	4	426	3	3	14	93	0
4.254	1	4	426	5	3	14	93	0
4.256	1	4	426	7	3	14	93	0
4.258	1	4	426	9	3	14	93	0
4.259	1	4	426	10	3	14	93	0
4.261	1	4	427	2	3	14	93	0
4.263	1	4	427	4	3	14	93	0
4.265	1	4	427	6	3	14	93	0
4.267	1	4	427	8	3	14	93	0
4.269	1	4	427	10	3	14	93	0
4.271	1	4	428	2	3	14	93	0
4.273	1	4	428	4	3	14	93	0
4.274	1	4	428	5	3	14	93	0
4.276	1	4	428	7	3	14	93	0
4.278	1	4	428	9	3	14	93	0
4.28	1	4	429	1	3	14	93	0
4.282	1	4	429	3	3	14	93	0
4.284	1	4	429	5	3	14	93	0
4.286	1	4	429	7	3	14	93	0
4.288	1	4	429	9	3	14	93	0
4.289	1	4	429	10	3	14	93	0
4.291	1	4	430	2	3	14	93	0
4.293	1	4	430	4	3	14	93	0
4.295	1	4	430	6	3	14	93	0
4.297	1	4	430	8	3	14	93	0
4.299	1	4	430	10	3	14	93	0
4.301	1	4	431	2	3	14	93	0
4.303	1	4	431	4	3	14	93	0
4.304	1	4	431	5	3	14	93	0
4.306	1	4	431	7	3	14	93	0
4.308	1	4	431	9	3	14	93	0
4.31	1	4	432	1	3	14	93	0
4.312	1	4	432	3	3	14	93	0
4.314	1	4	432	5	3	14	93	0
4.316	1	4	432	7	3	14	93	0
4.318	1	4	432	9	3	14	93	0
4.319	1	4	432	10	3	14	93	0
4.321	1	4	433	2	3	14	93	0
4.323	1	4	433	4	3	14	93	0
4.325	1	4	433	6	3	14	93	0
4.327	1	4	433	8	3	14	93	0
4.329	1	4	433	10	3	14	93	0
4.331	1	4	434	2	3	14	93	0
4.333	1	4	434	4	3	14	93	0
4.334	1	4	434	5	3	14	93	0
4.336	1	4	434	7	3	14	93	0
4.338	1	4	434	9	3	14	93	0
4.34	1	4	435	1	3	14	93	0
4.342	1	4	435	3	3	14	93	0
4.344	1	4	435	5	3	14	93	0
4.346	1	4	435	7	3	14	93	0
4.348	1	4	435	9	3	14	93	0
4.349	1	4	435	10	3	14	93	0
4.351	1	4	436	2	3	14	93	0
4.353	1	4	436	4	3	14	93	0
4.355	1	4	436	6	3	14	93	0
4.357	1	4	436	8	3	14	93	0
4.359	1	4	436	10	3	14	93	0
4.361	1	4	437	2	3	14	93	0
4.363	1	4	437	4	3	14	93	0
4.364	1	4	437	5	3	14	93	0
4.366	1	4	437	7	3	14	93	0
4.368	1	4	437	9	3	14	93	0
4.37	1	4	438	1	3	14	93	0
4.372	1	4	438	3	3	14	93	0
4.374	1	4	438	5	3	14	93	0
4.376	1	4	438	7	3	14	93	0
4.378	1	4	438	9	3	14	93	0
4.379	1	4	438	10	3	14	93	0
4.381	1	4	439	2	3	14	93	0
4.383	1	4	439	4	3	14	93	0
4.385	1	4	439	6	3	14	93	0
4.387	1	4	439	8	3	14	93	0
4.389	1	4	439	10	3	14	93	0
4.391	1	4	440	2	3	14	93	0
4.393	1	4	440	4	3	14	93	0
4.394	1	4	440	5	3	14	93	0
4.396	1	4	440	7	3	14	93	0
4.398	1	4	440	9	3	14	93	0
4.4	1	4	441	1	3	14	93	0
4.402	1	4	441	3	3	14	93	0
4.404	1	4	441	5	3	14	93	0
4.406	1	4	441	7	3	14	93	0
4.408	1	4	441	9	3	14	93	0
4.409	1	4	441	10	3	14	93	0
4.411	1	4	442	2	3	14	93	0
4.413	1	4	442	4	3	14	93	0
4.415	1	4	442	6	3	14	93	0
4.417	1	4	442	8	3	14	93	0
4.419	1	4	442	10	3	14	93	0
4.421	1	4	443	2	3	14	93	0
4.423	1	4	443	4	3	14	93	0
4.424	1	4	443	5	3	14	93	0
4.426	1	4	443	7	3	14	93	0
4.428	1	4	443	9	3	14	93	0
4.43	1	4	444	1	3	14	93	0
4.432	1	4	444	3	3	14	93	0
4.434	1	4	444	5	3	14	93	0
4.436	1	4	444	7	3	14	93	0
4.438	1	4	444	9	3	14	93	0
4.439	1	4	444	10	3	14	93	0
4.441	1	4	445	2	3	14	93	0
4.443	1	4	445	4	3	14	93	0
4.445	1	4	445	6	3	14	93	0
4.447	1	4	445	8	3	14	93	0
4.449	1	4	445	10	3	14	93	0
4.451	1	4	446	2	3	14	93	0
4.453	1	4	446	4	3	14	93	0
4.454	1	4	446	5	3	14	93	0
4.456	1	4	446	7	3	14	93	0
4.458	1	4	446	9	3	14	93	0
4.46	1	4	447	1	3	14	93	0
4.462	1	4	447	3	3	14	93	0
4.464	1	4	447	5	3	14	93	0
4.466	1	4	447	7	3	14	93	0
4.468	1	4	447	9	3	14	93	0
4.469	1	4	447	10	3	14	93	0
4.471	1	4	448	2	3	14	93	0
4.473	1	4	448	4	3	14	93	0
4.475	1	4	448	6	3	14	93	0
4.477	1	4	448	8	3	14	93	0
4.479	1	4	448	10	3	14	93	0
4.481	1	4	449	2	3	14	93	0
4.483	1	4	449	4	3	14	93	0
4.484	1	4	449	5	3	14	93	0
4.486	1	4	449	7	3	14	93	0
4.488	1	4	449	9	3	14	93	0
4.49	1	4	450	1	3	14	93	0
4.492	1	4	450	3	3	14	93	0
4.494	1	4	450	5	3	14	93	0
4.496	1	4	450	7	3	14	93	0
4.498	1	4	450	9	3	14	93	0
4.499	1	4	450	10	3	14	93	0
4.501	1	4	451	2	3	14	93	0
4.503	1	4	451	4	3	14	93	0
4.505	1	4	451	6	3	14	93	0
4.507	1	4	451	8	3	14	93	0
4.509	1	4	451	10	3	14	93	0
4.511	1	4	452	2	3	14	93	0
4.513	1	4	452	4	3	14	93	0
4.514	1	4	452	5	3	14	93	0
4.516	1	4	452	7	3	14	93	0
4.518	1	4	452	9	3	14	93	0
4.52	1	4	453	1	3	14	93	0
4.522	1	4	453	3	3	14	93	0
4.524	1	4	453	5	3	14	93	0
4.526	1	4	453	7	3	14	93	0
4.528	1	4	453	9	3	14	93	0
4.529	1	4	453	10	3	14	93	0
4.531	1	4	454	2	3	14	93	0
4.533	1	4	454	4	3	14	93	0
4.535	1	4	454	6	3	14	93	0
4.537	1	4	454	8	3	14	93	0
4.539	1	4	454	10	3	14	93	0
4.541	1	4	455	2	3	14	93	0
4.543	1	4	455	4	3	14	93	0
4.544	1	4	455	5	3	14	93	0
4.546	1	4	455	7	3	14	93	0
4.548	1	4	455	9	3	14	93	0
4.55	1	4	456	1	3	14	93	0
4.552	1	4	456	3	3	14	93	0
4.554	1	4	456	5	3	14	93	0
4.556	1	4	456	7	3	14	93	0
4.558	1	4	456	9	3	14	93	0
4.559	1	4	456	10	3	14	93	0
4.561	1	4	457	2	3	14	93	0
4.563	1	4	457	4	3	14	93	0
4.565	1	4	457	6	3	14	93	0
4.567	1	4	457	8	3	14	93	0
4.569	1	4	457	10	3	14	93	0
4.571	1	4	458	2	3	14	93	0
4.573	1	4	458	4	3	14	93	0
4.574	1	4	458	5	3	14	93	0
4.576	1	4	458	7	3	14	93	0
4.578	1	4	458	9	3	14	93	0
4.58	1	4	459	1	3	14	93	0
4.582	1	4	459	3	3	14	93	0
4.584	1	4	459	5	3	14	93	0
4.586	1	4	459	7	3	14	93	0
4.588	1	4	459	9	3	14	93	0
4.589	1	4	459	10	3	14	93	0
4.591	1	4	460	2	3	14	93	0
4.593	1	4	460	4	3	14	93	0
4.595	1	4	460	6	3	14	93	0
4.597	1	4	460	8	3	14	93	0
4.599	1	4	460	10	3	14	93	0
4.601	1	4	461	2	3	14	93	0
4.603	1	4	461	4	3	14	93	0
4.604	1	4	461	5	3	14	93	0
4.606	1	4	461	7	3	14	93	0
4.608	1	4	461	9	3	14	93	0
4.61	1	4	462	1	3	14	93	0
4.612	1	4	462	3	3	14	93	0
4.614	1	4	462	5	3	14	93	0
4.616	1	4	462	7	3	14	93	0
4.618	1	4	462	9	3	14	93	0
4.619	1	4	462	10	3	14	93	0
4.621	1	4	463	2	3	14	93	0
4.623	1	4	463	4	3	14	93	0
4.625	1	4	463	6	3	14	93	0
4.627	1	4	463	8	3	14	93	0
4.629	1	4	463	10	3	14	93	0
4.631	1	4	464	2	3	14	93	0
4.633	1	4	464	4	3	14	93	0
4.634	1	4	464	5	3	14	93	0
4.636	1	4	464	7	3	14	93	0
4.638	1	4	464	9	3	14	93	0
4.64	1	4	465	1	3	14	93	0
4.642	1	4	465	3	3	14	93	0
4.644	1	4	465	5	3	14	93	0
4.646	1	4	465	7	3	14	93	0
4.648	1	4	465	9	3	14	93	0
4.649	1	4	465	10	3	14	93	0
4.651	1	4	466	2	3	14	93	0
4.653	1	4	466	4	3	14	93	0
4.655	1	4	466	6	3	14	93	0
4.657	1	4	466	8	3	14	93	0
4.659	1	4	466	10	3	14	93	0
4.661	1	4	467	2	3	14	93	0
4.663	1	4	467	4	3	14	93	0
4.664	1	4	467	5	3	14	93	0
4.666	1	4	467	7	3	14	93	0
4.668	1	4	467	9	3	14	93	0
4.67	1	4	468	1	3	14	93	0
4.672	1	4	468	3	3	14	93	0
4.674	1	4	468	5	3	14	93	0
4.676	1	4	468	7	3	14	93	0
4.678	1	4	468	9	3	14	93	0
4.679	1	4	468	10	3	14	93	0
4.681	1	4	469	2	3	14	93	0
4.683	1	4	469	4	3	14	93	0
4.685	1	4	469	6	3	14	93	0
4.687	1	4	469	8	3	14	93	0
4.689	1	4	469	10	3	14	93	0
4.691	1	4	470	2	3	14	93	0
4.693	1	4	470	4	3	14	93	0
4.694	1	4	470	5	3	14	93	0
4.696	1	4	470	7	3	14	93	0
4.698	1	4	470	9	3	14	93	0
4.7	1	4	471	1	3	14	93	0
4.702	1	4	471	3	3	14	93	0
4.704	1	4	471	5	3	14	93	0
4.706	1	4	471	7	3	14	93	0
4.708	1	4	471	9	3	14	93	0
4.709	1	4	471	10	3	14	93	0
4.711	1	4	472	2	3	14	93	0
4.713	1	4	472	4	3	14	93	0
4.715	1	4	472	6	3	14	93	0
4.717	1	4	472	8	3	14	93	0
4.719	1	4	472	10	3	14	93	0
4.721	1	4	473	2	3	14	93	0
4.723	1	4	473	4	3	14	93	0
4.724	1	4	473	5	3	14	93	0
4.726	1	4	473	7	3	14	93	0
4.728	1	4	473	9	3	14	93	0
4.73	1	4	474	1	3	14	93	0
4.732	1	4	474	3	3	14	93	0
4.734	1	4	474	5	3	14	93	0
4.736	1	4	474	7	3	14	93	0
4.738	1	4	474	9	3	14	93	0
4.739	1	4	474	10	3	14	93	0
4.741	1	4	475	2	3	14	93	0
4.743	1	4	475	4	3	14	93	0
4.745	1	4	475	6	3	14	93	0
4.747	1	4	475	8	3	14	93	0
4.749	1	4	475	10	3	14	93	0
4.751	1	4	476	2	3	14	93	0
4.753	1	4	476	4	3	14	93	0
4.754	1	4	476	5	3	14	93	0
4.756	1	4	476	7	3	14	93	0
4.758	1	4	476	9	3	14	93	0
4.76	1	4	477	1	3	14	93	0
4.762	1	4	477	3	3	14	93	0
4.764	1	4	477	5	3	14	93	0
4.766	1	4	477	7	3	14	93	0
4.768	1	4	477	9	3	14	93	0
4.769	1	4	477	10	3	14	93	0
4.771	1	4	478	2	3	14	93	0
4.773	1	4	478	4	3	14	93	0
4.775	1	4	478	6	3	14	93	0
4.777	1	4	478	8	3	14	93	0
4.779	1	4	478	10	3	14	93	0
4.781	1	4	479	2	3	14	93	0
4.783	1	4	479	4	3	14	93	0
4.784	1	4	479	5	3	14	93	0
4.786	1	4	479	7	3	14	93	0
4.788	1	4	479	9	3	14	93	0
4.79	1	4	480	1	3	14	93	0
4.792	1	4	480	3	3	14	93	0
4.794	1	4	480	5	3	14	93	0
4.796	1	4	480	7	3	14	93	0
4.798	1	4	480	9	3	14	93	0
4.799	1	4	480	10	3	14	93	0
4.801	1	4	481	2	3	14	93	0
4.803	1	4	481	4	3	14	93	0
4.805	1	4	481	6	3	14	93	0
4.807	1	4	481	8	3	14	93	0
4.809	1	4	481	10	3	14	93	0
4.811	1	4	482	2	3	14	93	0
4.813	1	4	482	4	3	14	93	0
4.814	1	4	482	5	3	14	93	0
4.816	1	4	482	7	3	14	93	0
4.818	1	4	482	9	3	14	93	0
4.82	1	4	483	1	3	14	93	0
4.822	1	4	483	3	3	14	93	0
4.824	1	4	483	5	3	14	93	0
4.826	1	4	483	7	3	14	93	0
4.828	1	4	483	9	3	14	93	0
4.829	1	4	483	10	3	14	93	0
4.831	1	4	484	2	3	14	93	0
4.833	1	4	484	4	3	14	93	0
4.835	1	4	484	6	3	14	93	0
4.837	1	4	484	8	3	14	93	0
4.839	1	4	484	10	3	14	93	0
4.841	1	4	485	2	3	14	93	0
4.843	1	4	485	4	3	14	93	0
4.844	1	4	485	5	3	14	93	0
4.846	1	4	485	7	3	14	93	0
4.848	1	4	485	9	3	14	93	0
4.85	1	4	486	1	3	14	93	0
4.852	1	4	486	3	3	14	93	0
4.854	1	4	486	5	3	14	93	0
4.856	1	4	486	7	3	14	93	0
4.858	1	4	486	9	3	14	93	0
4.859	1	4	486	10	3	14	93	0
4.861	1	4	487	2	3	14	93	0
4.863	1	4	487	4	3	14	93	0
4.865	1	4	487	6	3	14	93	0
4.867	1	4	487	8	3	14	93	0
4.869	1	4	487	10	3	14	93	0
4.871	1	4	488	2	3	14	93	0
4.873	1	4	488	4	3	14	93	0
4.874	1	4	488	5	3	14	93	0
4.876	1	4	488	7	3	14	93	0
4.878	1	4	488	9	3	14	93	0
4.88	1	4	489	1	3	14	93	0
4.882	1	4	489	3	3	14	93	0
4.884	1	4	489	5	3	14	93	0
4.886	1	4	489	7	3	14	93	0
4.888	1	4	489	9	3	14	93	0
4.889	1	4	489	10	3	14	93	0
4.891	1	4	490	2	3	14	93	0
4.893	1	4	490	4	3	14	93	0
4.895	1	4	490	6	3	14	93	0
4.897	1	4	490	8	3	14	93	0
4.899	1	4	490	10	3	14	93	0
4.901	1	4	491	2	3	14	93	0
4.903	1	4	491	4	3	14	93	0
4.904	1	4	491	5	3	14	93	0
4.906	1	4	491	7	3	14	93	0
4.908	1	4	491	9	3	14	93	0
4.91	1	4	492	1	3	14	93	0
4.912	1	4	492	3	3	14	93	0
4.914	1	4	492	5	3	14	93	0
4.916	1	4	492	7	3	14	93	0
4.918	1	4	492	9	3	14	93	0
4.919	1	4	492	10	3	14	93	0
4.921	1	4	493	2	3	14	93	0
4.923	1	4	493	4	3	14	93	0
4.925	1	4	493	6	3	14	93	0
4.927	1	4	493	8	3	14	93	0
4.929	1	4	493	10	3	14	93	0
4.931	1	4	494	2	3	14	93	0
4.933	1	4	494	4	3	14	93	0
4.934	1	4	494	5	3	14	93	0
4.936	1	4	494	7	3	14	93	0
4.938	1	4	494	9	3	14	93	0
4.94	1	4	495	1	3	14	93	0
4.942	1	4	495	3	3	14	93	0
4.944	1	4	495	5	3	14	93	0
4.946	1	4	495	7	3	14	93	0
4.948	1	4	495	9	3	14	93	0
4.949	1	4	495	10	3	14	93	0
4.951	1	4	496	2	3	14	93	0
4.953	1	4	496	4	3	14	93	0
4.955	1	4	496	6	3	14	93	0
4.957	1	4	496	8	3	14	93	0
4.959	1	4	496	10	3	14	93	0
4.961	1	4	497	2	3	14	93	0
4.963	1	4	497	4	3	14	93	0
4.964	1	4	497	5	3	14	93	0
4.966	1	4	497	7	3	14	93	0
4.968	1	4	497	9	3	14	93	0
4.97	1	4	498	1	3	14	93	0
4.972	1	4	498	3	3	14	93	0
4.974	1	4	498	5	3	14	93	0
4.976	1	4	498	7	3	14	93	0
4.978	1	4	498	9	3	14	93	0
4.979	1	4	498	10	3	14	93	0
4.981	1	4	499	2	3	14	93	0
4.983	1	4	499	4	3	14	93	0
4.985	1	4	499	6	3	14	93	0
4.987	1	4	499	8	3	14	93	0
4.989	1	4	499	10	3	14	93	0
4.991	1	4	500	2	3	14	93	0
4.993	1	4	500	4	3	14	93	0
4.994	1	4	500	5	3	14	93	0
4.996	1	4	500	7	3	14	93	0
4.998	1	4	500	9	3	14	93	0
