% time	cellId	IMSI	frame	sframe	RNTI	mcs	size	ccId
0.044	1	8	5	5	26	0	7	0
0.046	1	8	5	7	26	0	7	0
0.048	1	8	5	9	26	0	7	0
0.05	1	8	6	1	26	0	7	0
0.052	1	8	6	3	26	0	7	0
0.053	1	8	6	4	26	0	7	0
0.055	1	8	6	6	26	0	7	0
0.057	1	8	6	8	26	0	7	0
0.059	1	8	6	10	26	0	7	0
0.061	1	8	7	2	26	0	7	0
0.063	1	8	7	4	26	0	7	0
0.065	1	8	7	6	26	0	7	0
0.067	1	8	7	8	26	12	73	0
0.068	1	8	7	9	26	12	73	0
0.07	1	8	8	1	26	12	73	0
0.072	1	8	8	3	26	12	73	0
0.074	1	8	8	5	26	12	73	0
0.076	1	8	8	7	26	12	73	0
0.078	1	8	8	9	26	12	73	0
0.08	1	8	9	1	26	12	73	0
0.082	1	8	9	3	26	12	73	0
0.083	1	8	9	4	26	12	73	0
0.085	1	8	9	6	26	12	73	0
0.087	1	8	9	8	26	12	73	0
0.089	1	8	9	10	26	12	73	0
0.091	1	8	10	2	26	12	73	0
0.093	1	8	10	4	26	12	73	0
0.095	1	8	10	6	26	12	73	0
0.097	1	8	10	8	26	12	73	0
0.098	1	8	10	9	26	12	73	0
0.1	1	8	11	1	26	12	73	0
0.102	1	8	11	3	26	12	73	0
0.104	1	8	11	5	26	12	73	0
0.106	1	8	11	7	26	12	73	0
0.108	1	8	11	9	26	12	73	0
0.11	1	8	12	1	26	12	73	0
0.112	1	8	12	3	26	12	73	0
0.113	1	8	12	4	26	12	73	0
0.115	1	8	12	6	26	12	73	0
0.117	1	8	12	8	26	12	73	0
0.119	1	8	12	10	26	12	73	0
0.121	1	8	13	2	26	12	73	0
0.123	1	8	13	4	26	12	73	0
0.125	1	8	13	6	26	12	73	0
0.127	1	8	13	8	26	12	73	0
0.128	1	8	13	9	26	12	73	0
0.13	1	8	14	1	26	12	73	0
0.132	1	8	14	3	26	12	73	0
0.134	1	8	14	5	26	12	73	0
0.136	1	8	14	7	26	12	73	0
0.138	1	8	14	9	26	12	73	0
0.14	1	8	15	1	26	12	73	0
0.142	1	8	15	3	26	12	73	0
0.143	1	8	15	4	26	12	73	0
0.145	1	8	15	6	26	12	73	0
0.147	1	8	15	8	26	12	73	0
0.149	1	8	15	10	26	12	73	0
0.151	1	8	16	2	26	12	73	0
0.153	1	8	16	4	26	12	73	0
0.155	1	8	16	6	26	12	73	0
0.157	1	8	16	8	26	12	73	0
0.158	1	8	16	9	26	12	73	0
0.16	1	8	17	1	26	12	73	0
0.162	1	8	17	3	26	12	73	0
0.164	1	8	17	5	26	12	73	0
0.166	1	8	17	7	26	12	73	0
0.168	1	8	17	9	26	12	73	0
0.17	1	8	18	1	26	12	73	0
0.172	1	8	18	3	26	12	73	0
0.173	1	8	18	4	26	12	73	0
0.175	1	8	18	6	26	12	73	0
0.177	1	8	18	8	26	12	73	0
0.179	1	8	18	10	26	12	73	0
0.181	1	8	19	2	26	12	73	0
0.183	1	8	19	4	26	12	73	0
0.185	1	8	19	6	26	12	73	0
0.187	1	8	19	8	26	12	73	0
0.188	1	8	19	9	26	12	73	0
0.19	1	8	20	1	26	12	73	0
0.192	1	8	20	3	26	12	73	0
0.194	1	8	20	5	26	12	73	0
0.196	1	8	20	7	26	12	73	0
0.198	1	8	20	9	26	12	73	0
0.2	1	8	21	1	26	12	73	0
0.202	1	8	21	3	26	12	73	0
0.203	1	8	21	4	26	12	73	0
0.205	1	8	21	6	26	12	73	0
0.207	1	8	21	8	26	12	73	0
0.209	1	8	21	10	26	12	73	0
0.211	1	8	22	2	26	12	73	0
0.213	1	8	22	4	26	12	73	0
0.215	1	8	22	6	26	12	73	0
0.217	1	8	22	8	26	12	73	0
0.218	1	8	22	9	26	12	73	0
0.22	1	8	23	1	26	12	73	0
0.222	1	8	23	3	26	12	73	0
0.224	1	8	23	5	26	12	73	0
0.226	1	8	23	7	26	12	73	0
0.228	1	8	23	9	26	12	73	0
0.23	1	8	24	1	26	12	73	0
0.232	1	8	24	3	26	12	73	0
0.233	1	8	24	4	26	12	73	0
0.235	1	8	24	6	26	12	73	0
0.237	1	8	24	8	26	12	73	0
0.239	1	8	24	10	26	12	73	0
0.241	1	8	25	2	26	12	73	0
0.243	1	8	25	4	26	12	73	0
0.245	1	8	25	6	26	12	73	0
0.247	1	8	25	8	26	12	73	0
0.248	1	8	25	9	26	12	73	0
0.25	1	8	26	1	26	12	73	0
0.252	1	8	26	3	26	12	73	0
0.254	1	8	26	5	26	12	73	0
0.256	1	8	26	7	26	12	73	0
0.258	1	8	26	9	26	12	73	0
0.26	1	8	27	1	26	12	73	0
0.262	1	8	27	3	26	12	73	0
0.263	1	8	27	4	26	12	73	0
0.265	1	8	27	6	26	12	73	0
0.267	1	8	27	8	26	12	73	0
0.269	1	8	27	10	26	12	73	0
0.271	1	8	28	2	26	12	73	0
0.273	1	8	28	4	26	12	73	0
0.275	1	8	28	6	26	12	73	0
0.277	1	8	28	8	26	12	73	0
0.278	1	8	28	9	26	12	73	0
0.28	1	8	29	1	26	12	73	0
0.282	1	8	29	3	26	12	73	0
0.284	1	8	29	5	26	12	73	0
0.286	1	8	29	7	26	12	73	0
0.288	1	8	29	9	26	12	73	0
0.29	1	8	30	1	26	12	73	0
0.292	1	8	30	3	26	12	73	0
0.293	1	8	30	4	26	12	73	0
0.295	1	8	30	6	26	12	73	0
0.297	1	8	30	8	26	12	73	0
0.299	1	8	30	10	26	12	73	0
0.301	1	8	31	2	26	12	73	0
0.303	1	8	31	4	26	12	73	0
0.305	1	8	31	6	26	12	73	0
0.307	1	8	31	8	26	12	73	0
0.308	1	8	31	9	26	12	73	0
0.31	1	8	32	1	26	12	73	0
0.312	1	8	32	3	26	12	73	0
0.314	1	8	32	5	26	12	73	0
0.316	1	8	32	7	26	12	73	0
0.318	1	8	32	9	26	12	73	0
0.32	1	8	33	1	26	12	73	0
0.322	1	8	33	3	26	12	73	0
0.323	1	8	33	4	26	12	73	0
0.325	1	8	33	6	26	12	73	0
0.327	1	8	33	8	26	12	73	0
0.329	1	8	33	10	26	12	73	0
0.331	1	8	34	2	26	12	73	0
0.333	1	8	34	4	26	12	73	0
0.335	1	8	34	6	26	12	73	0
0.337	1	8	34	8	26	12	73	0
0.338	1	8	34	9	26	12	73	0
0.34	1	8	35	1	26	12	73	0
0.342	1	8	35	3	26	12	73	0
0.344	1	8	35	5	26	12	73	0
0.346	1	8	35	7	26	12	73	0
0.348	1	8	35	9	26	12	73	0
0.35	1	8	36	1	26	12	73	0
0.352	1	8	36	3	26	12	73	0
0.353	1	8	36	4	26	12	73	0
0.355	1	8	36	6	26	12	73	0
0.357	1	8	36	8	26	12	73	0
0.359	1	8	36	10	26	12	73	0
0.361	1	8	37	2	26	12	73	0
0.363	1	8	37	4	26	12	73	0
0.365	1	8	37	6	26	12	73	0
0.367	1	8	37	8	26	12	73	0
0.368	1	8	37	9	26	12	73	0
0.37	1	8	38	1	26	12	73	0
0.372	1	8	38	3	26	12	73	0
0.374	1	8	38	5	26	12	73	0
0.376	1	8	38	7	26	12	73	0
0.378	1	8	38	9	26	12	73	0
0.38	1	8	39	1	26	12	73	0
0.382	1	8	39	3	26	12	73	0
0.383	1	8	39	4	26	12	73	0
0.385	1	8	39	6	26	12	73	0
0.387	1	8	39	8	26	12	73	0
0.389	1	8	39	10	26	12	73	0
0.391	1	8	40	2	26	12	73	0
0.393	1	8	40	4	26	12	73	0
0.395	1	8	40	6	26	12	73	0
0.397	1	8	40	8	26	12	73	0
0.398	1	8	40	9	26	12	73	0
0.4	1	8	41	1	26	12	73	0
0.402	1	8	41	3	26	12	73	0
0.404	1	8	41	5	26	12	73	0
0.406	1	8	41	7	26	12	73	0
0.408	1	8	41	9	26	12	73	0
0.41	1	8	42	1	26	12	73	0
0.412	1	8	42	3	26	12	73	0
0.413	1	8	42	4	26	12	73	0
0.415	1	8	42	6	26	12	73	0
0.417	1	8	42	8	26	12	73	0
0.419	1	8	42	10	26	12	73	0
0.421	1	8	43	2	26	12	73	0
0.423	1	8	43	4	26	12	73	0
0.425	1	8	43	6	26	12	73	0
0.427	1	8	43	8	26	12	73	0
0.428	1	8	43	9	26	12	73	0
0.43	1	8	44	1	26	12	73	0
0.432	1	8	44	3	26	12	73	0
0.434	1	8	44	5	26	12	73	0
0.436	1	8	44	7	26	12	73	0
0.438	1	8	44	9	26	12	73	0
0.44	1	8	45	1	26	12	73	0
0.442	1	8	45	3	26	12	73	0
0.443	1	8	45	4	26	12	73	0
0.445	1	8	45	6	26	12	73	0
0.447	1	8	45	8	26	12	73	0
0.449	1	8	45	10	26	12	73	0
0.451	1	8	46	2	26	12	73	0
0.453	1	8	46	4	26	12	73	0
0.455	1	8	46	6	26	12	73	0
0.457	1	8	46	8	26	12	73	0
0.458	1	8	46	9	26	12	73	0
0.46	1	8	47	1	26	12	73	0
0.462	1	8	47	3	26	12	73	0
0.464	1	8	47	5	26	12	73	0
0.466	1	8	47	7	26	12	73	0
0.468	1	8	47	9	26	12	73	0
0.47	1	8	48	1	26	12	73	0
0.472	1	8	48	3	26	12	73	0
0.473	1	8	48	4	26	12	73	0
0.475	1	8	48	6	26	12	73	0
0.477	1	8	48	8	26	12	73	0
0.479	1	8	48	10	26	12	73	0
0.481	1	8	49	2	26	12	73	0
0.483	1	8	49	4	26	12	73	0
0.485	1	8	49	6	26	12	73	0
0.487	1	8	49	8	26	12	73	0
0.488	1	8	49	9	26	12	73	0
0.49	1	8	50	1	26	12	73	0
0.492	1	8	50	3	26	12	73	0
0.494	1	8	50	5	26	12	73	0
0.496	1	8	50	7	26	12	73	0
0.498	1	8	50	9	26	12	73	0
0.5	1	8	51	1	26	12	73	0
0.502	1	8	51	3	26	12	73	0
0.503	1	8	51	4	26	12	73	0
0.505	1	8	51	6	26	12	73	0
0.507	1	8	51	8	26	12	73	0
0.509	1	8	51	10	26	12	73	0
0.511	1	8	52	2	26	12	73	0
0.513	1	8	52	4	26	12	73	0
0.515	1	8	52	6	26	12	73	0
0.517	1	8	52	8	26	12	73	0
0.518	1	8	52	9	26	12	73	0
0.52	1	8	53	1	26	12	73	0
0.522	1	8	53	3	26	12	73	0
0.524	1	8	53	5	26	12	73	0
0.526	1	8	53	7	26	12	73	0
0.528	1	8	53	9	26	12	73	0
0.53	1	8	54	1	26	12	73	0
0.532	1	8	54	3	26	12	73	0
0.533	1	8	54	4	26	12	73	0
0.535	1	8	54	6	26	12	73	0
0.537	1	8	54	8	26	12	73	0
0.539	1	8	54	10	26	12	73	0
0.541	1	8	55	2	26	12	73	0
0.543	1	8	55	4	26	12	73	0
0.545	1	8	55	6	26	12	73	0
0.547	1	8	55	8	26	12	73	0
0.548	1	8	55	9	26	12	73	0
0.55	1	8	56	1	26	12	73	0
0.552	1	8	56	3	26	12	73	0
0.554	1	8	56	5	26	12	73	0
0.556	1	8	56	7	26	12	73	0
0.558	1	8	56	9	26	12	73	0
0.56	1	8	57	1	26	12	73	0
0.562	1	8	57	3	26	12	73	0
0.563	1	8	57	4	26	12	73	0
0.565	1	8	57	6	26	12	73	0
0.567	1	8	57	8	26	12	73	0
0.569	1	8	57	10	26	12	73	0
0.571	1	8	58	2	26	12	73	0
0.573	1	8	58	4	26	12	73	0
0.575	1	8	58	6	26	12	73	0
0.577	1	8	58	8	26	12	73	0
0.578	1	8	58	9	26	12	73	0
0.58	1	8	59	1	26	12	73	0
0.582	1	8	59	3	26	12	73	0
0.584	1	8	59	5	26	12	73	0
0.586	1	8	59	7	26	12	73	0
0.588	1	8	59	9	26	12	73	0
0.59	1	8	60	1	26	12	73	0
0.592	1	8	60	3	26	12	73	0
0.593	1	8	60	4	26	12	73	0
0.595	1	8	60	6	26	12	73	0
0.597	1	8	60	8	26	12	73	0
0.599	1	8	60	10	26	12	73	0
0.601	1	8	61	2	26	12	73	0
0.603	1	8	61	4	26	12	73	0
0.605	1	8	61	6	26	12	73	0
0.607	1	8	61	8	26	12	73	0
0.608	1	8	61	9	26	12	73	0
0.61	1	8	62	1	26	12	73	0
0.612	1	8	62	3	26	12	73	0
0.614	1	8	62	5	26	12	73	0
0.616	1	8	62	7	26	12	73	0
0.618	1	8	62	9	26	12	73	0
0.62	1	8	63	1	26	12	73	0
0.622	1	8	63	3	26	12	73	0
0.623	1	8	63	4	26	12	73	0
0.625	1	8	63	6	26	12	73	0
0.627	1	8	63	8	26	12	73	0
0.629	1	8	63	10	26	12	73	0
0.631	1	8	64	2	26	12	73	0
0.633	1	8	64	4	26	12	73	0
0.635	1	8	64	6	26	12	73	0
0.637	1	8	64	8	26	12	73	0
0.638	1	8	64	9	26	12	73	0
0.64	1	8	65	1	26	12	73	0
0.642	1	8	65	3	26	12	73	0
0.644	1	8	65	5	26	12	73	0
0.646	1	8	65	7	26	12	73	0
0.648	1	8	65	9	26	12	73	0
0.65	1	8	66	1	26	12	73	0
0.652	1	8	66	3	26	12	73	0
0.653	1	8	66	4	26	12	73	0
0.655	1	8	66	6	26	12	73	0
0.657	1	8	66	8	26	12	73	0
0.659	1	8	66	10	26	12	73	0
0.661	1	8	67	2	26	12	73	0
0.663	1	8	67	4	26	12	73	0
0.665	1	8	67	6	26	12	73	0
0.667	1	8	67	8	26	12	73	0
0.668	1	8	67	9	26	12	73	0
0.67	1	8	68	1	26	12	73	0
0.672	1	8	68	3	26	12	73	0
0.674	1	8	68	5	26	12	73	0
0.676	1	8	68	7	26	12	73	0
0.678	1	8	68	9	26	12	73	0
0.68	1	8	69	1	26	12	73	0
0.682	1	8	69	3	26	12	73	0
0.683	1	8	69	4	26	12	73	0
0.685	1	8	69	6	26	12	73	0
0.687	1	8	69	8	26	12	73	0
0.689	1	8	69	10	26	12	73	0
0.691	1	8	70	2	26	12	73	0
0.693	1	8	70	4	26	12	73	0
0.695	1	8	70	6	26	12	73	0
0.697	1	8	70	8	26	12	73	0
0.698	1	8	70	9	26	12	73	0
0.7	1	8	71	1	26	12	73	0
0.702	1	8	71	3	26	12	73	0
0.704	1	8	71	5	26	12	73	0
0.706	1	8	71	7	26	12	73	0
0.708	1	8	71	9	26	12	73	0
0.71	1	8	72	1	26	12	73	0
0.712	1	8	72	3	26	12	73	0
0.713	1	8	72	4	26	12	73	0
0.715	1	8	72	6	26	12	73	0
0.717	1	8	72	8	26	12	73	0
0.719	1	8	72	10	26	12	73	0
0.721	1	8	73	2	26	12	73	0
0.723	1	8	73	4	26	12	73	0
0.725	1	8	73	6	26	12	73	0
0.727	1	8	73	8	26	12	73	0
0.728	1	8	73	9	26	12	73	0
0.73	1	8	74	1	26	12	73	0
0.732	1	8	74	3	26	12	73	0
0.734	1	8	74	5	26	12	73	0
0.736	1	8	74	7	26	12	73	0
0.738	1	8	74	9	26	12	73	0
0.74	1	8	75	1	26	12	73	0
0.742	1	8	75	3	26	12	73	0
0.743	1	8	75	4	26	12	73	0
0.745	1	8	75	6	26	12	73	0
0.747	1	8	75	8	26	12	73	0
0.749	1	8	75	10	26	12	73	0
0.751	1	8	76	2	26	12	73	0
0.753	1	8	76	4	26	12	73	0
0.755	1	8	76	6	26	12	73	0
0.757	1	8	76	8	26	12	73	0
0.758	1	8	76	9	26	12	73	0
0.76	1	8	77	1	26	12	73	0
0.762	1	8	77	3	26	12	73	0
0.764	1	8	77	5	26	12	73	0
0.766	1	8	77	7	26	12	73	0
0.768	1	8	77	9	26	12	73	0
0.77	1	8	78	1	26	12	73	0
0.772	1	8	78	3	26	12	73	0
0.773	1	8	78	4	26	12	73	0
0.775	1	8	78	6	26	12	73	0
0.777	1	8	78	8	26	12	73	0
0.779	1	8	78	10	26	12	73	0
0.781	1	8	79	2	26	12	73	0
0.783	1	8	79	4	26	12	73	0
0.785	1	8	79	6	26	12	73	0
0.787	1	8	79	8	26	12	73	0
0.788	1	8	79	9	26	12	73	0
0.79	1	8	80	1	26	12	73	0
0.792	1	8	80	3	26	12	73	0
0.794	1	8	80	5	26	12	73	0
0.796	1	8	80	7	26	12	73	0
0.798	1	8	80	9	26	12	73	0
0.8	1	8	81	1	26	12	73	0
0.802	1	8	81	3	26	12	73	0
0.803	1	8	81	4	26	12	73	0
0.805	1	8	81	6	26	12	73	0
0.807	1	8	81	8	26	12	73	0
0.809	1	8	81	10	26	12	73	0
0.811	1	8	82	2	26	12	73	0
0.813	1	8	82	4	26	12	73	0
0.815	1	8	82	6	26	12	73	0
0.817	1	8	82	8	26	12	73	0
0.818	1	8	82	9	26	12	73	0
0.82	1	8	83	1	26	12	73	0
0.822	1	8	83	3	26	12	73	0
0.824	1	8	83	5	26	12	73	0
0.826	1	8	83	7	26	12	73	0
0.828	1	8	83	9	26	12	73	0
0.83	1	8	84	1	26	12	73	0
0.832	1	8	84	3	26	12	73	0
0.833	1	8	84	4	26	12	73	0
0.835	1	8	84	6	26	12	73	0
0.837	1	8	84	8	26	12	73	0
0.839	1	8	84	10	26	12	73	0
0.841	1	8	85	2	26	12	73	0
0.843	1	8	85	4	26	12	73	0
0.845	1	8	85	6	26	12	73	0
0.847	1	8	85	8	26	12	73	0
0.848	1	8	85	9	26	12	73	0
0.85	1	8	86	1	26	12	73	0
0.852	1	8	86	3	26	12	73	0
0.854	1	8	86	5	26	12	73	0
0.856	1	8	86	7	26	12	73	0
0.858	1	8	86	9	26	12	73	0
0.86	1	8	87	1	26	12	73	0
0.862	1	8	87	3	26	12	73	0
0.863	1	8	87	4	26	12	73	0
0.865	1	8	87	6	26	12	73	0
0.867	1	8	87	8	26	12	73	0
0.869	1	8	87	10	26	12	73	0
0.871	1	8	88	2	26	12	73	0
0.873	1	8	88	4	26	12	73	0
0.875	1	8	88	6	26	12	73	0
0.877	1	8	88	8	26	12	73	0
0.878	1	8	88	9	26	12	73	0
0.88	1	8	89	1	26	12	73	0
0.882	1	8	89	3	26	12	73	0
0.884	1	8	89	5	26	12	73	0
0.886	1	8	89	7	26	12	73	0
0.888	1	8	89	9	26	12	73	0
0.89	1	8	90	1	26	12	73	0
0.892	1	8	90	3	26	12	73	0
0.893	1	8	90	4	26	12	73	0
0.895	1	8	90	6	26	12	73	0
0.897	1	8	90	8	26	12	73	0
0.899	1	8	90	10	26	12	73	0
0.901	1	8	91	2	26	12	73	0
0.903	1	8	91	4	26	12	73	0
0.905	1	8	91	6	26	12	73	0
0.907	1	8	91	8	26	12	73	0
0.908	1	8	91	9	26	12	73	0
0.91	1	8	92	1	26	12	73	0
0.912	1	8	92	3	26	12	73	0
0.914	1	8	92	5	26	12	73	0
0.916	1	8	92	7	26	12	73	0
0.918	1	8	92	9	26	12	73	0
0.92	1	8	93	1	26	12	73	0
0.922	1	8	93	3	26	12	73	0
0.923	1	8	93	4	26	12	73	0
0.925	1	8	93	6	26	12	73	0
0.927	1	8	93	8	26	12	73	0
0.929	1	8	93	10	26	12	73	0
0.931	1	8	94	2	26	12	73	0
0.933	1	8	94	4	26	12	73	0
0.935	1	8	94	6	26	12	73	0
0.937	1	8	94	8	26	12	73	0
0.938	1	8	94	9	26	12	73	0
0.94	1	8	95	1	26	12	73	0
0.942	1	8	95	3	26	12	73	0
0.944	1	8	95	5	26	12	73	0
0.946	1	8	95	7	26	12	73	0
0.948	1	8	95	9	26	12	73	0
0.95	1	8	96	1	26	12	73	0
0.952	1	8	96	3	26	12	73	0
0.953	1	8	96	4	26	12	73	0
0.955	1	8	96	6	26	12	73	0
0.957	1	8	96	8	26	12	73	0
0.959	1	8	96	10	26	12	73	0
0.961	1	8	97	2	26	12	73	0
0.963	1	8	97	4	26	12	73	0
0.965	1	8	97	6	26	12	73	0
0.967	1	8	97	8	26	12	73	0
0.968	1	8	97	9	26	12	73	0
0.97	1	8	98	1	26	12	73	0
0.972	1	8	98	3	26	12	73	0
0.974	1	8	98	5	26	12	73	0
0.976	1	8	98	7	26	12	73	0
0.978	1	8	98	9	26	12	73	0
0.98	1	8	99	1	26	12	73	0
0.982	1	8	99	3	26	12	73	0
0.983	1	8	99	4	26	12	73	0
0.985	1	8	99	6	26	12	73	0
0.987	1	8	99	8	26	12	73	0
0.989	1	8	99	10	26	12	73	0
0.991	1	8	100	2	26	12	73	0
0.993	1	8	100	4	26	12	73	0
0.995	1	8	100	6	26	12	73	0
0.997	1	8	100	8	26	12	73	0
0.998	1	8	100	9	26	12	73	0
1	1	8	101	1	26	12	73	0
1.002	1	8	101	3	26	12	73	0
1.004	1	8	101	5	26	12	73	0
1.006	1	8	101	7	26	12	73	0
1.008	1	8	101	9	26	12	73	0
1.01	1	8	102	1	26	12	73	0
1.012	1	8	102	3	26	12	73	0
1.013	1	8	102	4	26	12	73	0
1.015	1	8	102	6	26	12	73	0
1.017	1	8	102	8	26	12	73	0
1.019	1	8	102	10	26	12	73	0
1.021	1	8	103	2	26	12	73	0
1.023	1	8	103	4	26	12	73	0
1.025	1	8	103	6	26	12	73	0
1.027	1	8	103	8	26	12	73	0
1.028	1	8	103	9	26	12	73	0
1.03	1	8	104	1	26	12	73	0
1.032	1	8	104	3	26	12	73	0
1.034	1	8	104	5	26	12	73	0
1.036	1	8	104	7	26	12	73	0
1.038	1	8	104	9	26	12	73	0
1.04	1	8	105	1	26	12	73	0
1.042	1	8	105	3	26	12	73	0
1.043	1	8	105	4	26	12	73	0
1.045	1	8	105	6	26	12	73	0
1.047	1	8	105	8	26	12	73	0
1.049	1	8	105	10	26	12	73	0
1.051	1	8	106	2	26	12	73	0
1.053	1	8	106	4	26	12	73	0
1.055	1	8	106	6	26	12	73	0
1.057	1	8	106	8	26	12	73	0
1.058	1	8	106	9	26	12	73	0
1.06	1	8	107	1	26	12	73	0
1.062	1	8	107	3	26	12	73	0
1.064	1	8	107	5	26	12	73	0
1.066	1	8	107	7	26	12	73	0
1.068	1	8	107	9	26	12	73	0
1.07	1	8	108	1	26	12	73	0
1.072	1	8	108	3	26	12	73	0
1.073	1	8	108	4	26	12	73	0
1.075	1	8	108	6	26	12	73	0
1.077	1	8	108	8	26	12	73	0
1.079	1	8	108	10	26	12	73	0
1.081	1	8	109	2	26	12	73	0
1.083	1	8	109	4	26	12	73	0
1.085	1	8	109	6	26	12	73	0
1.087	1	8	109	8	26	12	73	0
1.088	1	8	109	9	26	12	73	0
1.09	1	8	110	1	26	12	73	0
1.092	1	8	110	3	26	12	73	0
1.094	1	8	110	5	26	12	73	0
1.096	1	8	110	7	26	12	73	0
1.098	1	8	110	9	26	12	73	0
1.1	1	8	111	1	26	12	73	0
1.102	1	8	111	3	26	12	73	0
1.103	1	8	111	4	26	12	73	0
1.105	1	8	111	6	26	12	73	0
1.107	1	8	111	8	26	12	73	0
1.109	1	8	111	10	26	12	73	0
1.111	1	8	112	2	26	12	73	0
1.113	1	8	112	4	26	12	73	0
1.115	1	8	112	6	26	12	73	0
1.117	1	8	112	8	26	12	73	0
1.118	1	8	112	9	26	12	73	0
1.12	1	8	113	1	26	12	73	0
1.122	1	8	113	3	26	12	73	0
1.124	1	8	113	5	26	12	73	0
1.126	1	8	113	7	26	12	73	0
1.128	1	8	113	9	26	12	73	0
1.13	1	8	114	1	26	12	73	0
1.132	1	8	114	3	26	12	73	0
1.133	1	8	114	4	26	12	73	0
1.135	1	8	114	6	26	12	73	0
1.137	1	8	114	8	26	12	73	0
1.139	1	8	114	10	26	12	73	0
1.141	1	8	115	2	26	12	73	0
1.143	1	8	115	4	26	12	73	0
1.145	1	8	115	6	26	12	73	0
1.147	1	8	115	8	26	12	73	0
1.148	1	8	115	9	26	12	73	0
1.15	1	8	116	1	26	12	73	0
1.152	1	8	116	3	26	12	73	0
1.154	1	8	116	5	26	12	73	0
1.156	1	8	116	7	26	12	73	0
1.158	1	8	116	9	26	12	73	0
1.16	1	8	117	1	26	12	73	0
1.162	1	8	117	3	26	12	73	0
1.163	1	8	117	4	26	12	73	0
1.165	1	8	117	6	26	12	73	0
1.167	1	8	117	8	26	12	73	0
1.169	1	8	117	10	26	12	73	0
1.171	1	8	118	2	26	12	73	0
1.173	1	8	118	4	26	12	73	0
1.175	1	8	118	6	26	12	73	0
1.177	1	8	118	8	26	12	73	0
1.178	1	8	118	9	26	12	73	0
1.18	1	8	119	1	26	12	73	0
1.182	1	8	119	3	26	12	73	0
1.184	1	8	119	5	26	12	73	0
1.186	1	8	119	7	26	12	73	0
1.188	1	8	119	9	26	12	73	0
1.19	1	8	120	1	26	12	73	0
1.192	1	8	120	3	26	12	73	0
1.193	1	8	120	4	26	12	73	0
1.195	1	8	120	6	26	12	73	0
1.197	1	8	120	8	26	12	73	0
1.199	1	8	120	10	26	12	73	0
1.201	1	8	121	2	26	12	73	0
1.203	1	8	121	4	26	12	73	0
1.205	1	8	121	6	26	12	73	0
1.207	1	8	121	8	26	12	73	0
1.208	1	8	121	9	26	12	73	0
1.21	1	8	122	1	26	12	73	0
1.212	1	8	122	3	26	12	73	0
1.214	1	8	122	5	26	12	73	0
1.216	1	8	122	7	26	12	73	0
1.218	1	8	122	9	26	12	73	0
1.22	1	8	123	1	26	12	73	0
1.222	1	8	123	3	26	12	73	0
1.223	1	8	123	4	26	12	73	0
1.225	1	8	123	6	26	12	73	0
1.227	1	8	123	8	26	12	73	0
1.229	1	8	123	10	26	12	73	0
1.231	1	8	124	2	26	12	73	0
1.233	1	8	124	4	26	12	73	0
1.235	1	8	124	6	26	12	73	0
1.237	1	8	124	8	26	12	73	0
1.238	1	8	124	9	26	12	73	0
1.24	1	8	125	1	26	12	73	0
1.242	1	8	125	3	26	12	73	0
1.244	1	8	125	5	26	12	73	0
1.246	1	8	125	7	26	12	73	0
1.248	1	8	125	9	26	12	73	0
1.25	1	8	126	1	26	12	73	0
1.252	1	8	126	3	26	12	73	0
1.253	1	8	126	4	26	12	73	0
1.255	1	8	126	6	26	12	73	0
1.257	1	8	126	8	26	12	73	0
1.259	1	8	126	10	26	12	73	0
1.261	1	8	127	2	26	12	73	0
1.263	1	8	127	4	26	12	73	0
1.265	1	8	127	6	26	12	73	0
1.267	1	8	127	8	26	12	73	0
1.268	1	8	127	9	26	12	73	0
1.27	1	8	128	1	26	12	73	0
1.272	1	8	128	3	26	12	73	0
1.274	1	8	128	5	26	12	73	0
1.276	1	8	128	7	26	12	73	0
1.278	1	8	128	9	26	12	73	0
1.28	1	8	129	1	26	12	73	0
1.282	1	8	129	3	26	12	73	0
1.283	1	8	129	4	26	12	73	0
1.285	1	8	129	6	26	12	73	0
1.287	1	8	129	8	26	12	73	0
1.289	1	8	129	10	26	12	73	0
1.291	1	8	130	2	26	12	73	0
1.293	1	8	130	4	26	12	73	0
1.295	1	8	130	6	26	12	73	0
1.297	1	8	130	8	26	12	73	0
1.298	1	8	130	9	26	12	73	0
1.3	1	8	131	1	26	12	73	0
1.302	1	8	131	3	26	12	73	0
1.304	1	8	131	5	26	12	73	0
1.306	1	8	131	7	26	12	73	0
1.308	1	8	131	9	26	12	73	0
1.31	1	8	132	1	26	12	73	0
1.312	1	8	132	3	26	12	73	0
1.313	1	8	132	4	26	12	73	0
1.315	1	8	132	6	26	12	73	0
1.317	1	8	132	8	26	12	73	0
1.319	1	8	132	10	26	12	73	0
1.321	1	8	133	2	26	12	73	0
1.323	1	8	133	4	26	12	73	0
1.325	1	8	133	6	26	12	73	0
1.327	1	8	133	8	26	12	73	0
1.328	1	8	133	9	26	12	73	0
1.33	1	8	134	1	26	12	73	0
1.332	1	8	134	3	26	12	73	0
1.334	1	8	134	5	26	12	73	0
1.336	1	8	134	7	26	12	73	0
1.338	1	8	134	9	26	12	73	0
1.34	1	8	135	1	26	12	73	0
1.342	1	8	135	3	26	12	73	0
1.343	1	8	135	4	26	12	73	0
1.345	1	8	135	6	26	12	73	0
1.347	1	8	135	8	26	12	73	0
1.349	1	8	135	10	26	12	73	0
1.351	1	8	136	2	26	12	73	0
1.353	1	8	136	4	26	12	73	0
1.355	1	8	136	6	26	12	73	0
1.357	1	8	136	8	26	12	73	0
1.358	1	8	136	9	26	12	73	0
1.36	1	8	137	1	26	12	73	0
1.362	1	8	137	3	26	12	73	0
1.364	1	8	137	5	26	12	73	0
1.366	1	8	137	7	26	12	73	0
1.368	1	8	137	9	26	12	73	0
1.37	1	8	138	1	26	12	73	0
1.372	1	8	138	3	26	12	73	0
1.373	1	8	138	4	26	12	73	0
1.375	1	8	138	6	26	12	73	0
1.377	1	8	138	8	26	12	73	0
1.379	1	8	138	10	26	12	73	0
1.381	1	8	139	2	26	12	73	0
1.383	1	8	139	4	26	12	73	0
1.385	1	8	139	6	26	12	73	0
1.387	1	8	139	8	26	12	73	0
1.388	1	8	139	9	26	12	73	0
1.39	1	8	140	1	26	12	73	0
1.392	1	8	140	3	26	12	73	0
1.394	1	8	140	5	26	12	73	0
1.396	1	8	140	7	26	12	73	0
1.398	1	8	140	9	26	12	73	0
1.4	1	8	141	1	26	12	73	0
1.402	1	8	141	3	26	12	73	0
1.403	1	8	141	4	26	12	73	0
1.405	1	8	141	6	26	12	73	0
1.407	1	8	141	8	26	12	73	0
1.409	1	8	141	10	26	12	73	0
1.411	1	8	142	2	26	12	73	0
1.413	1	8	142	4	26	12	73	0
1.415	1	8	142	6	26	12	73	0
1.417	1	8	142	8	26	12	73	0
1.418	1	8	142	9	26	12	73	0
1.42	1	8	143	1	26	12	73	0
1.422	1	8	143	3	26	12	73	0
1.424	1	8	143	5	26	12	73	0
1.426	1	8	143	7	26	12	73	0
1.428	1	8	143	9	26	12	73	0
1.43	1	8	144	1	26	12	73	0
1.432	1	8	144	3	26	12	73	0
1.433	1	8	144	4	26	12	73	0
1.435	1	8	144	6	26	12	73	0
1.437	1	8	144	8	26	12	73	0
1.439	1	8	144	10	26	12	73	0
1.441	1	8	145	2	26	12	73	0
1.443	1	8	145	4	26	12	73	0
1.445	1	8	145	6	26	12	73	0
1.447	1	8	145	8	26	12	73	0
1.448	1	8	145	9	26	12	73	0
1.45	1	8	146	1	26	12	73	0
1.452	1	8	146	3	26	12	73	0
1.454	1	8	146	5	26	12	73	0
1.456	1	8	146	7	26	12	73	0
1.458	1	8	146	9	26	12	73	0
1.46	1	8	147	1	26	12	73	0
1.462	1	8	147	3	26	12	73	0
1.463	1	8	147	4	26	12	73	0
1.465	1	8	147	6	26	12	73	0
1.467	1	8	147	8	26	12	73	0
1.469	1	8	147	10	26	12	73	0
1.471	1	8	148	2	26	12	73	0
1.473	1	8	148	4	26	12	73	0
1.475	1	8	148	6	26	12	73	0
1.477	1	8	148	8	26	12	73	0
1.478	1	8	148	9	26	12	73	0
1.48	1	8	149	1	26	12	73	0
1.482	1	8	149	3	26	12	73	0
1.484	1	8	149	5	26	12	73	0
1.486	1	8	149	7	26	12	73	0
1.488	1	8	149	9	26	12	73	0
1.49	1	8	150	1	26	12	73	0
1.492	1	8	150	3	26	12	73	0
1.493	1	8	150	4	26	12	73	0
1.495	1	8	150	6	26	12	73	0
1.497	1	8	150	8	26	12	73	0
1.499	1	8	150	10	26	12	73	0
1.501	1	8	151	2	26	12	73	0
1.503	1	8	151	4	26	12	73	0
1.505	1	8	151	6	26	12	73	0
1.507	1	8	151	8	26	12	73	0
1.508	1	8	151	9	26	12	73	0
1.51	1	8	152	1	26	12	73	0
1.512	1	8	152	3	26	12	73	0
1.514	1	8	152	5	26	12	73	0
1.516	1	8	152	7	26	12	73	0
1.518	1	8	152	9	26	12	73	0
1.52	1	8	153	1	26	12	73	0
1.522	1	8	153	3	26	12	73	0
1.523	1	8	153	4	26	12	73	0
1.525	1	8	153	6	26	12	73	0
1.527	1	8	153	8	26	12	73	0
1.529	1	8	153	10	26	12	73	0
1.531	1	8	154	2	26	12	73	0
1.533	1	8	154	4	26	12	73	0
1.535	1	8	154	6	26	12	73	0
1.537	1	8	154	8	26	12	73	0
1.538	1	8	154	9	26	12	73	0
1.54	1	8	155	1	26	12	73	0
1.542	1	8	155	3	26	12	73	0
1.544	1	8	155	5	26	12	73	0
1.546	1	8	155	7	26	12	73	0
1.548	1	8	155	9	26	12	73	0
1.55	1	8	156	1	26	12	73	0
1.552	1	8	156	3	26	12	73	0
1.553	1	8	156	4	26	12	73	0
1.555	1	8	156	6	26	12	73	0
1.557	1	8	156	8	26	12	73	0
1.559	1	8	156	10	26	12	73	0
1.561	1	8	157	2	26	12	73	0
1.563	1	8	157	4	26	12	73	0
1.565	1	8	157	6	26	12	73	0
1.567	1	8	157	8	26	12	73	0
1.568	1	8	157	9	26	12	73	0
1.57	1	8	158	1	26	12	73	0
1.572	1	8	158	3	26	12	73	0
1.574	1	8	158	5	26	12	73	0
1.576	1	8	158	7	26	12	73	0
1.578	1	8	158	9	26	12	73	0
1.58	1	8	159	1	26	12	73	0
1.582	1	8	159	3	26	12	73	0
1.583	1	8	159	4	26	12	73	0
1.585	1	8	159	6	26	12	73	0
1.587	1	8	159	8	26	12	73	0
1.589	1	8	159	10	26	12	73	0
1.591	1	8	160	2	26	12	73	0
1.593	1	8	160	4	26	12	73	0
1.595	1	8	160	6	26	12	73	0
1.597	1	8	160	8	26	12	73	0
1.598	1	8	160	9	26	12	73	0
1.6	1	8	161	1	26	12	73	0
1.602	1	8	161	3	26	12	73	0
1.604	1	8	161	5	26	12	73	0
1.606	1	8	161	7	26	12	73	0
1.608	1	8	161	9	26	12	73	0
1.61	1	8	162	1	26	12	73	0
1.612	1	8	162	3	26	12	73	0
1.613	1	8	162	4	26	12	73	0
1.615	1	8	162	6	26	12	73	0
1.617	1	8	162	8	26	12	73	0
1.619	1	8	162	10	26	12	73	0
1.621	1	8	163	2	26	12	73	0
1.623	1	8	163	4	26	12	73	0
1.625	1	8	163	6	26	12	73	0
1.627	1	8	163	8	26	12	73	0
1.628	1	8	163	9	26	12	73	0
1.63	1	8	164	1	26	12	73	0
1.632	1	8	164	3	26	12	73	0
1.634	1	8	164	5	26	12	73	0
1.636	1	8	164	7	26	12	73	0
1.638	1	8	164	9	26	12	73	0
1.64	1	8	165	1	26	12	73	0
1.642	1	8	165	3	26	12	73	0
1.643	1	8	165	4	26	12	73	0
1.645	1	8	165	6	26	12	73	0
1.647	1	8	165	8	26	12	73	0
1.649	1	8	165	10	26	12	73	0
1.651	1	8	166	2	26	12	73	0
1.653	1	8	166	4	26	12	73	0
1.655	1	8	166	6	26	12	73	0
1.657	1	8	166	8	26	12	73	0
1.658	1	8	166	9	26	12	73	0
1.66	1	8	167	1	26	12	73	0
1.662	1	8	167	3	26	12	73	0
1.664	1	8	167	5	26	12	73	0
1.666	1	8	167	7	26	12	73	0
1.668	1	8	167	9	26	12	73	0
1.67	1	8	168	1	26	12	73	0
1.672	1	8	168	3	26	12	73	0
1.673	1	8	168	4	26	12	73	0
1.675	1	8	168	6	26	12	73	0
1.677	1	8	168	8	26	12	73	0
1.679	1	8	168	10	26	12	73	0
1.681	1	8	169	2	26	12	73	0
1.683	1	8	169	4	26	12	73	0
1.685	1	8	169	6	26	12	73	0
1.687	1	8	169	8	26	12	73	0
1.688	1	8	169	9	26	12	73	0
1.69	1	8	170	1	26	12	73	0
1.692	1	8	170	3	26	12	73	0
1.694	1	8	170	5	26	12	73	0
1.696	1	8	170	7	26	12	73	0
1.698	1	8	170	9	26	12	73	0
1.7	1	8	171	1	26	12	73	0
1.702	1	8	171	3	26	12	73	0
1.703	1	8	171	4	26	12	73	0
1.705	1	8	171	6	26	12	73	0
1.707	1	8	171	8	26	12	73	0
1.709	1	8	171	10	26	12	73	0
1.711	1	8	172	2	26	12	73	0
1.713	1	8	172	4	26	12	73	0
1.715	1	8	172	6	26	12	73	0
1.717	1	8	172	8	26	12	73	0
1.718	1	8	172	9	26	12	73	0
1.72	1	8	173	1	26	12	73	0
1.722	1	8	173	3	26	12	73	0
1.724	1	8	173	5	26	12	73	0
1.726	1	8	173	7	26	12	73	0
1.728	1	8	173	9	26	12	73	0
1.73	1	8	174	1	26	12	73	0
1.732	1	8	174	3	26	12	73	0
1.733	1	8	174	4	26	12	73	0
1.735	1	8	174	6	26	12	73	0
1.737	1	8	174	8	26	12	73	0
1.739	1	8	174	10	26	12	73	0
1.741	1	8	175	2	26	12	73	0
1.743	1	8	175	4	26	12	73	0
1.745	1	8	175	6	26	12	73	0
1.747	1	8	175	8	26	12	73	0
1.748	1	8	175	9	26	12	73	0
1.75	1	8	176	1	26	12	73	0
1.752	1	8	176	3	26	12	73	0
1.754	1	8	176	5	26	12	73	0
1.756	1	8	176	7	26	12	73	0
1.758	1	8	176	9	26	12	73	0
1.76	1	8	177	1	26	12	73	0
1.762	1	8	177	3	26	12	73	0
1.763	1	8	177	4	26	12	73	0
1.765	1	8	177	6	26	12	73	0
1.767	1	8	177	8	26	12	73	0
1.769	1	8	177	10	26	12	73	0
1.771	1	8	178	2	26	12	73	0
1.773	1	8	178	4	26	12	73	0
1.775	1	8	178	6	26	12	73	0
1.777	1	8	178	8	26	12	73	0
1.778	1	8	178	9	26	12	73	0
1.78	1	8	179	1	26	12	73	0
1.782	1	8	179	3	26	12	73	0
1.784	1	8	179	5	26	12	73	0
1.786	1	8	179	7	26	12	73	0
1.788	1	8	179	9	26	12	73	0
1.79	1	8	180	1	26	12	73	0
1.792	1	8	180	3	26	12	73	0
1.793	1	8	180	4	26	12	73	0
1.795	1	8	180	6	26	12	73	0
1.797	1	8	180	8	26	12	73	0
1.799	1	8	180	10	26	12	73	0
1.801	1	8	181	2	26	12	73	0
1.803	1	8	181	4	26	12	73	0
1.805	1	8	181	6	26	12	73	0
1.807	1	8	181	8	26	12	73	0
1.808	1	8	181	9	26	12	73	0
1.81	1	8	182	1	26	12	73	0
1.812	1	8	182	3	26	12	73	0
1.814	1	8	182	5	26	12	73	0
1.816	1	8	182	7	26	12	73	0
1.818	1	8	182	9	26	12	73	0
1.82	1	8	183	1	26	12	73	0
1.822	1	8	183	3	26	12	73	0
1.823	1	8	183	4	26	12	73	0
1.825	1	8	183	6	26	12	73	0
1.827	1	8	183	8	26	12	73	0
1.829	1	8	183	10	26	12	73	0
1.831	1	8	184	2	26	12	73	0
1.833	1	8	184	4	26	12	73	0
1.835	1	8	184	6	26	12	73	0
1.837	1	8	184	8	26	12	73	0
1.838	1	8	184	9	26	12	73	0
1.84	1	8	185	1	26	12	73	0
1.842	1	8	185	3	26	12	73	0
1.844	1	8	185	5	26	12	73	0
1.846	1	8	185	7	26	12	73	0
1.848	1	8	185	9	26	12	73	0
1.85	1	8	186	1	26	12	73	0
1.852	1	8	186	3	26	12	73	0
1.853	1	8	186	4	26	12	73	0
1.855	1	8	186	6	26	12	73	0
1.857	1	8	186	8	26	12	73	0
1.859	1	8	186	10	26	12	73	0
1.861	1	8	187	2	26	12	73	0
1.863	1	8	187	4	26	12	73	0
1.865	1	8	187	6	26	12	73	0
1.867	1	8	187	8	26	12	73	0
1.868	1	8	187	9	26	12	73	0
1.87	1	8	188	1	26	12	73	0
1.872	1	8	188	3	26	12	73	0
1.874	1	8	188	5	26	12	73	0
1.876	1	8	188	7	26	12	73	0
1.878	1	8	188	9	26	12	73	0
1.88	1	8	189	1	26	12	73	0
1.882	1	8	189	3	26	12	73	0
1.883	1	8	189	4	26	12	73	0
1.885	1	8	189	6	26	12	73	0
1.887	1	8	189	8	26	12	73	0
1.889	1	8	189	10	26	12	73	0
1.891	1	8	190	2	26	12	73	0
1.893	1	8	190	4	26	12	73	0
1.895	1	8	190	6	26	12	73	0
1.897	1	8	190	8	26	12	73	0
1.898	1	8	190	9	26	12	73	0
1.9	1	8	191	1	26	12	73	0
1.902	1	8	191	3	26	12	73	0
1.904	1	8	191	5	26	12	73	0
1.906	1	8	191	7	26	12	73	0
1.908	1	8	191	9	26	12	73	0
1.91	1	8	192	1	26	12	73	0
1.912	1	8	192	3	26	12	73	0
1.913	1	8	192	4	26	12	73	0
1.915	1	8	192	6	26	12	73	0
1.917	1	8	192	8	26	12	73	0
1.919	1	8	192	10	26	12	73	0
1.921	1	8	193	2	26	12	73	0
1.923	1	8	193	4	26	12	73	0
1.925	1	8	193	6	26	12	73	0
1.927	1	8	193	8	26	12	73	0
1.928	1	8	193	9	26	12	73	0
1.93	1	8	194	1	26	12	73	0
1.932	1	8	194	3	26	12	73	0
1.934	1	8	194	5	26	12	73	0
1.936	1	8	194	7	26	12	73	0
1.938	1	8	194	9	26	12	73	0
1.94	1	8	195	1	26	12	73	0
1.942	1	8	195	3	26	12	73	0
1.943	1	8	195	4	26	12	73	0
1.945	1	8	195	6	26	12	73	0
1.947	1	8	195	8	26	12	73	0
1.949	1	8	195	10	26	12	73	0
1.951	1	8	196	2	26	12	73	0
1.953	1	8	196	4	26	12	73	0
1.955	1	8	196	6	26	12	73	0
1.957	1	8	196	8	26	12	73	0
1.958	1	8	196	9	26	12	73	0
1.96	1	8	197	1	26	12	73	0
1.962	1	8	197	3	26	12	73	0
1.964	1	8	197	5	26	12	73	0
1.966	1	8	197	7	26	12	73	0
1.968	1	8	197	9	26	12	73	0
1.97	1	8	198	1	26	12	73	0
1.972	1	8	198	3	26	12	73	0
1.973	1	8	198	4	26	12	73	0
1.975	1	8	198	6	26	12	73	0
1.977	1	8	198	8	26	12	73	0
1.979	1	8	198	10	26	12	73	0
1.981	1	8	199	2	26	12	73	0
1.983	1	8	199	4	26	12	73	0
1.985	1	8	199	6	26	12	73	0
1.987	1	8	199	8	26	12	73	0
1.988	1	8	199	9	26	12	73	0
1.99	1	8	200	1	26	12	73	0
1.992	1	8	200	3	26	12	73	0
1.994	1	8	200	5	26	12	73	0
1.996	1	8	200	7	26	12	73	0
1.998	1	8	200	9	26	12	73	0
2	1	8	201	1	26	12	73	0
2.002	1	8	201	3	26	12	73	0
2.003	1	8	201	4	26	12	73	0
2.005	1	8	201	6	26	12	73	0
2.007	1	8	201	8	26	12	73	0
2.009	1	8	201	10	26	12	73	0
2.011	1	8	202	2	26	12	73	0
2.013	1	8	202	4	26	12	73	0
2.015	1	8	202	6	26	12	73	0
2.017	1	8	202	8	26	12	73	0
2.018	1	8	202	9	26	12	73	0
2.02	1	8	203	1	26	12	73	0
2.022	1	8	203	3	26	12	73	0
2.024	1	8	203	5	26	12	73	0
2.026	1	8	203	7	26	12	73	0
2.028	1	8	203	9	26	12	73	0
2.03	1	8	204	1	26	12	73	0
2.032	1	8	204	3	26	12	73	0
2.033	1	8	204	4	26	12	73	0
2.035	1	8	204	6	26	12	73	0
2.037	1	8	204	8	26	12	73	0
2.039	1	8	204	10	26	12	73	0
2.041	1	8	205	2	26	12	73	0
2.043	1	8	205	4	26	12	73	0
2.045	1	8	205	6	26	12	73	0
2.047	1	8	205	8	26	12	73	0
2.048	1	8	205	9	26	12	73	0
2.05	1	8	206	1	26	12	73	0
2.052	1	8	206	3	26	12	73	0
2.054	1	8	206	5	26	12	73	0
2.056	1	8	206	7	26	12	73	0
2.058	1	8	206	9	26	12	73	0
2.06	1	8	207	1	26	12	73	0
2.062	1	8	207	3	26	12	73	0
2.063	1	8	207	4	26	12	73	0
2.065	1	8	207	6	26	12	73	0
2.067	1	8	207	8	26	12	73	0
2.069	1	8	207	10	26	12	73	0
2.071	1	8	208	2	26	12	73	0
2.073	1	8	208	4	26	12	73	0
2.075	1	8	208	6	26	12	73	0
2.077	1	8	208	8	26	12	73	0
2.078	1	8	208	9	26	12	73	0
2.08	1	8	209	1	26	12	73	0
2.082	1	8	209	3	26	12	73	0
2.084	1	8	209	5	26	12	73	0
2.086	1	8	209	7	26	12	73	0
2.088	1	8	209	9	26	12	73	0
2.09	1	8	210	1	26	12	73	0
2.092	1	8	210	3	26	12	73	0
2.093	1	8	210	4	26	12	73	0
2.095	1	8	210	6	26	12	73	0
2.097	1	8	210	8	26	12	73	0
2.099	1	8	210	10	26	12	73	0
2.101	1	8	211	2	26	12	73	0
2.103	1	8	211	4	26	12	73	0
2.105	1	8	211	6	26	12	73	0
2.107	1	8	211	8	26	12	73	0
2.108	1	8	211	9	26	12	73	0
2.11	1	8	212	1	26	12	73	0
2.112	1	8	212	3	26	12	73	0
2.114	1	8	212	5	26	12	73	0
2.116	1	8	212	7	26	12	73	0
2.118	1	8	212	9	26	12	73	0
2.12	1	8	213	1	26	12	73	0
2.122	1	8	213	3	26	12	73	0
2.123	1	8	213	4	26	12	73	0
2.125	1	8	213	6	26	12	73	0
2.127	1	8	213	8	26	12	73	0
2.129	1	8	213	10	26	12	73	0
2.131	1	8	214	2	26	12	73	0
2.133	1	8	214	4	26	12	73	0
2.135	1	8	214	6	26	12	73	0
2.137	1	8	214	8	26	12	73	0
2.138	1	8	214	9	26	12	73	0
2.14	1	8	215	1	26	12	73	0
2.142	1	8	215	3	26	12	73	0
2.144	1	8	215	5	26	12	73	0
2.146	1	8	215	7	26	12	73	0
2.148	1	8	215	9	26	12	73	0
2.15	1	8	216	1	26	12	73	0
2.152	1	8	216	3	26	12	73	0
2.153	1	8	216	4	26	12	73	0
2.155	1	8	216	6	26	12	73	0
2.157	1	8	216	8	26	12	73	0
2.159	1	8	216	10	26	12	73	0
2.161	1	8	217	2	26	12	73	0
2.163	1	8	217	4	26	12	73	0
2.165	1	8	217	6	26	12	73	0
2.167	1	8	217	8	26	12	73	0
2.168	1	8	217	9	26	12	73	0
2.17	1	8	218	1	26	12	73	0
2.172	1	8	218	3	26	12	73	0
2.174	1	8	218	5	26	12	73	0
2.176	1	8	218	7	26	12	73	0
2.178	1	8	218	9	26	12	73	0
2.18	1	8	219	1	26	12	73	0
2.182	1	8	219	3	26	12	73	0
2.183	1	8	219	4	26	12	73	0
2.185	1	8	219	6	26	12	73	0
2.187	1	8	219	8	26	12	73	0
2.189	1	8	219	10	26	12	73	0
2.191	1	8	220	2	26	12	73	0
2.193	1	8	220	4	26	12	73	0
2.195	1	8	220	6	26	12	73	0
2.197	1	8	220	8	26	12	73	0
2.198	1	8	220	9	26	12	73	0
2.2	1	8	221	1	26	12	73	0
2.202	1	8	221	3	26	12	73	0
2.204	1	8	221	5	26	12	73	0
2.206	1	8	221	7	26	12	73	0
2.208	1	8	221	9	26	12	73	0
2.21	1	8	222	1	26	12	73	0
2.212	1	8	222	3	26	12	73	0
2.213	1	8	222	4	26	12	73	0
2.215	1	8	222	6	26	12	73	0
2.217	1	8	222	8	26	12	73	0
2.219	1	8	222	10	26	12	73	0
2.221	1	8	223	2	26	12	73	0
2.223	1	8	223	4	26	12	73	0
2.225	1	8	223	6	26	12	73	0
2.227	1	8	223	8	26	12	73	0
2.228	1	8	223	9	26	12	73	0
2.23	1	8	224	1	26	12	73	0
2.232	1	8	224	3	26	12	73	0
2.234	1	8	224	5	26	12	73	0
2.236	1	8	224	7	26	12	73	0
2.238	1	8	224	9	26	12	73	0
2.24	1	8	225	1	26	12	73	0
2.242	1	8	225	3	26	12	73	0
2.243	1	8	225	4	26	12	73	0
2.245	1	8	225	6	26	12	73	0
2.247	1	8	225	8	26	12	73	0
2.249	1	8	225	10	26	12	73	0
2.251	1	8	226	2	26	12	73	0
2.253	1	8	226	4	26	12	73	0
2.255	1	8	226	6	26	12	73	0
2.257	1	8	226	8	26	12	73	0
2.258	1	8	226	9	26	12	73	0
2.26	1	8	227	1	26	12	73	0
2.262	1	8	227	3	26	12	73	0
2.264	1	8	227	5	26	12	73	0
2.266	1	8	227	7	26	12	73	0
2.268	1	8	227	9	26	12	73	0
2.27	1	8	228	1	26	12	73	0
2.272	1	8	228	3	26	12	73	0
2.273	1	8	228	4	26	12	73	0
2.275	1	8	228	6	26	12	73	0
2.277	1	8	228	8	26	12	73	0
2.279	1	8	228	10	26	12	73	0
2.281	1	8	229	2	26	12	73	0
2.283	1	8	229	4	26	12	73	0
2.285	1	8	229	6	26	12	73	0
2.287	1	8	229	8	26	12	73	0
2.288	1	8	229	9	26	12	73	0
2.29	1	8	230	1	26	12	73	0
2.292	1	8	230	3	26	12	73	0
2.294	1	8	230	5	26	12	73	0
2.296	1	8	230	7	26	12	73	0
2.298	1	8	230	9	26	12	73	0
2.3	1	8	231	1	26	12	73	0
2.302	1	8	231	3	26	12	73	0
2.303	1	8	231	4	26	12	73	0
2.305	1	8	231	6	26	12	73	0
2.307	1	8	231	8	26	12	73	0
2.309	1	8	231	10	26	12	73	0
2.311	1	8	232	2	26	12	73	0
2.313	1	8	232	4	26	12	73	0
2.315	1	8	232	6	26	12	73	0
2.317	1	8	232	8	26	12	73	0
2.318	1	8	232	9	26	12	73	0
2.32	1	8	233	1	26	12	73	0
2.322	1	8	233	3	26	12	73	0
2.324	1	8	233	5	26	12	73	0
2.326	1	8	233	7	26	12	73	0
2.328	1	8	233	9	26	12	73	0
2.33	1	8	234	1	26	12	73	0
2.332	1	8	234	3	26	12	73	0
2.333	1	8	234	4	26	12	73	0
2.335	1	8	234	6	26	12	73	0
2.337	1	8	234	8	26	12	73	0
2.339	1	8	234	10	26	12	73	0
2.341	1	8	235	2	26	12	73	0
2.343	1	8	235	4	26	12	73	0
2.345	1	8	235	6	26	12	73	0
2.347	1	8	235	8	26	12	73	0
2.348	1	8	235	9	26	12	73	0
2.35	1	8	236	1	26	12	73	0
2.352	1	8	236	3	26	12	73	0
2.354	1	8	236	5	26	12	73	0
2.356	1	8	236	7	26	12	73	0
2.358	1	8	236	9	26	12	73	0
2.36	1	8	237	1	26	12	73	0
2.362	1	8	237	3	26	12	73	0
2.363	1	8	237	4	26	12	73	0
2.365	1	8	237	6	26	12	73	0
2.367	1	8	237	8	26	12	73	0
2.369	1	8	237	10	26	12	73	0
2.371	1	8	238	2	26	12	73	0
2.373	1	8	238	4	26	12	73	0
2.375	1	8	238	6	26	12	73	0
2.377	1	8	238	8	26	12	73	0
2.378	1	8	238	9	26	12	73	0
2.38	1	8	239	1	26	12	73	0
2.382	1	8	239	3	26	12	73	0
2.384	1	8	239	5	26	12	73	0
2.386	1	8	239	7	26	12	73	0
2.388	1	8	239	9	26	12	73	0
2.39	1	8	240	1	26	12	73	0
2.392	1	8	240	3	26	12	73	0
2.393	1	8	240	4	26	12	73	0
2.395	1	8	240	6	26	12	73	0
2.397	1	8	240	8	26	12	73	0
2.399	1	8	240	10	26	12	73	0
2.401	1	8	241	2	26	12	73	0
2.403	1	8	241	4	26	12	73	0
2.405	1	8	241	6	26	12	73	0
2.407	1	8	241	8	26	12	73	0
2.408	1	8	241	9	26	12	73	0
2.41	1	8	242	1	26	12	73	0
2.412	1	8	242	3	26	12	73	0
2.414	1	8	242	5	26	12	73	0
2.416	1	8	242	7	26	12	73	0
2.418	1	8	242	9	26	12	73	0
2.42	1	8	243	1	26	12	73	0
2.422	1	8	243	3	26	12	73	0
2.423	1	8	243	4	26	12	73	0
2.425	1	8	243	6	26	12	73	0
2.427	1	8	243	8	26	12	73	0
2.429	1	8	243	10	26	12	73	0
2.431	1	8	244	2	26	12	73	0
2.433	1	8	244	4	26	12	73	0
2.435	1	8	244	6	26	12	73	0
2.437	1	8	244	8	26	12	73	0
2.438	1	8	244	9	26	12	73	0
2.44	1	8	245	1	26	12	73	0
2.442	1	8	245	3	26	12	73	0
2.444	1	8	245	5	26	12	73	0
2.446	1	8	245	7	26	12	73	0
2.448	1	8	245	9	26	12	73	0
2.45	1	8	246	1	26	12	73	0
2.452	1	8	246	3	26	12	73	0
2.453	1	8	246	4	26	12	73	0
2.455	1	8	246	6	26	12	73	0
2.457	1	8	246	8	26	12	73	0
2.459	1	8	246	10	26	12	73	0
2.461	1	8	247	2	26	12	73	0
2.463	1	8	247	4	26	12	73	0
2.465	1	8	247	6	26	12	73	0
2.467	1	8	247	8	26	12	73	0
2.468	1	8	247	9	26	12	73	0
2.47	1	8	248	1	26	12	73	0
2.472	1	8	248	3	26	12	73	0
2.474	1	8	248	5	26	12	73	0
2.476	1	8	248	7	26	12	73	0
2.478	1	8	248	9	26	12	73	0
2.48	1	8	249	1	26	12	73	0
2.482	1	8	249	3	26	12	73	0
2.483	1	8	249	4	26	12	73	0
2.485	1	8	249	6	26	12	73	0
2.487	1	8	249	8	26	12	73	0
2.489	1	8	249	10	26	12	73	0
2.491	1	8	250	2	26	12	73	0
2.493	1	8	250	4	26	12	73	0
2.495	1	8	250	6	26	12	73	0
2.497	1	8	250	8	26	12	73	0
2.498	1	8	250	9	26	12	73	0
2.5	1	8	251	1	26	12	73	0
2.502	1	8	251	3	26	12	73	0
2.504	1	8	251	5	26	12	73	0
2.506	1	8	251	7	26	12	73	0
2.508	1	8	251	9	26	12	73	0
2.51	1	8	252	1	26	12	73	0
2.512	1	8	252	3	26	12	73	0
2.513	1	8	252	4	26	12	73	0
2.515	1	8	252	6	26	12	73	0
2.517	1	8	252	8	26	12	73	0
2.519	1	8	252	10	26	12	73	0
2.521	1	8	253	2	26	12	73	0
2.523	1	8	253	4	26	12	73	0
2.525	1	8	253	6	26	12	73	0
2.527	1	8	253	8	26	12	73	0
2.528	1	8	253	9	26	12	73	0
2.53	1	8	254	1	26	12	73	0
2.532	1	8	254	3	26	12	73	0
2.534	1	8	254	5	26	12	73	0
2.536	1	8	254	7	26	12	73	0
2.538	1	8	254	9	26	12	73	0
2.54	1	8	255	1	26	12	73	0
2.542	1	8	255	3	26	12	73	0
2.543	1	8	255	4	26	12	73	0
2.545	1	8	255	6	26	12	73	0
2.547	1	8	255	8	26	12	73	0
2.549	1	8	255	10	26	12	73	0
2.551	1	8	256	2	26	12	73	0
2.553	1	8	256	4	26	12	73	0
2.555	1	8	256	6	26	12	73	0
2.557	1	8	256	8	26	12	73	0
2.558	1	8	256	9	26	12	73	0
2.56	1	8	257	1	26	12	73	0
2.562	1	8	257	3	26	12	73	0
2.564	1	8	257	5	26	12	73	0
2.566	1	8	257	7	26	12	73	0
2.568	1	8	257	9	26	12	73	0
2.57	1	8	258	1	26	12	73	0
2.572	1	8	258	3	26	12	73	0
2.573	1	8	258	4	26	12	73	0
2.575	1	8	258	6	26	12	73	0
2.577	1	8	258	8	26	12	73	0
2.579	1	8	258	10	26	12	73	0
2.581	1	8	259	2	26	12	73	0
2.583	1	8	259	4	26	12	73	0
2.585	1	8	259	6	26	12	73	0
2.587	1	8	259	8	26	12	73	0
2.588	1	8	259	9	26	12	73	0
2.59	1	8	260	1	26	12	73	0
2.592	1	8	260	3	26	12	73	0
2.594	1	8	260	5	26	12	73	0
2.596	1	8	260	7	26	12	73	0
2.598	1	8	260	9	26	12	73	0
2.6	1	8	261	1	26	12	73	0
2.602	1	8	261	3	26	12	73	0
2.603	1	8	261	4	26	12	73	0
2.605	1	8	261	6	26	12	73	0
2.607	1	8	261	8	26	12	73	0
2.609	1	8	261	10	26	12	73	0
2.611	1	8	262	2	26	12	73	0
2.613	1	8	262	4	26	12	73	0
2.615	1	8	262	6	26	12	73	0
2.617	1	8	262	8	26	12	73	0
2.618	1	8	262	9	26	12	73	0
2.62	1	8	263	1	26	12	73	0
2.622	1	8	263	3	26	12	73	0
2.624	1	8	263	5	26	12	73	0
2.626	1	8	263	7	26	12	73	0
2.628	1	8	263	9	26	12	73	0
2.63	1	8	264	1	26	12	73	0
2.632	1	8	264	3	26	12	73	0
2.633	1	8	264	4	26	12	73	0
2.635	1	8	264	6	26	12	73	0
2.637	1	8	264	8	26	12	73	0
2.639	1	8	264	10	26	12	73	0
2.641	1	8	265	2	26	12	73	0
2.643	1	8	265	4	26	12	73	0
2.645	1	8	265	6	26	12	73	0
2.647	1	8	265	8	26	12	73	0
2.648	1	8	265	9	26	12	73	0
2.65	1	8	266	1	26	12	73	0
2.652	1	8	266	3	26	12	73	0
2.654	1	8	266	5	26	12	73	0
2.656	1	8	266	7	26	12	73	0
2.658	1	8	266	9	26	12	73	0
2.66	1	8	267	1	26	12	73	0
2.662	1	8	267	3	26	12	73	0
2.663	1	8	267	4	26	12	73	0
2.665	1	8	267	6	26	12	73	0
2.667	1	8	267	8	26	12	73	0
2.669	1	8	267	10	26	12	73	0
2.671	1	8	268	2	26	12	73	0
2.673	1	8	268	4	26	12	73	0
2.675	1	8	268	6	26	12	73	0
2.677	1	8	268	8	26	12	73	0
2.678	1	8	268	9	26	12	73	0
2.68	1	8	269	1	26	12	73	0
2.682	1	8	269	3	26	12	73	0
2.684	1	8	269	5	26	12	73	0
2.686	1	8	269	7	26	12	73	0
2.688	1	8	269	9	26	12	73	0
2.69	1	8	270	1	26	12	73	0
2.692	1	8	270	3	26	12	73	0
2.693	1	8	270	4	26	12	73	0
2.695	1	8	270	6	26	12	73	0
2.697	1	8	270	8	26	12	73	0
2.699	1	8	270	10	26	12	73	0
2.701	1	8	271	2	26	12	73	0
2.703	1	8	271	4	26	12	73	0
2.705	1	8	271	6	26	12	73	0
2.707	1	8	271	8	26	12	73	0
2.708	1	8	271	9	26	12	73	0
2.71	1	8	272	1	26	12	73	0
2.712	1	8	272	3	26	12	73	0
2.714	1	8	272	5	26	12	73	0
2.716	1	8	272	7	26	12	73	0
2.718	1	8	272	9	26	12	73	0
2.72	1	8	273	1	26	12	73	0
2.722	1	8	273	3	26	12	73	0
2.723	1	8	273	4	26	12	73	0
2.725	1	8	273	6	26	12	73	0
2.727	1	8	273	8	26	12	73	0
2.729	1	8	273	10	26	12	73	0
2.731	1	8	274	2	26	12	73	0
2.733	1	8	274	4	26	12	73	0
2.735	1	8	274	6	26	12	73	0
2.737	1	8	274	8	26	12	73	0
2.738	1	8	274	9	26	12	73	0
2.74	1	8	275	1	26	12	73	0
2.742	1	8	275	3	26	12	73	0
2.744	1	8	275	5	26	12	73	0
2.746	1	8	275	7	26	12	73	0
2.748	1	8	275	9	26	12	73	0
2.75	1	8	276	1	26	12	73	0
2.752	1	8	276	3	26	12	73	0
2.753	1	8	276	4	26	12	73	0
2.755	1	8	276	6	26	12	73	0
2.757	1	8	276	8	26	12	73	0
2.759	1	8	276	10	26	12	73	0
2.761	1	8	277	2	26	12	73	0
2.763	1	8	277	4	26	12	73	0
2.765	1	8	277	6	26	12	73	0
2.767	1	8	277	8	26	12	73	0
2.768	1	8	277	9	26	12	73	0
2.77	1	8	278	1	26	12	73	0
2.772	1	8	278	3	26	12	73	0
2.774	1	8	278	5	26	12	73	0
2.776	1	8	278	7	26	12	73	0
2.778	1	8	278	9	26	12	73	0
2.78	1	8	279	1	26	12	73	0
2.782	1	8	279	3	26	12	73	0
2.783	1	8	279	4	26	12	73	0
2.785	1	8	279	6	26	12	73	0
2.787	1	8	279	8	26	12	73	0
2.789	1	8	279	10	26	12	73	0
2.791	1	8	280	2	26	12	73	0
2.793	1	8	280	4	26	12	73	0
2.795	1	8	280	6	26	12	73	0
2.797	1	8	280	8	26	12	73	0
2.798	1	8	280	9	26	12	73	0
2.8	1	8	281	1	26	12	73	0
2.802	1	8	281	3	26	12	73	0
2.804	1	8	281	5	26	12	73	0
2.806	1	8	281	7	26	12	73	0
2.808	1	8	281	9	26	12	73	0
2.81	1	8	282	1	26	12	73	0
2.812	1	8	282	3	26	12	73	0
2.813	1	8	282	4	26	12	73	0
2.815	1	8	282	6	26	12	73	0
2.817	1	8	282	8	26	12	73	0
2.819	1	8	282	10	26	12	73	0
2.821	1	8	283	2	26	12	73	0
2.823	1	8	283	4	26	12	73	0
2.825	1	8	283	6	26	12	73	0
2.827	1	8	283	8	26	12	73	0
2.828	1	8	283	9	26	12	73	0
2.83	1	8	284	1	26	12	73	0
2.832	1	8	284	3	26	12	73	0
2.834	1	8	284	5	26	12	73	0
2.836	1	8	284	7	26	12	73	0
2.838	1	8	284	9	26	12	73	0
2.84	1	8	285	1	26	12	73	0
2.842	1	8	285	3	26	12	73	0
2.843	1	8	285	4	26	12	73	0
2.845	1	8	285	6	26	12	73	0
2.847	1	8	285	8	26	12	73	0
2.849	1	8	285	10	26	12	73	0
2.851	1	8	286	2	26	12	73	0
2.853	1	8	286	4	26	12	73	0
2.855	1	8	286	6	26	12	73	0
2.857	1	8	286	8	26	12	73	0
2.858	1	8	286	9	26	12	73	0
2.86	1	8	287	1	26	12	73	0
2.862	1	8	287	3	26	12	73	0
2.864	1	8	287	5	26	12	73	0
2.866	1	8	287	7	26	12	73	0
2.868	1	8	287	9	26	12	73	0
2.87	1	8	288	1	26	12	73	0
2.872	1	8	288	3	26	12	73	0
2.873	1	8	288	4	26	12	73	0
2.875	1	8	288	6	26	12	73	0
2.877	1	8	288	8	26	12	73	0
2.879	1	8	288	10	26	12	73	0
2.881	1	8	289	2	26	12	73	0
2.883	1	8	289	4	26	12	73	0
2.885	1	8	289	6	26	12	73	0
2.887	1	8	289	8	26	12	73	0
2.888	1	8	289	9	26	12	73	0
2.89	1	8	290	1	26	12	73	0
2.892	1	8	290	3	26	12	73	0
2.894	1	8	290	5	26	12	73	0
2.896	1	8	290	7	26	12	73	0
2.898	1	8	290	9	26	12	73	0
2.9	1	8	291	1	26	12	73	0
2.902	1	8	291	3	26	12	73	0
2.903	1	8	291	4	26	12	73	0
2.905	1	8	291	6	26	12	73	0
2.907	1	8	291	8	26	12	73	0
2.909	1	8	291	10	26	12	73	0
2.911	1	8	292	2	26	12	73	0
2.913	1	8	292	4	26	12	73	0
2.915	1	8	292	6	26	12	73	0
2.917	1	8	292	8	26	12	73	0
2.918	1	8	292	9	26	12	73	0
2.92	1	8	293	1	26	12	73	0
2.922	1	8	293	3	26	12	73	0
2.924	1	8	293	5	26	12	73	0
2.926	1	8	293	7	26	12	73	0
2.928	1	8	293	9	26	12	73	0
2.93	1	8	294	1	26	12	73	0
2.932	1	8	294	3	26	12	73	0
2.933	1	8	294	4	26	12	73	0
2.935	1	8	294	6	26	12	73	0
2.937	1	8	294	8	26	12	73	0
2.939	1	8	294	10	26	12	73	0
2.941	1	8	295	2	26	12	73	0
2.943	1	8	295	4	26	12	73	0
2.945	1	8	295	6	26	12	73	0
2.947	1	8	295	8	26	12	73	0
2.948	1	8	295	9	26	12	73	0
2.95	1	8	296	1	26	12	73	0
2.952	1	8	296	3	26	12	73	0
2.954	1	8	296	5	26	12	73	0
2.956	1	8	296	7	26	12	73	0
2.958	1	8	296	9	26	12	73	0
2.96	1	8	297	1	26	12	73	0
2.962	1	8	297	3	26	12	73	0
2.963	1	8	297	4	26	12	73	0
2.965	1	8	297	6	26	12	73	0
2.967	1	8	297	8	26	12	73	0
2.969	1	8	297	10	26	12	73	0
2.971	1	8	298	2	26	12	73	0
2.973	1	8	298	4	26	12	73	0
2.975	1	8	298	6	26	12	73	0
2.977	1	8	298	8	26	12	73	0
2.978	1	8	298	9	26	12	73	0
2.98	1	8	299	1	26	12	73	0
2.982	1	8	299	3	26	12	73	0
2.984	1	8	299	5	26	12	73	0
2.986	1	8	299	7	26	12	73	0
2.988	1	8	299	9	26	12	73	0
2.99	1	8	300	1	26	12	73	0
2.992	1	8	300	3	26	12	73	0
2.993	1	8	300	4	26	12	73	0
2.995	1	8	300	6	26	12	73	0
2.997	1	8	300	8	26	12	73	0
2.999	1	8	300	10	26	12	73	0
3.001	1	8	301	2	26	12	73	0
3.003	1	8	301	4	26	12	73	0
3.005	1	8	301	6	26	12	73	0
3.007	1	8	301	8	26	12	73	0
3.008	1	8	301	9	26	12	73	0
3.01	1	8	302	1	26	12	73	0
3.012	1	8	302	3	26	12	73	0
3.014	1	8	302	5	26	12	73	0
3.016	1	8	302	7	26	12	73	0
3.018	1	8	302	9	26	12	73	0
3.02	1	8	303	1	26	12	73	0
3.022	1	8	303	3	26	12	73	0
3.023	1	8	303	4	26	12	73	0
3.025	1	8	303	6	26	12	73	0
3.027	1	8	303	8	26	12	73	0
3.029	1	8	303	10	26	12	73	0
3.031	1	8	304	2	26	12	73	0
3.033	1	8	304	4	26	12	73	0
3.035	1	8	304	6	26	12	73	0
3.037	1	8	304	8	26	12	73	0
3.038	1	8	304	9	26	12	73	0
3.04	1	8	305	1	26	12	73	0
3.042	1	8	305	3	26	12	73	0
3.044	1	8	305	5	26	12	73	0
3.046	1	8	305	7	26	12	73	0
3.048	1	8	305	9	26	12	73	0
3.05	1	8	306	1	26	12	73	0
3.052	1	8	306	3	26	12	73	0
3.053	1	8	306	4	26	12	73	0
3.055	1	8	306	6	26	12	73	0
3.057	1	8	306	8	26	12	73	0
3.059	1	8	306	10	26	12	73	0
3.061	1	8	307	2	26	12	73	0
3.063	1	8	307	4	26	12	73	0
3.065	1	8	307	6	26	12	73	0
3.067	1	8	307	8	26	12	73	0
3.068	1	8	307	9	26	12	73	0
3.07	1	8	308	1	26	12	73	0
3.072	1	8	308	3	26	12	73	0
3.074	1	8	308	5	26	12	73	0
3.076	1	8	308	7	26	12	73	0
3.078	1	8	308	9	26	12	73	0
3.08	1	8	309	1	26	12	73	0
3.082	1	8	309	3	26	12	73	0
3.083	1	8	309	4	26	12	73	0
3.085	1	8	309	6	26	12	73	0
3.087	1	8	309	8	26	12	73	0
3.089	1	8	309	10	26	12	73	0
3.091	1	8	310	2	26	12	73	0
3.093	1	8	310	4	26	12	73	0
3.095	1	8	310	6	26	12	73	0
3.097	1	8	310	8	26	12	73	0
3.098	1	8	310	9	26	12	73	0
3.1	1	8	311	1	26	12	73	0
3.102	1	8	311	3	26	12	73	0
3.104	1	8	311	5	26	12	73	0
3.106	1	8	311	7	26	12	73	0
3.108	1	8	311	9	26	12	73	0
3.11	1	8	312	1	26	12	73	0
3.112	1	8	312	3	26	12	73	0
3.113	1	8	312	4	26	12	73	0
3.115	1	8	312	6	26	12	73	0
3.117	1	8	312	8	26	12	73	0
3.119	1	8	312	10	26	12	73	0
3.121	1	8	313	2	26	12	73	0
3.123	1	8	313	4	26	12	73	0
3.125	1	8	313	6	26	12	73	0
3.127	1	8	313	8	26	12	73	0
3.128	1	8	313	9	26	12	73	0
3.13	1	8	314	1	26	12	73	0
3.132	1	8	314	3	26	12	73	0
3.134	1	8	314	5	26	12	73	0
3.136	1	8	314	7	26	12	73	0
3.138	1	8	314	9	26	12	73	0
3.14	1	8	315	1	26	12	73	0
3.142	1	8	315	3	26	12	73	0
3.143	1	8	315	4	26	12	73	0
3.145	1	8	315	6	26	12	73	0
3.147	1	8	315	8	26	12	73	0
3.149	1	8	315	10	26	12	73	0
3.151	1	8	316	2	26	12	73	0
3.153	1	8	316	4	26	12	73	0
3.155	1	8	316	6	26	12	73	0
3.157	1	8	316	8	26	12	73	0
3.158	1	8	316	9	26	12	73	0
3.16	1	8	317	1	26	12	73	0
3.162	1	8	317	3	26	12	73	0
3.164	1	8	317	5	26	12	73	0
3.166	1	8	317	7	26	12	73	0
3.168	1	8	317	9	26	12	73	0
3.17	1	8	318	1	26	12	73	0
3.172	1	8	318	3	26	12	73	0
3.173	1	8	318	4	26	12	73	0
3.175	1	8	318	6	26	12	73	0
3.177	1	8	318	8	26	12	73	0
3.179	1	8	318	10	26	12	73	0
3.181	1	8	319	2	26	12	73	0
3.183	1	8	319	4	26	12	73	0
3.185	1	8	319	6	26	12	73	0
3.187	1	8	319	8	26	12	73	0
3.188	1	8	319	9	26	12	73	0
3.19	1	8	320	1	26	12	73	0
3.192	1	8	320	3	26	12	73	0
3.194	1	8	320	5	26	12	73	0
3.196	1	8	320	7	26	12	73	0
3.198	1	8	320	9	26	12	73	0
3.2	1	8	321	1	26	12	73	0
3.202	1	8	321	3	26	12	73	0
3.203	1	8	321	4	26	12	73	0
3.205	1	8	321	6	26	12	73	0
3.207	1	8	321	8	26	12	73	0
3.209	1	8	321	10	26	12	73	0
3.211	1	8	322	2	26	12	73	0
3.213	1	8	322	4	26	12	73	0
3.215	1	8	322	6	26	12	73	0
3.217	1	8	322	8	26	12	73	0
3.218	1	8	322	9	26	12	73	0
3.22	1	8	323	1	26	12	73	0
3.222	1	8	323	3	26	12	73	0
3.224	1	8	323	5	26	12	73	0
3.226	1	8	323	7	26	12	73	0
3.228	1	8	323	9	26	12	73	0
3.23	1	8	324	1	26	12	73	0
3.232	1	8	324	3	26	12	73	0
3.233	1	8	324	4	26	12	73	0
3.235	1	8	324	6	26	12	73	0
3.237	1	8	324	8	26	12	73	0
3.239	1	8	324	10	26	12	73	0
3.241	1	8	325	2	26	12	73	0
3.243	1	8	325	4	26	12	73	0
3.245	1	8	325	6	26	12	73	0
3.247	1	8	325	8	26	12	73	0
3.248	1	8	325	9	26	12	73	0
3.25	1	8	326	1	26	12	73	0
3.252	1	8	326	3	26	12	73	0
3.254	1	8	326	5	26	12	73	0
3.256	1	8	326	7	26	12	73	0
3.258	1	8	326	9	26	12	73	0
3.26	1	8	327	1	26	12	73	0
3.262	1	8	327	3	26	12	73	0
3.263	1	8	327	4	26	12	73	0
3.265	1	8	327	6	26	12	73	0
3.267	1	8	327	8	26	12	73	0
3.269	1	8	327	10	26	12	73	0
3.271	1	8	328	2	26	12	73	0
3.273	1	8	328	4	26	12	73	0
3.275	1	8	328	6	26	12	73	0
3.277	1	8	328	8	26	12	73	0
3.278	1	8	328	9	26	12	73	0
3.28	1	8	329	1	26	12	73	0
3.282	1	8	329	3	26	12	73	0
3.284	1	8	329	5	26	12	73	0
3.286	1	8	329	7	26	12	73	0
3.288	1	8	329	9	26	12	73	0
3.29	1	8	330	1	26	12	73	0
3.292	1	8	330	3	26	12	73	0
3.293	1	8	330	4	26	12	73	0
3.295	1	8	330	6	26	12	73	0
3.297	1	8	330	8	26	12	73	0
3.299	1	8	330	10	26	12	73	0
3.301	1	8	331	2	26	12	73	0
3.303	1	8	331	4	26	12	73	0
3.305	1	8	331	6	26	12	73	0
3.307	1	8	331	8	26	12	73	0
3.308	1	8	331	9	26	12	73	0
3.31	1	8	332	1	26	12	73	0
3.312	1	8	332	3	26	12	73	0
3.314	1	8	332	5	26	12	73	0
3.316	1	8	332	7	26	12	73	0
3.318	1	8	332	9	26	12	73	0
3.32	1	8	333	1	26	12	73	0
3.322	1	8	333	3	26	12	73	0
3.323	1	8	333	4	26	12	73	0
3.325	1	8	333	6	26	12	73	0
3.327	1	8	333	8	26	12	73	0
3.329	1	8	333	10	26	12	73	0
3.331	1	8	334	2	26	12	73	0
3.333	1	8	334	4	26	12	73	0
3.335	1	8	334	6	26	12	73	0
3.337	1	8	334	8	26	12	73	0
3.338	1	8	334	9	26	12	73	0
3.34	1	8	335	1	26	12	73	0
3.342	1	8	335	3	26	12	73	0
3.344	1	8	335	5	26	12	73	0
3.346	1	8	335	7	26	12	73	0
3.348	1	8	335	9	26	12	73	0
3.35	1	8	336	1	26	12	73	0
3.352	1	8	336	3	26	12	73	0
3.353	1	8	336	4	26	12	73	0
3.355	1	8	336	6	26	12	73	0
3.357	1	8	336	8	26	12	73	0
3.359	1	8	336	10	26	12	73	0
3.361	1	8	337	2	26	12	73	0
3.363	1	8	337	4	26	12	73	0
3.365	1	8	337	6	26	12	73	0
3.367	1	8	337	8	26	12	73	0
3.368	1	8	337	9	26	12	73	0
3.37	1	8	338	1	26	12	73	0
3.372	1	8	338	3	26	12	73	0
3.374	1	8	338	5	26	12	73	0
3.376	1	8	338	7	26	12	73	0
3.378	1	8	338	9	26	12	73	0
3.38	1	8	339	1	26	12	73	0
3.382	1	8	339	3	26	12	73	0
3.383	1	8	339	4	26	12	73	0
3.385	1	8	339	6	26	12	73	0
3.387	1	8	339	8	26	12	73	0
3.389	1	8	339	10	26	12	73	0
3.391	1	8	340	2	26	12	73	0
3.393	1	8	340	4	26	12	73	0
3.395	1	8	340	6	26	12	73	0
3.397	1	8	340	8	26	12	73	0
3.398	1	8	340	9	26	12	73	0
3.4	1	8	341	1	26	12	73	0
3.402	1	8	341	3	26	12	73	0
3.404	1	8	341	5	26	12	73	0
3.406	1	8	341	7	26	12	73	0
3.408	1	8	341	9	26	12	73	0
3.41	1	8	342	1	26	12	73	0
3.412	1	8	342	3	26	12	73	0
3.413	1	8	342	4	26	12	73	0
3.415	1	8	342	6	26	12	73	0
3.417	1	8	342	8	26	12	73	0
3.419	1	8	342	10	26	12	73	0
3.421	1	8	343	2	26	12	73	0
3.423	1	8	343	4	26	12	73	0
3.425	1	8	343	6	26	12	73	0
3.427	1	8	343	8	26	12	73	0
3.428	1	8	343	9	26	12	73	0
3.43	1	8	344	1	26	12	73	0
3.432	1	8	344	3	26	12	73	0
3.434	1	8	344	5	26	12	73	0
3.436	1	8	344	7	26	12	73	0
3.438	1	8	344	9	26	12	73	0
3.44	1	8	345	1	26	12	73	0
3.442	1	8	345	3	26	12	73	0
3.443	1	8	345	4	26	12	73	0
3.445	1	8	345	6	26	12	73	0
3.447	1	8	345	8	26	12	73	0
3.449	1	8	345	10	26	12	73	0
3.451	1	8	346	2	26	12	73	0
3.453	1	8	346	4	26	12	73	0
3.455	1	8	346	6	26	12	73	0
3.457	1	8	346	8	26	12	73	0
3.458	1	8	346	9	26	12	73	0
3.46	1	8	347	1	26	12	73	0
3.462	1	8	347	3	26	12	73	0
3.464	1	8	347	5	26	12	73	0
3.466	1	8	347	7	26	12	73	0
3.468	1	8	347	9	26	12	73	0
3.47	1	8	348	1	26	12	73	0
3.472	1	8	348	3	26	12	73	0
3.473	1	8	348	4	26	12	73	0
3.475	1	8	348	6	26	12	73	0
3.477	1	8	348	8	26	12	73	0
3.479	1	8	348	10	26	12	73	0
3.481	1	8	349	2	26	12	73	0
3.483	1	8	349	4	26	12	73	0
3.485	1	8	349	6	26	12	73	0
3.487	1	8	349	8	26	12	73	0
3.488	1	8	349	9	26	12	73	0
3.49	1	8	350	1	26	12	73	0
3.492	1	8	350	3	26	12	73	0
3.494	1	8	350	5	26	12	73	0
3.496	1	8	350	7	26	12	73	0
3.498	1	8	350	9	26	12	73	0
3.5	1	8	351	1	26	12	73	0
3.502	1	8	351	3	26	12	73	0
3.503	1	8	351	4	26	12	73	0
3.505	1	8	351	6	26	12	73	0
3.507	1	8	351	8	26	12	73	0
3.509	1	8	351	10	26	12	73	0
3.511	1	8	352	2	26	12	73	0
3.513	1	8	352	4	26	12	73	0
3.515	1	8	352	6	26	12	73	0
3.517	1	8	352	8	26	12	73	0
3.518	1	8	352	9	26	12	73	0
3.52	1	8	353	1	26	12	73	0
3.522	1	8	353	3	26	12	73	0
3.524	1	8	353	5	26	12	73	0
3.526	1	8	353	7	26	12	73	0
3.528	1	8	353	9	26	12	73	0
3.53	1	8	354	1	26	12	73	0
3.532	1	8	354	3	26	12	73	0
3.533	1	8	354	4	26	12	73	0
3.535	1	8	354	6	26	12	73	0
3.537	1	8	354	8	26	12	73	0
3.539	1	8	354	10	26	12	73	0
3.541	1	8	355	2	26	12	73	0
3.543	1	8	355	4	26	12	73	0
3.545	1	8	355	6	26	12	73	0
3.547	1	8	355	8	26	12	73	0
3.548	1	8	355	9	26	12	73	0
3.55	1	8	356	1	26	12	73	0
3.552	1	8	356	3	26	12	73	0
3.554	1	8	356	5	26	12	73	0
3.556	1	8	356	7	26	12	73	0
3.558	1	8	356	9	26	12	73	0
3.56	1	8	357	1	26	12	73	0
3.562	1	8	357	3	26	12	73	0
3.563	1	8	357	4	26	12	73	0
3.565	1	8	357	6	26	12	73	0
3.567	1	8	357	8	26	12	73	0
3.569	1	8	357	10	26	12	73	0
3.571	1	8	358	2	26	12	73	0
3.573	1	8	358	4	26	12	73	0
3.575	1	8	358	6	26	12	73	0
3.577	1	8	358	8	26	12	73	0
3.578	1	8	358	9	26	12	73	0
3.58	1	8	359	1	26	12	73	0
3.582	1	8	359	3	26	12	73	0
3.584	1	8	359	5	26	12	73	0
3.586	1	8	359	7	26	12	73	0
3.588	1	8	359	9	26	12	73	0
3.59	1	8	360	1	26	12	73	0
3.592	1	8	360	3	26	12	73	0
3.593	1	8	360	4	26	12	73	0
3.595	1	8	360	6	26	12	73	0
3.597	1	8	360	8	26	12	73	0
3.599	1	8	360	10	26	12	73	0
3.601	1	8	361	2	26	12	73	0
3.603	1	8	361	4	26	12	73	0
3.605	1	8	361	6	26	12	73	0
3.607	1	8	361	8	26	12	73	0
3.608	1	8	361	9	26	12	73	0
3.61	1	8	362	1	26	12	73	0
3.612	1	8	362	3	26	12	73	0
3.614	1	8	362	5	26	12	73	0
3.616	1	8	362	7	26	12	73	0
3.618	1	8	362	9	26	12	73	0
3.62	1	8	363	1	26	12	73	0
3.622	1	8	363	3	26	12	73	0
3.623	1	8	363	4	26	12	73	0
3.625	1	8	363	6	26	12	73	0
3.627	1	8	363	8	26	12	73	0
3.629	1	8	363	10	26	12	73	0
3.631	1	8	364	2	26	12	73	0
3.633	1	8	364	4	26	12	73	0
3.635	1	8	364	6	26	12	73	0
3.637	1	8	364	8	26	12	73	0
3.638	1	8	364	9	26	12	73	0
3.64	1	8	365	1	26	12	73	0
3.642	1	8	365	3	26	12	73	0
3.644	1	8	365	5	26	12	73	0
3.646	1	8	365	7	26	12	73	0
3.648	1	8	365	9	26	12	73	0
3.65	1	8	366	1	26	12	73	0
3.652	1	8	366	3	26	12	73	0
3.653	1	8	366	4	26	12	73	0
3.655	1	8	366	6	26	12	73	0
3.657	1	8	366	8	26	12	73	0
3.659	1	8	366	10	26	12	73	0
3.661	1	8	367	2	26	12	73	0
3.663	1	8	367	4	26	12	73	0
3.665	1	8	367	6	26	12	73	0
3.667	1	8	367	8	26	12	73	0
3.668	1	8	367	9	26	12	73	0
3.67	1	8	368	1	26	12	73	0
3.672	1	8	368	3	26	12	73	0
3.674	1	8	368	5	26	12	73	0
3.676	1	8	368	7	26	12	73	0
3.678	1	8	368	9	26	12	73	0
3.68	1	8	369	1	26	12	73	0
3.682	1	8	369	3	26	12	73	0
3.683	1	8	369	4	26	12	73	0
3.685	1	8	369	6	26	12	73	0
3.687	1	8	369	8	26	12	73	0
3.689	1	8	369	10	26	12	73	0
3.691	1	8	370	2	26	12	73	0
3.693	1	8	370	4	26	12	73	0
3.695	1	8	370	6	26	12	73	0
3.697	1	8	370	8	26	12	73	0
3.698	1	8	370	9	26	12	73	0
3.7	1	8	371	1	26	12	73	0
3.702	1	8	371	3	26	12	73	0
3.704	1	8	371	5	26	12	73	0
3.706	1	8	371	7	26	12	73	0
3.708	1	8	371	9	26	12	73	0
3.71	1	8	372	1	26	12	73	0
3.712	1	8	372	3	26	12	73	0
3.713	1	8	372	4	26	12	73	0
3.715	1	8	372	6	26	12	73	0
3.717	1	8	372	8	26	12	73	0
3.719	1	8	372	10	26	12	73	0
3.721	1	8	373	2	26	12	73	0
3.723	1	8	373	4	26	12	73	0
3.725	1	8	373	6	26	12	73	0
3.727	1	8	373	8	26	12	73	0
3.728	1	8	373	9	26	12	73	0
3.73	1	8	374	1	26	12	73	0
3.732	1	8	374	3	26	12	73	0
3.734	1	8	374	5	26	12	73	0
3.736	1	8	374	7	26	12	73	0
3.738	1	8	374	9	26	12	73	0
3.74	1	8	375	1	26	12	73	0
3.742	1	8	375	3	26	12	73	0
3.743	1	8	375	4	26	12	73	0
3.745	1	8	375	6	26	12	73	0
3.747	1	8	375	8	26	12	73	0
3.749	1	8	375	10	26	12	73	0
3.751	1	8	376	2	26	12	73	0
3.753	1	8	376	4	26	12	73	0
3.755	1	8	376	6	26	12	73	0
3.757	1	8	376	8	26	12	73	0
3.758	1	8	376	9	26	12	73	0
3.76	1	8	377	1	26	12	73	0
3.762	1	8	377	3	26	12	73	0
3.764	1	8	377	5	26	12	73	0
3.766	1	8	377	7	26	12	73	0
3.768	1	8	377	9	26	12	73	0
3.77	1	8	378	1	26	12	73	0
3.772	1	8	378	3	26	12	73	0
3.773	1	8	378	4	26	12	73	0
3.775	1	8	378	6	26	12	73	0
3.777	1	8	378	8	26	12	73	0
3.779	1	8	378	10	26	12	73	0
3.781	1	8	379	2	26	12	73	0
3.783	1	8	379	4	26	12	73	0
3.785	1	8	379	6	26	12	73	0
3.787	1	8	379	8	26	12	73	0
3.788	1	8	379	9	26	12	73	0
3.79	1	8	380	1	26	12	73	0
3.792	1	8	380	3	26	12	73	0
3.794	1	8	380	5	26	12	73	0
3.796	1	8	380	7	26	12	73	0
3.798	1	8	380	9	26	12	73	0
3.8	1	8	381	1	26	12	73	0
3.802	1	8	381	3	26	12	73	0
3.803	1	8	381	4	26	12	73	0
3.805	1	8	381	6	26	12	73	0
3.807	1	8	381	8	26	12	73	0
3.809	1	8	381	10	26	12	73	0
3.811	1	8	382	2	26	12	73	0
3.813	1	8	382	4	26	12	73	0
3.815	1	8	382	6	26	12	73	0
3.817	1	8	382	8	26	12	73	0
3.818	1	8	382	9	26	12	73	0
3.82	1	8	383	1	26	12	73	0
3.822	1	8	383	3	26	12	73	0
3.824	1	8	383	5	26	12	73	0
3.826	1	8	383	7	26	12	73	0
3.828	1	8	383	9	26	12	73	0
3.83	1	8	384	1	26	12	73	0
3.832	1	8	384	3	26	12	73	0
3.833	1	8	384	4	26	12	73	0
3.835	1	8	384	6	26	12	73	0
3.837	1	8	384	8	26	12	73	0
3.839	1	8	384	10	26	12	73	0
3.841	1	8	385	2	26	12	73	0
3.843	1	8	385	4	26	12	73	0
3.845	1	8	385	6	26	12	73	0
3.847	1	8	385	8	26	12	73	0
3.848	1	8	385	9	26	12	73	0
3.85	1	8	386	1	26	12	73	0
3.852	1	8	386	3	26	12	73	0
3.854	1	8	386	5	26	12	73	0
3.856	1	8	386	7	26	12	73	0
3.858	1	8	386	9	26	12	73	0
3.86	1	8	387	1	26	12	73	0
3.862	1	8	387	3	26	12	73	0
3.863	1	8	387	4	26	12	73	0
3.865	1	8	387	6	26	12	73	0
3.867	1	8	387	8	26	12	73	0
3.869	1	8	387	10	26	12	73	0
3.871	1	8	388	2	26	12	73	0
3.873	1	8	388	4	26	12	73	0
3.875	1	8	388	6	26	12	73	0
3.877	1	8	388	8	26	12	73	0
3.878	1	8	388	9	26	12	73	0
3.88	1	8	389	1	26	12	73	0
3.882	1	8	389	3	26	12	73	0
3.884	1	8	389	5	26	12	73	0
3.886	1	8	389	7	26	12	73	0
3.888	1	8	389	9	26	12	73	0
3.89	1	8	390	1	26	12	73	0
3.892	1	8	390	3	26	12	73	0
3.893	1	8	390	4	26	12	73	0
3.895	1	8	390	6	26	12	73	0
3.897	1	8	390	8	26	12	73	0
3.899	1	8	390	10	26	12	73	0
3.901	1	8	391	2	26	12	73	0
3.903	1	8	391	4	26	12	73	0
3.905	1	8	391	6	26	12	73	0
3.907	1	8	391	8	26	12	73	0
3.908	1	8	391	9	26	12	73	0
3.91	1	8	392	1	26	12	73	0
3.912	1	8	392	3	26	12	73	0
3.914	1	8	392	5	26	12	73	0
3.916	1	8	392	7	26	12	73	0
3.918	1	8	392	9	26	12	73	0
3.92	1	8	393	1	26	12	73	0
3.922	1	8	393	3	26	12	73	0
3.923	1	8	393	4	26	12	73	0
3.925	1	8	393	6	26	12	73	0
3.927	1	8	393	8	26	12	73	0
3.929	1	8	393	10	26	12	73	0
3.931	1	8	394	2	26	12	73	0
3.933	1	8	394	4	26	12	73	0
3.935	1	8	394	6	26	12	73	0
3.937	1	8	394	8	26	12	73	0
3.938	1	8	394	9	26	12	73	0
3.94	1	8	395	1	26	12	73	0
3.942	1	8	395	3	26	12	73	0
3.944	1	8	395	5	26	12	73	0
3.946	1	8	395	7	26	12	73	0
3.948	1	8	395	9	26	12	73	0
3.95	1	8	396	1	26	12	73	0
3.952	1	8	396	3	26	12	73	0
3.953	1	8	396	4	26	12	73	0
3.955	1	8	396	6	26	12	73	0
3.957	1	8	396	8	26	12	73	0
3.959	1	8	396	10	26	12	73	0
3.961	1	8	397	2	26	12	73	0
3.963	1	8	397	4	26	12	73	0
3.965	1	8	397	6	26	12	73	0
3.967	1	8	397	8	26	12	73	0
3.968	1	8	397	9	26	12	73	0
3.97	1	8	398	1	26	12	73	0
3.972	1	8	398	3	26	12	73	0
3.974	1	8	398	5	26	12	73	0
3.976	1	8	398	7	26	12	73	0
3.978	1	8	398	9	26	12	73	0
3.98	1	8	399	1	26	12	73	0
3.982	1	8	399	3	26	12	73	0
3.983	1	8	399	4	26	12	73	0
3.985	1	8	399	6	26	12	73	0
3.987	1	8	399	8	26	12	73	0
3.989	1	8	399	10	26	12	73	0
3.991	1	8	400	2	26	12	73	0
3.993	1	8	400	4	26	12	73	0
3.995	1	8	400	6	26	12	73	0
3.997	1	8	400	8	26	12	73	0
3.998	1	8	400	9	26	12	73	0
4	1	8	401	1	26	12	73	0
4.002	1	8	401	3	26	12	73	0
4.004	1	8	401	5	26	12	73	0
4.006	1	8	401	7	26	12	73	0
4.008	1	8	401	9	26	12	73	0
4.01	1	8	402	1	26	12	73	0
4.012	1	8	402	3	26	12	73	0
4.013	1	8	402	4	26	12	73	0
4.015	1	8	402	6	26	12	73	0
4.017	1	8	402	8	26	12	73	0
4.019	1	8	402	10	26	12	73	0
4.021	1	8	403	2	26	12	73	0
4.023	1	8	403	4	26	12	73	0
4.025	1	8	403	6	26	12	73	0
4.027	1	8	403	8	26	12	73	0
4.028	1	8	403	9	26	12	73	0
4.03	1	8	404	1	26	12	73	0
4.032	1	8	404	3	26	12	73	0
4.034	1	8	404	5	26	12	73	0
4.036	1	8	404	7	26	12	73	0
4.038	1	8	404	9	26	12	73	0
4.04	1	8	405	1	26	12	73	0
4.042	1	8	405	3	26	12	73	0
4.043	1	8	405	4	26	12	73	0
4.045	1	8	405	6	26	12	73	0
4.047	1	8	405	8	26	12	73	0
4.049	1	8	405	10	26	12	73	0
4.051	1	8	406	2	26	12	73	0
4.053	1	8	406	4	26	12	73	0
4.055	1	8	406	6	26	12	73	0
4.057	1	8	406	8	26	12	73	0
4.058	1	8	406	9	26	12	73	0
4.06	1	8	407	1	26	12	73	0
4.062	1	8	407	3	26	12	73	0
4.064	1	8	407	5	26	12	73	0
4.066	1	8	407	7	26	12	73	0
4.068	1	8	407	9	26	12	73	0
4.07	1	8	408	1	26	12	73	0
4.072	1	8	408	3	26	12	73	0
4.073	1	8	408	4	26	12	73	0
4.075	1	8	408	6	26	12	73	0
4.077	1	8	408	8	26	12	73	0
4.079	1	8	408	10	26	12	73	0
4.081	1	8	409	2	26	12	73	0
4.083	1	8	409	4	26	12	73	0
4.085	1	8	409	6	26	12	73	0
4.087	1	8	409	8	26	12	73	0
4.088	1	8	409	9	26	12	73	0
4.09	1	8	410	1	26	12	73	0
4.092	1	8	410	3	26	12	73	0
4.094	1	8	410	5	26	12	73	0
4.096	1	8	410	7	26	12	73	0
4.098	1	8	410	9	26	12	73	0
4.1	1	8	411	1	26	12	73	0
4.102	1	8	411	3	26	12	73	0
4.103	1	8	411	4	26	12	73	0
4.105	1	8	411	6	26	12	73	0
4.107	1	8	411	8	26	12	73	0
4.109	1	8	411	10	26	12	73	0
4.111	1	8	412	2	26	12	73	0
4.113	1	8	412	4	26	12	73	0
4.115	1	8	412	6	26	12	73	0
4.117	1	8	412	8	26	12	73	0
4.118	1	8	412	9	26	12	73	0
4.12	1	8	413	1	26	12	73	0
4.122	1	8	413	3	26	12	73	0
4.124	1	8	413	5	26	12	73	0
4.126	1	8	413	7	26	12	73	0
4.128	1	8	413	9	26	12	73	0
4.13	1	8	414	1	26	12	73	0
4.132	1	8	414	3	26	12	73	0
4.133	1	8	414	4	26	12	73	0
4.135	1	8	414	6	26	12	73	0
4.137	1	8	414	8	26	12	73	0
4.139	1	8	414	10	26	12	73	0
4.141	1	8	415	2	26	12	73	0
4.143	1	8	415	4	26	12	73	0
4.145	1	8	415	6	26	12	73	0
4.147	1	8	415	8	26	12	73	0
4.148	1	8	415	9	26	12	73	0
4.15	1	8	416	1	26	12	73	0
4.152	1	8	416	3	26	12	73	0
4.154	1	8	416	5	26	12	73	0
4.156	1	8	416	7	26	12	73	0
4.158	1	8	416	9	26	12	73	0
4.16	1	8	417	1	26	12	73	0
4.162	1	8	417	3	26	12	73	0
4.163	1	8	417	4	26	12	73	0
4.165	1	8	417	6	26	12	73	0
4.167	1	8	417	8	26	12	73	0
4.169	1	8	417	10	26	12	73	0
4.171	1	8	418	2	26	12	73	0
4.173	1	8	418	4	26	12	73	0
4.175	1	8	418	6	26	12	73	0
4.177	1	8	418	8	26	12	73	0
4.178	1	8	418	9	26	12	73	0
4.18	1	8	419	1	26	12	73	0
4.182	1	8	419	3	26	12	73	0
4.184	1	8	419	5	26	12	73	0
4.186	1	8	419	7	26	12	73	0
4.188	1	8	419	9	26	12	73	0
4.19	1	8	420	1	26	12	73	0
4.192	1	8	420	3	26	12	73	0
4.193	1	8	420	4	26	12	73	0
4.195	1	8	420	6	26	12	73	0
4.197	1	8	420	8	26	12	73	0
4.199	1	8	420	10	26	12	73	0
4.201	1	8	421	2	26	12	73	0
4.203	1	8	421	4	26	12	73	0
4.205	1	8	421	6	26	12	73	0
4.207	1	8	421	8	26	12	73	0
4.208	1	8	421	9	26	12	73	0
4.21	1	8	422	1	26	12	73	0
4.212	1	8	422	3	26	12	73	0
4.214	1	8	422	5	26	12	73	0
4.216	1	8	422	7	26	12	73	0
4.218	1	8	422	9	26	12	73	0
4.22	1	8	423	1	26	12	73	0
4.222	1	8	423	3	26	12	73	0
4.223	1	8	423	4	26	12	73	0
4.225	1	8	423	6	26	12	73	0
4.227	1	8	423	8	26	12	73	0
4.229	1	8	423	10	26	12	73	0
4.231	1	8	424	2	26	12	73	0
4.233	1	8	424	4	26	12	73	0
4.235	1	8	424	6	26	12	73	0
4.237	1	8	424	8	26	12	73	0
4.238	1	8	424	9	26	12	73	0
4.24	1	8	425	1	26	12	73	0
4.242	1	8	425	3	26	12	73	0
4.244	1	8	425	5	26	12	73	0
4.246	1	8	425	7	26	12	73	0
4.248	1	8	425	9	26	12	73	0
4.25	1	8	426	1	26	12	73	0
4.252	1	8	426	3	26	12	73	0
4.253	1	8	426	4	26	12	73	0
4.255	1	8	426	6	26	12	73	0
4.257	1	8	426	8	26	12	73	0
4.259	1	8	426	10	26	12	73	0
4.261	1	8	427	2	26	12	73	0
4.263	1	8	427	4	26	12	73	0
4.265	1	8	427	6	26	12	73	0
4.267	1	8	427	8	26	12	73	0
4.268	1	8	427	9	26	12	73	0
4.27	1	8	428	1	26	12	73	0
4.272	1	8	428	3	26	12	73	0
4.274	1	8	428	5	26	12	73	0
4.276	1	8	428	7	26	12	73	0
4.278	1	8	428	9	26	12	73	0
4.28	1	8	429	1	26	12	73	0
4.282	1	8	429	3	26	12	73	0
4.283	1	8	429	4	26	12	73	0
4.285	1	8	429	6	26	12	73	0
4.287	1	8	429	8	26	12	73	0
4.289	1	8	429	10	26	12	73	0
4.291	1	8	430	2	26	12	73	0
4.293	1	8	430	4	26	12	73	0
4.295	1	8	430	6	26	12	73	0
4.297	1	8	430	8	26	12	73	0
4.298	1	8	430	9	26	12	73	0
4.3	1	8	431	1	26	12	73	0
4.302	1	8	431	3	26	12	73	0
4.304	1	8	431	5	26	12	73	0
4.306	1	8	431	7	26	12	73	0
4.308	1	8	431	9	26	12	73	0
4.31	1	8	432	1	26	12	73	0
4.312	1	8	432	3	26	12	73	0
4.313	1	8	432	4	26	12	73	0
4.315	1	8	432	6	26	12	73	0
4.317	1	8	432	8	26	12	73	0
4.319	1	8	432	10	26	12	73	0
4.321	1	8	433	2	26	12	73	0
4.323	1	8	433	4	26	12	73	0
4.325	1	8	433	6	26	12	73	0
4.327	1	8	433	8	26	12	73	0
4.328	1	8	433	9	26	12	73	0
4.33	1	8	434	1	26	12	73	0
4.332	1	8	434	3	26	12	73	0
4.334	1	8	434	5	26	12	73	0
4.336	1	8	434	7	26	12	73	0
4.338	1	8	434	9	26	12	73	0
4.34	1	8	435	1	26	12	73	0
4.342	1	8	435	3	26	12	73	0
4.343	1	8	435	4	26	12	73	0
4.345	1	8	435	6	26	12	73	0
4.347	1	8	435	8	26	12	73	0
4.349	1	8	435	10	26	12	73	0
4.351	1	8	436	2	26	12	73	0
4.353	1	8	436	4	26	12	73	0
4.355	1	8	436	6	26	12	73	0
4.357	1	8	436	8	26	12	73	0
4.358	1	8	436	9	26	12	73	0
4.36	1	8	437	1	26	12	73	0
4.362	1	8	437	3	26	12	73	0
4.364	1	8	437	5	26	12	73	0
4.366	1	8	437	7	26	12	73	0
4.368	1	8	437	9	26	12	73	0
4.37	1	8	438	1	26	12	73	0
4.372	1	8	438	3	26	12	73	0
4.373	1	8	438	4	26	12	73	0
4.375	1	8	438	6	26	12	73	0
4.377	1	8	438	8	26	12	73	0
4.379	1	8	438	10	26	12	73	0
4.381	1	8	439	2	26	12	73	0
4.383	1	8	439	4	26	12	73	0
4.385	1	8	439	6	26	12	73	0
4.387	1	8	439	8	26	12	73	0
4.388	1	8	439	9	26	12	73	0
4.39	1	8	440	1	26	12	73	0
4.392	1	8	440	3	26	12	73	0
4.394	1	8	440	5	26	12	73	0
4.396	1	8	440	7	26	12	73	0
4.398	1	8	440	9	26	12	73	0
4.4	1	8	441	1	26	12	73	0
4.402	1	8	441	3	26	12	73	0
4.403	1	8	441	4	26	12	73	0
4.405	1	8	441	6	26	12	73	0
4.407	1	8	441	8	26	12	73	0
4.409	1	8	441	10	26	12	73	0
4.411	1	8	442	2	26	12	73	0
4.413	1	8	442	4	26	12	73	0
4.415	1	8	442	6	26	12	73	0
4.417	1	8	442	8	26	12	73	0
4.418	1	8	442	9	26	12	73	0
4.42	1	8	443	1	26	12	73	0
4.422	1	8	443	3	26	12	73	0
4.424	1	8	443	5	26	12	73	0
4.426	1	8	443	7	26	12	73	0
4.428	1	8	443	9	26	12	73	0
4.43	1	8	444	1	26	12	73	0
4.432	1	8	444	3	26	12	73	0
4.433	1	8	444	4	26	12	73	0
4.435	1	8	444	6	26	12	73	0
4.437	1	8	444	8	26	12	73	0
4.439	1	8	444	10	26	12	73	0
4.441	1	8	445	2	26	12	73	0
4.443	1	8	445	4	26	12	73	0
4.445	1	8	445	6	26	12	73	0
4.447	1	8	445	8	26	12	73	0
4.448	1	8	445	9	26	12	73	0
4.45	1	8	446	1	26	12	73	0
4.452	1	8	446	3	26	12	73	0
4.454	1	8	446	5	26	12	73	0
4.456	1	8	446	7	26	12	73	0
4.458	1	8	446	9	26	12	73	0
4.46	1	8	447	1	26	12	73	0
4.462	1	8	447	3	26	12	73	0
4.463	1	8	447	4	26	12	73	0
4.465	1	8	447	6	26	12	73	0
4.467	1	8	447	8	26	12	73	0
4.469	1	8	447	10	26	12	73	0
4.471	1	8	448	2	26	12	73	0
4.473	1	8	448	4	26	12	73	0
4.475	1	8	448	6	26	12	73	0
4.477	1	8	448	8	26	12	73	0
4.478	1	8	448	9	26	12	73	0
4.48	1	8	449	1	26	12	73	0
4.482	1	8	449	3	26	12	73	0
4.484	1	8	449	5	26	12	73	0
4.486	1	8	449	7	26	12	73	0
4.488	1	8	449	9	26	12	73	0
4.49	1	8	450	1	26	12	73	0
4.492	1	8	450	3	26	12	73	0
4.493	1	8	450	4	26	12	73	0
4.495	1	8	450	6	26	12	73	0
4.497	1	8	450	8	26	12	73	0
4.499	1	8	450	10	26	12	73	0
4.501	1	8	451	2	26	12	73	0
4.503	1	8	451	4	26	12	73	0
4.505	1	8	451	6	26	12	73	0
4.507	1	8	451	8	26	12	73	0
4.508	1	8	451	9	26	12	73	0
4.51	1	8	452	1	26	12	73	0
4.512	1	8	452	3	26	12	73	0
4.514	1	8	452	5	26	12	73	0
4.516	1	8	452	7	26	12	73	0
4.518	1	8	452	9	26	12	73	0
4.52	1	8	453	1	26	12	73	0
4.522	1	8	453	3	26	12	73	0
4.523	1	8	453	4	26	12	73	0
4.525	1	8	453	6	26	12	73	0
4.527	1	8	453	8	26	12	73	0
4.529	1	8	453	10	26	12	73	0
4.531	1	8	454	2	26	12	73	0
4.533	1	8	454	4	26	12	73	0
4.535	1	8	454	6	26	12	73	0
4.537	1	8	454	8	26	12	73	0
4.538	1	8	454	9	26	12	73	0
4.54	1	8	455	1	26	12	73	0
4.542	1	8	455	3	26	12	73	0
4.544	1	8	455	5	26	12	73	0
4.546	1	8	455	7	26	12	73	0
4.548	1	8	455	9	26	12	73	0
4.55	1	8	456	1	26	12	73	0
4.552	1	8	456	3	26	12	73	0
4.553	1	8	456	4	26	12	73	0
4.555	1	8	456	6	26	12	73	0
4.557	1	8	456	8	26	12	73	0
4.559	1	8	456	10	26	12	73	0
4.561	1	8	457	2	26	12	73	0
4.563	1	8	457	4	26	12	73	0
4.565	1	8	457	6	26	12	73	0
4.567	1	8	457	8	26	12	73	0
4.568	1	8	457	9	26	12	73	0
4.57	1	8	458	1	26	12	73	0
4.572	1	8	458	3	26	12	73	0
4.574	1	8	458	5	26	12	73	0
4.576	1	8	458	7	26	12	73	0
4.578	1	8	458	9	26	12	73	0
4.58	1	8	459	1	26	12	73	0
4.582	1	8	459	3	26	12	73	0
4.583	1	8	459	4	26	12	73	0
4.585	1	8	459	6	26	12	73	0
4.587	1	8	459	8	26	12	73	0
4.589	1	8	459	10	26	12	73	0
4.591	1	8	460	2	26	12	73	0
4.593	1	8	460	4	26	12	73	0
4.595	1	8	460	6	26	12	73	0
4.597	1	8	460	8	26	12	73	0
4.598	1	8	460	9	26	12	73	0
4.6	1	8	461	1	26	12	73	0
4.602	1	8	461	3	26	12	73	0
4.604	1	8	461	5	26	12	73	0
4.606	1	8	461	7	26	12	73	0
4.608	1	8	461	9	26	12	73	0
4.61	1	8	462	1	26	12	73	0
4.612	1	8	462	3	26	12	73	0
4.613	1	8	462	4	26	12	73	0
4.615	1	8	462	6	26	12	73	0
4.617	1	8	462	8	26	12	73	0
4.619	1	8	462	10	26	12	73	0
4.621	1	8	463	2	26	12	73	0
4.623	1	8	463	4	26	12	73	0
4.625	1	8	463	6	26	12	73	0
4.627	1	8	463	8	26	12	73	0
4.628	1	8	463	9	26	12	73	0
4.63	1	8	464	1	26	12	73	0
4.632	1	8	464	3	26	12	73	0
4.634	1	8	464	5	26	12	73	0
4.636	1	8	464	7	26	12	73	0
4.638	1	8	464	9	26	12	73	0
4.64	1	8	465	1	26	12	73	0
4.642	1	8	465	3	26	12	73	0
4.643	1	8	465	4	26	12	73	0
4.645	1	8	465	6	26	12	73	0
4.647	1	8	465	8	26	12	73	0
4.649	1	8	465	10	26	12	73	0
4.651	1	8	466	2	26	12	73	0
4.653	1	8	466	4	26	12	73	0
4.655	1	8	466	6	26	12	73	0
4.657	1	8	466	8	26	12	73	0
4.658	1	8	466	9	26	12	73	0
4.66	1	8	467	1	26	12	73	0
4.662	1	8	467	3	26	12	73	0
4.664	1	8	467	5	26	12	73	0
4.666	1	8	467	7	26	12	73	0
4.668	1	8	467	9	26	12	73	0
4.67	1	8	468	1	26	12	73	0
4.672	1	8	468	3	26	12	73	0
4.673	1	8	468	4	26	12	73	0
4.675	1	8	468	6	26	12	73	0
4.677	1	8	468	8	26	12	73	0
4.679	1	8	468	10	26	12	73	0
4.681	1	8	469	2	26	12	73	0
4.683	1	8	469	4	26	12	73	0
4.685	1	8	469	6	26	12	73	0
4.687	1	8	469	8	26	12	73	0
4.688	1	8	469	9	26	12	73	0
4.69	1	8	470	1	26	12	73	0
4.692	1	8	470	3	26	12	73	0
4.694	1	8	470	5	26	12	73	0
4.696	1	8	470	7	26	12	73	0
4.698	1	8	470	9	26	12	73	0
4.7	1	8	471	1	26	12	73	0
4.702	1	8	471	3	26	12	73	0
4.703	1	8	471	4	26	12	73	0
4.705	1	8	471	6	26	12	73	0
4.707	1	8	471	8	26	12	73	0
4.709	1	8	471	10	26	12	73	0
4.711	1	8	472	2	26	12	73	0
4.713	1	8	472	4	26	12	73	0
4.715	1	8	472	6	26	12	73	0
4.717	1	8	472	8	26	12	73	0
4.718	1	8	472	9	26	12	73	0
4.72	1	8	473	1	26	12	73	0
4.722	1	8	473	3	26	12	73	0
4.724	1	8	473	5	26	12	73	0
4.726	1	8	473	7	26	12	73	0
4.728	1	8	473	9	26	12	73	0
4.73	1	8	474	1	26	12	73	0
4.732	1	8	474	3	26	12	73	0
4.733	1	8	474	4	26	12	73	0
4.735	1	8	474	6	26	12	73	0
4.737	1	8	474	8	26	12	73	0
4.739	1	8	474	10	26	12	73	0
4.741	1	8	475	2	26	12	73	0
4.743	1	8	475	4	26	12	73	0
4.745	1	8	475	6	26	12	73	0
4.747	1	8	475	8	26	12	73	0
4.748	1	8	475	9	26	12	73	0
4.75	1	8	476	1	26	12	73	0
4.752	1	8	476	3	26	12	73	0
4.754	1	8	476	5	26	12	73	0
4.756	1	8	476	7	26	12	73	0
4.758	1	8	476	9	26	12	73	0
4.76	1	8	477	1	26	12	73	0
4.762	1	8	477	3	26	12	73	0
4.763	1	8	477	4	26	12	73	0
4.765	1	8	477	6	26	12	73	0
4.767	1	8	477	8	26	12	73	0
4.769	1	8	477	10	26	12	73	0
4.771	1	8	478	2	26	12	73	0
4.773	1	8	478	4	26	12	73	0
4.775	1	8	478	6	26	12	73	0
4.777	1	8	478	8	26	12	73	0
4.778	1	8	478	9	26	12	73	0
4.78	1	8	479	1	26	12	73	0
4.782	1	8	479	3	26	12	73	0
4.784	1	8	479	5	26	12	73	0
4.786	1	8	479	7	26	12	73	0
4.788	1	8	479	9	26	12	73	0
4.79	1	8	480	1	26	12	73	0
4.792	1	8	480	3	26	12	73	0
4.793	1	8	480	4	26	12	73	0
4.795	1	8	480	6	26	12	73	0
4.797	1	8	480	8	26	12	73	0
4.799	1	8	480	10	26	12	73	0
4.801	1	8	481	2	26	12	73	0
4.803	1	8	481	4	26	12	73	0
4.805	1	8	481	6	26	12	73	0
4.807	1	8	481	8	26	12	73	0
4.808	1	8	481	9	26	12	73	0
4.81	1	8	482	1	26	12	73	0
4.812	1	8	482	3	26	12	73	0
4.814	1	8	482	5	26	12	73	0
4.816	1	8	482	7	26	12	73	0
4.818	1	8	482	9	26	12	73	0
4.82	1	8	483	1	26	12	73	0
4.822	1	8	483	3	26	12	73	0
4.823	1	8	483	4	26	12	73	0
4.825	1	8	483	6	26	12	73	0
4.827	1	8	483	8	26	12	73	0
4.829	1	8	483	10	26	12	73	0
4.831	1	8	484	2	26	12	73	0
4.833	1	8	484	4	26	12	73	0
4.835	1	8	484	6	26	12	73	0
4.837	1	8	484	8	26	12	73	0
4.838	1	8	484	9	26	12	73	0
4.84	1	8	485	1	26	12	73	0
4.842	1	8	485	3	26	12	73	0
4.844	1	8	485	5	26	12	73	0
4.846	1	8	485	7	26	12	73	0
4.848	1	8	485	9	26	12	73	0
4.85	1	8	486	1	26	12	73	0
4.852	1	8	486	3	26	12	73	0
4.853	1	8	486	4	26	12	73	0
4.855	1	8	486	6	26	12	73	0
4.857	1	8	486	8	26	12	73	0
4.859	1	8	486	10	26	12	73	0
4.861	1	8	487	2	26	12	73	0
4.863	1	8	487	4	26	12	73	0
4.865	1	8	487	6	26	12	73	0
4.867	1	8	487	8	26	12	73	0
4.868	1	8	487	9	26	12	73	0
4.87	1	8	488	1	26	12	73	0
4.872	1	8	488	3	26	12	73	0
4.874	1	8	488	5	26	12	73	0
4.876	1	8	488	7	26	12	73	0
4.878	1	8	488	9	26	12	73	0
4.88	1	8	489	1	26	12	73	0
4.882	1	8	489	3	26	12	73	0
4.883	1	8	489	4	26	12	73	0
4.885	1	8	489	6	26	12	73	0
4.887	1	8	489	8	26	12	73	0
4.889	1	8	489	10	26	12	73	0
4.891	1	8	490	2	26	12	73	0
4.893	1	8	490	4	26	12	73	0
4.895	1	8	490	6	26	12	73	0
4.897	1	8	490	8	26	12	73	0
4.898	1	8	490	9	26	12	73	0
4.9	1	8	491	1	26	12	73	0
4.902	1	8	491	3	26	12	73	0
4.904	1	8	491	5	26	12	73	0
4.906	1	8	491	7	26	12	73	0
4.908	1	8	491	9	26	12	73	0
4.91	1	8	492	1	26	12	73	0
4.912	1	8	492	3	26	12	73	0
4.913	1	8	492	4	26	12	73	0
4.915	1	8	492	6	26	12	73	0
4.917	1	8	492	8	26	12	73	0
4.919	1	8	492	10	26	12	73	0
4.921	1	8	493	2	26	12	73	0
4.923	1	8	493	4	26	12	73	0
4.925	1	8	493	6	26	12	73	0
4.927	1	8	493	8	26	12	73	0
4.928	1	8	493	9	26	12	73	0
4.93	1	8	494	1	26	12	73	0
4.932	1	8	494	3	26	12	73	0
4.934	1	8	494	5	26	12	73	0
4.936	1	8	494	7	26	12	73	0
4.938	1	8	494	9	26	12	73	0
4.94	1	8	495	1	26	12	73	0
4.942	1	8	495	3	26	12	73	0
4.943	1	8	495	4	26	12	73	0
4.945	1	8	495	6	26	12	73	0
4.947	1	8	495	8	26	12	73	0
4.949	1	8	495	10	26	12	73	0
4.951	1	8	496	2	26	12	73	0
4.953	1	8	496	4	26	12	73	0
4.955	1	8	496	6	26	12	73	0
4.957	1	8	496	8	26	12	73	0
4.958	1	8	496	9	26	12	73	0
4.96	1	8	497	1	26	12	73	0
4.962	1	8	497	3	26	12	73	0
4.964	1	8	497	5	26	12	73	0
4.966	1	8	497	7	26	12	73	0
4.968	1	8	497	9	26	12	73	0
4.97	1	8	498	1	26	12	73	0
4.972	1	8	498	3	26	12	73	0
4.973	1	8	498	4	26	12	73	0
4.975	1	8	498	6	26	12	73	0
4.977	1	8	498	8	26	12	73	0
4.979	1	8	498	10	26	12	73	0
4.981	1	8	499	2	26	12	73	0
4.983	1	8	499	4	26	12	73	0
4.985	1	8	499	6	26	12	73	0
4.987	1	8	499	8	26	12	73	0
4.988	1	8	499	9	26	12	73	0
4.99	1	8	500	1	26	12	73	0
4.992	1	8	500	3	26	12	73	0
4.994	1	8	500	5	26	12	73	0
4.996	1	8	500	7	26	12	73	0
4.998	1	8	500	9	26	12	73	0
