% time	cellId	IMSI	frame	sframe	RNTI	mcs	size	ccId
0.038	1	14	4	9	22	0	7	0
0.039	1	14	4	10	22	0	7	0
0.041	1	14	5	2	22	0	7	0
0.042	1	14	5	3	22	0	7	0
0.044	1	14	5	5	22	0	7	0
0.046	1	14	5	7	22	0	7	0
0.047	1	14	5	8	22	0	7	0
0.049	1	14	5	10	22	0	7	0
0.051	1	14	6	2	22	0	7	0
0.053	1	14	6	4	22	0	7	0
0.055	1	14	6	6	22	0	7	0
0.057	1	14	6	8	22	0	7	0
0.059	1	14	6	10	22	0	7	0
0.061	1	14	7	2	22	0	7	0
0.062	1	14	7	3	22	8	49	0
0.064	1	14	7	5	22	8	49	0
0.066	1	14	7	7	22	8	49	0
0.068	1	14	7	9	22	8	49	0
0.07	1	14	8	1	22	8	49	0
0.072	1	14	8	3	22	8	49	0
0.074	1	14	8	5	22	8	49	0
0.076	1	14	8	7	22	8	49	0
0.077	1	14	8	8	22	8	49	0
0.079	1	14	8	10	22	8	49	0
0.081	1	14	9	2	22	8	49	0
0.083	1	14	9	4	22	8	49	0
0.085	1	14	9	6	22	8	49	0
0.087	1	14	9	8	22	8	49	0
0.089	1	14	9	10	22	8	49	0
0.091	1	14	10	2	22	8	49	0
0.092	1	14	10	3	22	8	49	0
0.094	1	14	10	5	22	8	49	0
0.096	1	14	10	7	22	8	49	0
0.098	1	14	10	9	22	8	49	0
0.1	1	14	11	1	22	8	49	0
0.102	1	14	11	3	22	8	49	0
0.104	1	14	11	5	22	8	49	0
0.106	1	14	11	7	22	8	49	0
0.107	1	14	11	8	22	8	49	0
0.109	1	14	11	10	22	8	49	0
0.111	1	14	12	2	22	8	49	0
0.113	1	14	12	4	22	8	49	0
0.115	1	14	12	6	22	8	49	0
0.117	1	14	12	8	22	8	49	0
0.119	1	14	12	10	22	8	49	0
0.121	1	14	13	2	22	8	49	0
0.122	1	14	13	3	22	8	49	0
0.124	1	14	13	5	22	8	49	0
0.126	1	14	13	7	22	8	49	0
0.128	1	14	13	9	22	8	49	0
0.13	1	14	14	1	22	8	49	0
0.132	1	14	14	3	22	8	49	0
0.134	1	14	14	5	22	8	49	0
0.136	1	14	14	7	22	8	49	0
0.137	1	14	14	8	22	8	49	0
0.139	1	14	14	10	22	8	49	0
0.141	1	14	15	2	22	8	49	0
0.143	1	14	15	4	22	8	49	0
0.145	1	14	15	6	22	8	49	0
0.147	1	14	15	8	22	8	49	0
0.149	1	14	15	10	22	8	49	0
0.151	1	14	16	2	22	8	49	0
0.152	1	14	16	3	22	8	49	0
0.154	1	14	16	5	22	8	49	0
0.156	1	14	16	7	22	8	49	0
0.158	1	14	16	9	22	8	49	0
0.16	1	14	17	1	22	8	49	0
0.162	1	14	17	3	22	8	49	0
0.164	1	14	17	5	22	8	49	0
0.166	1	14	17	7	22	8	49	0
0.167	1	14	17	8	22	8	49	0
0.169	1	14	17	10	22	8	49	0
0.171	1	14	18	2	22	8	49	0
0.173	1	14	18	4	22	8	49	0
0.175	1	14	18	6	22	8	49	0
0.177	1	14	18	8	22	8	49	0
0.179	1	14	18	10	22	8	49	0
0.181	1	14	19	2	22	8	49	0
0.182	1	14	19	3	22	8	49	0
0.184	1	14	19	5	22	8	49	0
0.186	1	14	19	7	22	8	49	0
0.188	1	14	19	9	22	8	49	0
0.19	1	14	20	1	22	8	49	0
0.192	1	14	20	3	22	8	49	0
0.194	1	14	20	5	22	8	49	0
0.196	1	14	20	7	22	8	49	0
0.197	1	14	20	8	22	8	49	0
0.199	1	14	20	10	22	8	49	0
0.201	1	14	21	2	22	8	49	0
0.203	1	14	21	4	22	8	49	0
0.205	1	14	21	6	22	8	49	0
0.207	1	14	21	8	22	8	49	0
0.209	1	14	21	10	22	8	49	0
0.211	1	14	22	2	22	8	49	0
0.212	1	14	22	3	22	8	49	0
0.214	1	14	22	5	22	8	49	0
0.216	1	14	22	7	22	8	49	0
0.218	1	14	22	9	22	8	49	0
0.22	1	14	23	1	22	8	49	0
0.222	1	14	23	3	22	8	49	0
0.224	1	14	23	5	22	8	49	0
0.226	1	14	23	7	22	8	49	0
0.227	1	14	23	8	22	8	49	0
0.229	1	14	23	10	22	8	49	0
0.231	1	14	24	2	22	8	49	0
0.233	1	14	24	4	22	8	49	0
0.235	1	14	24	6	22	8	49	0
0.237	1	14	24	8	22	8	49	0
0.239	1	14	24	10	22	8	49	0
0.241	1	14	25	2	22	8	49	0
0.242	1	14	25	3	22	8	49	0
0.244	1	14	25	5	22	8	49	0
0.246	1	14	25	7	22	8	49	0
0.248	1	14	25	9	22	8	49	0
0.25	1	14	26	1	22	8	49	0
0.252	1	14	26	3	22	8	49	0
0.254	1	14	26	5	22	8	49	0
0.256	1	14	26	7	22	8	49	0
0.257	1	14	26	8	22	8	49	0
0.259	1	14	26	10	22	8	49	0
0.261	1	14	27	2	22	8	49	0
0.263	1	14	27	4	22	8	49	0
0.265	1	14	27	6	22	8	49	0
0.267	1	14	27	8	22	8	49	0
0.269	1	14	27	10	22	8	49	0
0.271	1	14	28	2	22	8	49	0
0.272	1	14	28	3	22	8	49	0
0.274	1	14	28	5	22	8	49	0
0.276	1	14	28	7	22	8	49	0
0.278	1	14	28	9	22	8	49	0
0.28	1	14	29	1	22	8	49	0
0.282	1	14	29	3	22	8	49	0
0.284	1	14	29	5	22	8	49	0
0.286	1	14	29	7	22	8	49	0
0.287	1	14	29	8	22	8	49	0
0.289	1	14	29	10	22	8	49	0
0.291	1	14	30	2	22	8	49	0
0.293	1	14	30	4	22	8	49	0
0.295	1	14	30	6	22	8	49	0
0.297	1	14	30	8	22	8	49	0
0.299	1	14	30	10	22	8	49	0
0.301	1	14	31	2	22	8	49	0
0.302	1	14	31	3	22	8	49	0
0.304	1	14	31	5	22	8	49	0
0.306	1	14	31	7	22	8	49	0
0.308	1	14	31	9	22	8	49	0
0.31	1	14	32	1	22	8	49	0
0.312	1	14	32	3	22	8	49	0
0.314	1	14	32	5	22	8	49	0
0.316	1	14	32	7	22	8	49	0
0.317	1	14	32	8	22	8	49	0
0.319	1	14	32	10	22	8	49	0
0.321	1	14	33	2	22	8	49	0
0.323	1	14	33	4	22	8	49	0
0.325	1	14	33	6	22	8	49	0
0.327	1	14	33	8	22	8	49	0
0.329	1	14	33	10	22	8	49	0
0.331	1	14	34	2	22	8	49	0
0.332	1	14	34	3	22	8	49	0
0.334	1	14	34	5	22	8	49	0
0.336	1	14	34	7	22	8	49	0
0.338	1	14	34	9	22	8	49	0
0.34	1	14	35	1	22	8	49	0
0.342	1	14	35	3	22	8	49	0
0.344	1	14	35	5	22	8	49	0
0.346	1	14	35	7	22	8	49	0
0.347	1	14	35	8	22	8	49	0
0.349	1	14	35	10	22	8	49	0
0.351	1	14	36	2	22	8	49	0
0.353	1	14	36	4	22	8	49	0
0.355	1	14	36	6	22	8	49	0
0.357	1	14	36	8	22	8	49	0
0.359	1	14	36	10	22	8	49	0
0.361	1	14	37	2	22	8	49	0
0.362	1	14	37	3	22	8	49	0
0.364	1	14	37	5	22	8	49	0
0.366	1	14	37	7	22	8	49	0
0.368	1	14	37	9	22	8	49	0
0.37	1	14	38	1	22	8	49	0
0.372	1	14	38	3	22	8	49	0
0.374	1	14	38	5	22	8	49	0
0.376	1	14	38	7	22	8	49	0
0.377	1	14	38	8	22	8	49	0
0.379	1	14	38	10	22	8	49	0
0.381	1	14	39	2	22	8	49	0
0.383	1	14	39	4	22	8	49	0
0.385	1	14	39	6	22	8	49	0
0.387	1	14	39	8	22	8	49	0
0.389	1	14	39	10	22	8	49	0
0.391	1	14	40	2	22	8	49	0
0.392	1	14	40	3	22	8	49	0
0.394	1	14	40	5	22	8	49	0
0.396	1	14	40	7	22	8	49	0
0.398	1	14	40	9	22	8	49	0
0.4	1	14	41	1	22	8	49	0
0.402	1	14	41	3	22	8	49	0
0.404	1	14	41	5	22	8	49	0
0.406	1	14	41	7	22	8	49	0
0.407	1	14	41	8	22	8	49	0
0.409	1	14	41	10	22	8	49	0
0.411	1	14	42	2	22	8	49	0
0.413	1	14	42	4	22	8	49	0
0.415	1	14	42	6	22	8	49	0
0.417	1	14	42	8	22	8	49	0
0.419	1	14	42	10	22	8	49	0
0.421	1	14	43	2	22	8	49	0
0.422	1	14	43	3	22	8	49	0
0.424	1	14	43	5	22	8	49	0
0.426	1	14	43	7	22	8	49	0
0.428	1	14	43	9	22	8	49	0
0.43	1	14	44	1	22	8	49	0
0.432	1	14	44	3	22	8	49	0
0.434	1	14	44	5	22	8	49	0
0.436	1	14	44	7	22	8	49	0
0.437	1	14	44	8	22	8	49	0
0.439	1	14	44	10	22	8	49	0
0.441	1	14	45	2	22	8	49	0
0.443	1	14	45	4	22	8	49	0
0.445	1	14	45	6	22	8	49	0
0.447	1	14	45	8	22	8	49	0
0.449	1	14	45	10	22	8	49	0
0.451	1	14	46	2	22	8	49	0
0.452	1	14	46	3	22	8	49	0
0.454	1	14	46	5	22	8	49	0
0.456	1	14	46	7	22	8	49	0
0.458	1	14	46	9	22	8	49	0
0.46	1	14	47	1	22	8	49	0
0.462	1	14	47	3	22	8	49	0
0.464	1	14	47	5	22	8	49	0
0.466	1	14	47	7	22	8	49	0
0.467	1	14	47	8	22	8	49	0
0.469	1	14	47	10	22	8	49	0
0.471	1	14	48	2	22	8	49	0
0.473	1	14	48	4	22	8	49	0
0.475	1	14	48	6	22	8	49	0
0.477	1	14	48	8	22	8	49	0
0.479	1	14	48	10	22	8	49	0
0.481	1	14	49	2	22	8	49	0
0.482	1	14	49	3	22	8	49	0
0.484	1	14	49	5	22	8	49	0
0.486	1	14	49	7	22	8	49	0
0.488	1	14	49	9	22	8	49	0
0.49	1	14	50	1	22	8	49	0
0.492	1	14	50	3	22	8	49	0
0.494	1	14	50	5	22	8	49	0
0.496	1	14	50	7	22	8	49	0
0.497	1	14	50	8	22	8	49	0
0.499	1	14	50	10	22	8	49	0
0.501	1	14	51	2	22	8	49	0
0.503	1	14	51	4	22	8	49	0
0.505	1	14	51	6	22	8	49	0
0.507	1	14	51	8	22	8	49	0
0.509	1	14	51	10	22	8	49	0
0.511	1	14	52	2	22	8	49	0
0.512	1	14	52	3	22	8	49	0
0.514	1	14	52	5	22	8	49	0
0.516	1	14	52	7	22	8	49	0
0.518	1	14	52	9	22	8	49	0
0.52	1	14	53	1	22	8	49	0
0.522	1	14	53	3	22	8	49	0
0.524	1	14	53	5	22	8	49	0
0.526	1	14	53	7	22	8	49	0
0.527	1	14	53	8	22	8	49	0
0.529	1	14	53	10	22	8	49	0
0.531	1	14	54	2	22	8	49	0
0.533	1	14	54	4	22	8	49	0
0.535	1	14	54	6	22	8	49	0
0.537	1	14	54	8	22	8	49	0
0.539	1	14	54	10	22	8	49	0
0.541	1	14	55	2	22	8	49	0
0.542	1	14	55	3	22	8	49	0
0.544	1	14	55	5	22	8	49	0
0.546	1	14	55	7	22	8	49	0
0.548	1	14	55	9	22	8	49	0
0.55	1	14	56	1	22	8	49	0
0.552	1	14	56	3	22	8	49	0
0.554	1	14	56	5	22	8	49	0
0.556	1	14	56	7	22	8	49	0
0.557	1	14	56	8	22	8	49	0
0.559	1	14	56	10	22	8	49	0
0.561	1	14	57	2	22	8	49	0
0.563	1	14	57	4	22	8	49	0
0.565	1	14	57	6	22	8	49	0
0.567	1	14	57	8	22	8	49	0
0.569	1	14	57	10	22	8	49	0
0.571	1	14	58	2	22	8	49	0
0.572	1	14	58	3	22	8	49	0
0.574	1	14	58	5	22	8	49	0
0.576	1	14	58	7	22	8	49	0
0.578	1	14	58	9	22	8	49	0
0.58	1	14	59	1	22	8	49	0
0.582	1	14	59	3	22	8	49	0
0.584	1	14	59	5	22	8	49	0
0.586	1	14	59	7	22	8	49	0
0.587	1	14	59	8	22	8	49	0
0.589	1	14	59	10	22	8	49	0
0.591	1	14	60	2	22	8	49	0
0.593	1	14	60	4	22	8	49	0
0.595	1	14	60	6	22	8	49	0
0.597	1	14	60	8	22	8	49	0
0.599	1	14	60	10	22	8	49	0
0.601	1	14	61	2	22	8	49	0
0.602	1	14	61	3	22	8	49	0
0.604	1	14	61	5	22	8	49	0
0.606	1	14	61	7	22	8	49	0
0.608	1	14	61	9	22	8	49	0
0.61	1	14	62	1	22	8	49	0
0.612	1	14	62	3	22	8	49	0
0.614	1	14	62	5	22	8	49	0
0.616	1	14	62	7	22	8	49	0
0.617	1	14	62	8	22	8	49	0
0.619	1	14	62	10	22	8	49	0
0.621	1	14	63	2	22	8	49	0
0.623	1	14	63	4	22	8	49	0
0.625	1	14	63	6	22	8	49	0
0.627	1	14	63	8	22	8	49	0
0.629	1	14	63	10	22	8	49	0
0.631	1	14	64	2	22	8	49	0
0.632	1	14	64	3	22	8	49	0
0.634	1	14	64	5	22	8	49	0
0.636	1	14	64	7	22	8	49	0
0.638	1	14	64	9	22	8	49	0
0.64	1	14	65	1	22	8	49	0
0.642	1	14	65	3	22	8	49	0
0.644	1	14	65	5	22	8	49	0
0.646	1	14	65	7	22	8	49	0
0.647	1	14	65	8	22	8	49	0
0.649	1	14	65	10	22	8	49	0
0.651	1	14	66	2	22	8	49	0
0.653	1	14	66	4	22	8	49	0
0.655	1	14	66	6	22	8	49	0
0.657	1	14	66	8	22	8	49	0
0.659	1	14	66	10	22	8	49	0
0.661	1	14	67	2	22	8	49	0
0.662	1	14	67	3	22	8	49	0
0.664	1	14	67	5	22	8	49	0
0.666	1	14	67	7	22	8	49	0
0.668	1	14	67	9	22	8	49	0
0.67	1	14	68	1	22	8	49	0
0.672	1	14	68	3	22	8	49	0
0.674	1	14	68	5	22	8	49	0
0.676	1	14	68	7	22	8	49	0
0.677	1	14	68	8	22	8	49	0
0.679	1	14	68	10	22	8	49	0
0.681	1	14	69	2	22	8	49	0
0.683	1	14	69	4	22	8	49	0
0.685	1	14	69	6	22	8	49	0
0.687	1	14	69	8	22	8	49	0
0.689	1	14	69	10	22	8	49	0
0.691	1	14	70	2	22	8	49	0
0.692	1	14	70	3	22	8	49	0
0.694	1	14	70	5	22	8	49	0
0.696	1	14	70	7	22	8	49	0
0.698	1	14	70	9	22	8	49	0
0.7	1	14	71	1	22	8	49	0
0.702	1	14	71	3	22	8	49	0
0.704	1	14	71	5	22	8	49	0
0.706	1	14	71	7	22	8	49	0
0.707	1	14	71	8	22	8	49	0
0.709	1	14	71	10	22	8	49	0
0.711	1	14	72	2	22	8	49	0
0.713	1	14	72	4	22	8	49	0
0.715	1	14	72	6	22	8	49	0
0.717	1	14	72	8	22	8	49	0
0.719	1	14	72	10	22	8	49	0
0.721	1	14	73	2	22	8	49	0
0.722	1	14	73	3	22	8	49	0
0.724	1	14	73	5	22	8	49	0
0.726	1	14	73	7	22	8	49	0
0.728	1	14	73	9	22	8	49	0
0.73	1	14	74	1	22	8	49	0
0.732	1	14	74	3	22	8	49	0
0.734	1	14	74	5	22	8	49	0
0.736	1	14	74	7	22	8	49	0
0.737	1	14	74	8	22	8	49	0
0.739	1	14	74	10	22	8	49	0
0.741	1	14	75	2	22	8	49	0
0.743	1	14	75	4	22	8	49	0
0.745	1	14	75	6	22	8	49	0
0.747	1	14	75	8	22	8	49	0
0.749	1	14	75	10	22	8	49	0
0.751	1	14	76	2	22	8	49	0
0.752	1	14	76	3	22	8	49	0
0.754	1	14	76	5	22	8	49	0
0.756	1	14	76	7	22	8	49	0
0.758	1	14	76	9	22	8	49	0
0.76	1	14	77	1	22	8	49	0
0.762	1	14	77	3	22	8	49	0
0.764	1	14	77	5	22	8	49	0
0.766	1	14	77	7	22	8	49	0
0.767	1	14	77	8	22	8	49	0
0.769	1	14	77	10	22	8	49	0
0.771	1	14	78	2	22	8	49	0
0.773	1	14	78	4	22	8	49	0
0.775	1	14	78	6	22	8	49	0
0.777	1	14	78	8	22	8	49	0
0.779	1	14	78	10	22	8	49	0
0.781	1	14	79	2	22	8	49	0
0.782	1	14	79	3	22	8	49	0
0.784	1	14	79	5	22	8	49	0
0.786	1	14	79	7	22	8	49	0
0.788	1	14	79	9	22	8	49	0
0.79	1	14	80	1	22	8	49	0
0.792	1	14	80	3	22	8	49	0
0.794	1	14	80	5	22	8	49	0
0.796	1	14	80	7	22	8	49	0
0.797	1	14	80	8	22	8	49	0
0.799	1	14	80	10	22	8	49	0
0.801	1	14	81	2	22	8	49	0
0.803	1	14	81	4	22	8	49	0
0.805	1	14	81	6	22	8	49	0
0.807	1	14	81	8	22	8	49	0
0.809	1	14	81	10	22	8	49	0
0.811	1	14	82	2	22	8	49	0
0.812	1	14	82	3	22	8	49	0
0.814	1	14	82	5	22	8	49	0
0.816	1	14	82	7	22	8	49	0
0.818	1	14	82	9	22	8	49	0
0.82	1	14	83	1	22	8	49	0
0.822	1	14	83	3	22	8	49	0
0.824	1	14	83	5	22	8	49	0
0.826	1	14	83	7	22	8	49	0
0.827	1	14	83	8	22	8	49	0
0.829	1	14	83	10	22	8	49	0
0.831	1	14	84	2	22	8	49	0
0.833	1	14	84	4	22	8	49	0
0.835	1	14	84	6	22	8	49	0
0.837	1	14	84	8	22	8	49	0
0.839	1	14	84	10	22	8	49	0
0.841	1	14	85	2	22	8	49	0
0.842	1	14	85	3	22	8	49	0
0.844	1	14	85	5	22	8	49	0
0.846	1	14	85	7	22	8	49	0
0.848	1	14	85	9	22	8	49	0
0.85	1	14	86	1	22	8	49	0
0.852	1	14	86	3	22	8	49	0
0.854	1	14	86	5	22	8	49	0
0.856	1	14	86	7	22	8	49	0
0.857	1	14	86	8	22	8	49	0
0.859	1	14	86	10	22	8	49	0
0.861	1	14	87	2	22	8	49	0
0.863	1	14	87	4	22	8	49	0
0.865	1	14	87	6	22	8	49	0
0.867	1	14	87	8	22	8	49	0
0.869	1	14	87	10	22	8	49	0
0.871	1	14	88	2	22	8	49	0
0.872	1	14	88	3	22	8	49	0
0.874	1	14	88	5	22	8	49	0
0.876	1	14	88	7	22	8	49	0
0.878	1	14	88	9	22	8	49	0
0.88	1	14	89	1	22	8	49	0
0.882	1	14	89	3	22	8	49	0
0.884	1	14	89	5	22	8	49	0
0.886	1	14	89	7	22	8	49	0
0.887	1	14	89	8	22	8	49	0
0.889	1	14	89	10	22	8	49	0
0.891	1	14	90	2	22	8	49	0
0.893	1	14	90	4	22	8	49	0
0.895	1	14	90	6	22	8	49	0
0.897	1	14	90	8	22	8	49	0
0.899	1	14	90	10	22	8	49	0
0.901	1	14	91	2	22	8	49	0
0.902	1	14	91	3	22	8	49	0
0.904	1	14	91	5	22	8	49	0
0.906	1	14	91	7	22	8	49	0
0.908	1	14	91	9	22	8	49	0
0.91	1	14	92	1	22	8	49	0
0.912	1	14	92	3	22	8	49	0
0.914	1	14	92	5	22	8	49	0
0.916	1	14	92	7	22	8	49	0
0.917	1	14	92	8	22	8	49	0
0.919	1	14	92	10	22	8	49	0
0.921	1	14	93	2	22	8	49	0
0.923	1	14	93	4	22	8	49	0
0.925	1	14	93	6	22	8	49	0
0.927	1	14	93	8	22	8	49	0
0.929	1	14	93	10	22	8	49	0
0.931	1	14	94	2	22	8	49	0
0.932	1	14	94	3	22	8	49	0
0.934	1	14	94	5	22	8	49	0
0.936	1	14	94	7	22	8	49	0
0.938	1	14	94	9	22	8	49	0
0.94	1	14	95	1	22	8	49	0
0.942	1	14	95	3	22	8	49	0
0.944	1	14	95	5	22	8	49	0
0.946	1	14	95	7	22	8	49	0
0.947	1	14	95	8	22	8	49	0
0.949	1	14	95	10	22	8	49	0
0.951	1	14	96	2	22	8	49	0
0.953	1	14	96	4	22	8	49	0
0.955	1	14	96	6	22	8	49	0
0.957	1	14	96	8	22	8	49	0
0.959	1	14	96	10	22	8	49	0
0.961	1	14	97	2	22	8	49	0
0.962	1	14	97	3	22	8	49	0
0.964	1	14	97	5	22	8	49	0
0.966	1	14	97	7	22	8	49	0
0.968	1	14	97	9	22	8	49	0
0.97	1	14	98	1	22	8	49	0
0.972	1	14	98	3	22	8	49	0
0.974	1	14	98	5	22	8	49	0
0.976	1	14	98	7	22	8	49	0
0.977	1	14	98	8	22	8	49	0
0.979	1	14	98	10	22	8	49	0
0.981	1	14	99	2	22	8	49	0
0.983	1	14	99	4	22	8	49	0
0.985	1	14	99	6	22	8	49	0
0.987	1	14	99	8	22	8	49	0
0.989	1	14	99	10	22	8	49	0
0.991	1	14	100	2	22	8	49	0
0.992	1	14	100	3	22	8	49	0
0.994	1	14	100	5	22	8	49	0
0.996	1	14	100	7	22	8	49	0
0.998	1	14	100	9	22	8	49	0
1	1	14	101	1	22	8	49	0
1.002	1	14	101	3	22	8	49	0
1.004	1	14	101	5	22	8	49	0
1.006	1	14	101	7	22	8	49	0
1.007	1	14	101	8	22	8	49	0
1.009	1	14	101	10	22	8	49	0
1.011	1	14	102	2	22	8	49	0
1.013	1	14	102	4	22	8	49	0
1.015	1	14	102	6	22	8	49	0
1.017	1	14	102	8	22	8	49	0
1.019	1	14	102	10	22	8	49	0
1.021	1	14	103	2	22	8	49	0
1.022	1	14	103	3	22	8	49	0
1.024	1	14	103	5	22	8	49	0
1.026	1	14	103	7	22	8	49	0
1.028	1	14	103	9	22	8	49	0
1.03	1	14	104	1	22	8	49	0
1.032	1	14	104	3	22	8	49	0
1.034	1	14	104	5	22	8	49	0
1.036	1	14	104	7	22	8	49	0
1.037	1	14	104	8	22	8	49	0
1.039	1	14	104	10	22	8	49	0
1.041	1	14	105	2	22	8	49	0
1.043	1	14	105	4	22	8	49	0
1.045	1	14	105	6	22	8	49	0
1.047	1	14	105	8	22	8	49	0
1.049	1	14	105	10	22	8	49	0
1.051	1	14	106	2	22	8	49	0
1.052	1	14	106	3	22	8	49	0
1.054	1	14	106	5	22	8	49	0
1.056	1	14	106	7	22	8	49	0
1.058	1	14	106	9	22	8	49	0
1.06	1	14	107	1	22	8	49	0
1.062	1	14	107	3	22	8	49	0
1.064	1	14	107	5	22	8	49	0
1.066	1	14	107	7	22	8	49	0
1.067	1	14	107	8	22	8	49	0
1.069	1	14	107	10	22	8	49	0
1.071	1	14	108	2	22	8	49	0
1.073	1	14	108	4	22	8	49	0
1.075	1	14	108	6	22	8	49	0
1.077	1	14	108	8	22	8	49	0
1.079	1	14	108	10	22	8	49	0
1.081	1	14	109	2	22	8	49	0
1.082	1	14	109	3	22	8	49	0
1.084	1	14	109	5	22	8	49	0
1.086	1	14	109	7	22	8	49	0
1.088	1	14	109	9	22	8	49	0
1.09	1	14	110	1	22	8	49	0
1.092	1	14	110	3	22	8	49	0
1.094	1	14	110	5	22	8	49	0
1.096	1	14	110	7	22	8	49	0
1.097	1	14	110	8	22	8	49	0
1.099	1	14	110	10	22	8	49	0
1.101	1	14	111	2	22	8	49	0
1.103	1	14	111	4	22	8	49	0
1.105	1	14	111	6	22	8	49	0
1.107	1	14	111	8	22	8	49	0
1.109	1	14	111	10	22	8	49	0
1.111	1	14	112	2	22	8	49	0
1.112	1	14	112	3	22	8	49	0
1.114	1	14	112	5	22	8	49	0
1.116	1	14	112	7	22	8	49	0
1.118	1	14	112	9	22	8	49	0
1.12	1	14	113	1	22	8	49	0
1.122	1	14	113	3	22	8	49	0
1.124	1	14	113	5	22	8	49	0
1.126	1	14	113	7	22	8	49	0
1.127	1	14	113	8	22	8	49	0
1.129	1	14	113	10	22	8	49	0
1.131	1	14	114	2	22	8	49	0
1.133	1	14	114	4	22	8	49	0
1.135	1	14	114	6	22	8	49	0
1.137	1	14	114	8	22	8	49	0
1.139	1	14	114	10	22	8	49	0
1.141	1	14	115	2	22	8	49	0
1.142	1	14	115	3	22	8	49	0
1.144	1	14	115	5	22	8	49	0
1.146	1	14	115	7	22	8	49	0
1.148	1	14	115	9	22	8	49	0
1.15	1	14	116	1	22	8	49	0
1.152	1	14	116	3	22	8	49	0
1.154	1	14	116	5	22	8	49	0
1.156	1	14	116	7	22	8	49	0
1.157	1	14	116	8	22	8	49	0
1.159	1	14	116	10	22	8	49	0
1.161	1	14	117	2	22	8	49	0
1.163	1	14	117	4	22	8	49	0
1.165	1	14	117	6	22	8	49	0
1.167	1	14	117	8	22	8	49	0
1.169	1	14	117	10	22	8	49	0
1.171	1	14	118	2	22	8	49	0
1.172	1	14	118	3	22	8	49	0
1.174	1	14	118	5	22	8	49	0
1.176	1	14	118	7	22	8	49	0
1.178	1	14	118	9	22	8	49	0
1.18	1	14	119	1	22	8	49	0
1.182	1	14	119	3	22	8	49	0
1.184	1	14	119	5	22	8	49	0
1.186	1	14	119	7	22	8	49	0
1.187	1	14	119	8	22	8	49	0
1.189	1	14	119	10	22	8	49	0
1.191	1	14	120	2	22	8	49	0
1.193	1	14	120	4	22	8	49	0
1.195	1	14	120	6	22	8	49	0
1.197	1	14	120	8	22	8	49	0
1.199	1	14	120	10	22	8	49	0
1.201	1	14	121	2	22	8	49	0
1.202	1	14	121	3	22	8	49	0
1.204	1	14	121	5	22	8	49	0
1.206	1	14	121	7	22	8	49	0
1.208	1	14	121	9	22	8	49	0
1.21	1	14	122	1	22	8	49	0
1.212	1	14	122	3	22	8	49	0
1.214	1	14	122	5	22	8	49	0
1.216	1	14	122	7	22	8	49	0
1.217	1	14	122	8	22	8	49	0
1.219	1	14	122	10	22	8	49	0
1.221	1	14	123	2	22	8	49	0
1.223	1	14	123	4	22	8	49	0
1.225	1	14	123	6	22	8	49	0
1.227	1	14	123	8	22	8	49	0
1.229	1	14	123	10	22	8	49	0
1.231	1	14	124	2	22	8	49	0
1.232	1	14	124	3	22	8	49	0
1.234	1	14	124	5	22	8	49	0
1.236	1	14	124	7	22	8	49	0
1.238	1	14	124	9	22	8	49	0
1.24	1	14	125	1	22	8	49	0
1.242	1	14	125	3	22	8	49	0
1.244	1	14	125	5	22	8	49	0
1.246	1	14	125	7	22	8	49	0
1.247	1	14	125	8	22	8	49	0
1.249	1	14	125	10	22	8	49	0
1.251	1	14	126	2	22	8	49	0
1.253	1	14	126	4	22	8	49	0
1.255	1	14	126	6	22	8	49	0
1.257	1	14	126	8	22	8	49	0
1.259	1	14	126	10	22	8	49	0
1.261	1	14	127	2	22	8	49	0
1.262	1	14	127	3	22	8	49	0
1.264	1	14	127	5	22	8	49	0
1.266	1	14	127	7	22	8	49	0
1.268	1	14	127	9	22	8	49	0
1.27	1	14	128	1	22	8	49	0
1.272	1	14	128	3	22	8	49	0
1.274	1	14	128	5	22	8	49	0
1.276	1	14	128	7	22	8	49	0
1.277	1	14	128	8	22	8	49	0
1.279	1	14	128	10	22	8	49	0
1.281	1	14	129	2	22	8	49	0
1.283	1	14	129	4	22	8	49	0
1.285	1	14	129	6	22	8	49	0
1.287	1	14	129	8	22	8	49	0
1.289	1	14	129	10	22	8	49	0
1.291	1	14	130	2	22	8	49	0
1.292	1	14	130	3	22	8	49	0
1.294	1	14	130	5	22	8	49	0
1.296	1	14	130	7	22	8	49	0
1.298	1	14	130	9	22	8	49	0
1.3	1	14	131	1	22	8	49	0
1.302	1	14	131	3	22	8	49	0
1.304	1	14	131	5	22	8	49	0
1.306	1	14	131	7	22	8	49	0
1.307	1	14	131	8	22	8	49	0
1.309	1	14	131	10	22	8	49	0
1.311	1	14	132	2	22	8	49	0
1.313	1	14	132	4	22	8	49	0
1.315	1	14	132	6	22	8	49	0
1.317	1	14	132	8	22	8	49	0
1.319	1	14	132	10	22	8	49	0
1.321	1	14	133	2	22	8	49	0
1.322	1	14	133	3	22	8	49	0
1.324	1	14	133	5	22	8	49	0
1.326	1	14	133	7	22	8	49	0
1.328	1	14	133	9	22	8	49	0
1.33	1	14	134	1	22	8	49	0
1.332	1	14	134	3	22	8	49	0
1.334	1	14	134	5	22	8	49	0
1.336	1	14	134	7	22	8	49	0
1.337	1	14	134	8	22	8	49	0
1.339	1	14	134	10	22	8	49	0
1.341	1	14	135	2	22	8	49	0
1.343	1	14	135	4	22	8	49	0
1.345	1	14	135	6	22	8	49	0
1.347	1	14	135	8	22	8	49	0
1.349	1	14	135	10	22	8	49	0
1.351	1	14	136	2	22	8	49	0
1.352	1	14	136	3	22	8	49	0
1.354	1	14	136	5	22	8	49	0
1.356	1	14	136	7	22	8	49	0
1.358	1	14	136	9	22	8	49	0
1.36	1	14	137	1	22	8	49	0
1.362	1	14	137	3	22	8	49	0
1.364	1	14	137	5	22	8	49	0
1.366	1	14	137	7	22	8	49	0
1.367	1	14	137	8	22	8	49	0
1.369	1	14	137	10	22	8	49	0
1.371	1	14	138	2	22	8	49	0
1.373	1	14	138	4	22	8	49	0
1.375	1	14	138	6	22	8	49	0
1.377	1	14	138	8	22	8	49	0
1.379	1	14	138	10	22	8	49	0
1.381	1	14	139	2	22	8	49	0
1.382	1	14	139	3	22	8	49	0
1.384	1	14	139	5	22	8	49	0
1.386	1	14	139	7	22	8	49	0
1.388	1	14	139	9	22	8	49	0
1.39	1	14	140	1	22	8	49	0
1.392	1	14	140	3	22	8	49	0
1.394	1	14	140	5	22	8	49	0
1.396	1	14	140	7	22	8	49	0
1.397	1	14	140	8	22	8	49	0
1.399	1	14	140	10	22	8	49	0
1.401	1	14	141	2	22	8	49	0
1.403	1	14	141	4	22	8	49	0
1.405	1	14	141	6	22	8	49	0
1.407	1	14	141	8	22	8	49	0
1.409	1	14	141	10	22	8	49	0
1.411	1	14	142	2	22	8	49	0
1.412	1	14	142	3	22	8	49	0
1.414	1	14	142	5	22	8	49	0
1.416	1	14	142	7	22	8	49	0
1.418	1	14	142	9	22	8	49	0
1.42	1	14	143	1	22	8	49	0
1.422	1	14	143	3	22	8	49	0
1.424	1	14	143	5	22	8	49	0
1.426	1	14	143	7	22	8	49	0
1.427	1	14	143	8	22	8	49	0
1.429	1	14	143	10	22	8	49	0
1.431	1	14	144	2	22	8	49	0
1.433	1	14	144	4	22	8	49	0
1.435	1	14	144	6	22	8	49	0
1.437	1	14	144	8	22	8	49	0
1.439	1	14	144	10	22	8	49	0
1.441	1	14	145	2	22	8	49	0
1.442	1	14	145	3	22	8	49	0
1.444	1	14	145	5	22	8	49	0
1.446	1	14	145	7	22	8	49	0
1.448	1	14	145	9	22	8	49	0
1.45	1	14	146	1	22	8	49	0
1.452	1	14	146	3	22	8	49	0
1.454	1	14	146	5	22	8	49	0
1.456	1	14	146	7	22	8	49	0
1.457	1	14	146	8	22	8	49	0
1.459	1	14	146	10	22	8	49	0
1.461	1	14	147	2	22	8	49	0
1.463	1	14	147	4	22	8	49	0
1.465	1	14	147	6	22	8	49	0
1.467	1	14	147	8	22	8	49	0
1.469	1	14	147	10	22	8	49	0
1.471	1	14	148	2	22	8	49	0
1.472	1	14	148	3	22	8	49	0
1.474	1	14	148	5	22	8	49	0
1.476	1	14	148	7	22	8	49	0
1.478	1	14	148	9	22	8	49	0
1.48	1	14	149	1	22	8	49	0
1.482	1	14	149	3	22	8	49	0
1.484	1	14	149	5	22	8	49	0
1.486	1	14	149	7	22	8	49	0
1.487	1	14	149	8	22	8	49	0
1.489	1	14	149	10	22	8	49	0
1.491	1	14	150	2	22	8	49	0
1.493	1	14	150	4	22	8	49	0
1.495	1	14	150	6	22	8	49	0
1.497	1	14	150	8	22	8	49	0
1.499	1	14	150	10	22	8	49	0
1.501	1	14	151	2	22	8	49	0
1.502	1	14	151	3	22	8	49	0
1.504	1	14	151	5	22	8	49	0
1.506	1	14	151	7	22	8	49	0
1.508	1	14	151	9	22	8	49	0
1.51	1	14	152	1	22	8	49	0
1.512	1	14	152	3	22	8	49	0
1.514	1	14	152	5	22	8	49	0
1.516	1	14	152	7	22	8	49	0
1.517	1	14	152	8	22	8	49	0
1.519	1	14	152	10	22	8	49	0
1.521	1	14	153	2	22	8	49	0
1.523	1	14	153	4	22	8	49	0
1.525	1	14	153	6	22	8	49	0
1.527	1	14	153	8	22	8	49	0
1.529	1	14	153	10	22	8	49	0
1.531	1	14	154	2	22	8	49	0
1.532	1	14	154	3	22	8	49	0
1.534	1	14	154	5	22	8	49	0
1.536	1	14	154	7	22	8	49	0
1.538	1	14	154	9	22	8	49	0
1.54	1	14	155	1	22	8	49	0
1.542	1	14	155	3	22	8	49	0
1.544	1	14	155	5	22	8	49	0
1.546	1	14	155	7	22	8	49	0
1.547	1	14	155	8	22	8	49	0
1.549	1	14	155	10	22	8	49	0
1.551	1	14	156	2	22	8	49	0
1.553	1	14	156	4	22	8	49	0
1.555	1	14	156	6	22	8	49	0
1.557	1	14	156	8	22	8	49	0
1.559	1	14	156	10	22	8	49	0
1.561	1	14	157	2	22	8	49	0
1.562	1	14	157	3	22	8	49	0
1.564	1	14	157	5	22	8	49	0
1.566	1	14	157	7	22	8	49	0
1.568	1	14	157	9	22	8	49	0
1.57	1	14	158	1	22	8	49	0
1.572	1	14	158	3	22	8	49	0
1.574	1	14	158	5	22	8	49	0
1.576	1	14	158	7	22	8	49	0
1.577	1	14	158	8	22	8	49	0
1.579	1	14	158	10	22	8	49	0
1.581	1	14	159	2	22	8	49	0
1.583	1	14	159	4	22	8	49	0
1.585	1	14	159	6	22	8	49	0
1.587	1	14	159	8	22	8	49	0
1.589	1	14	159	10	22	8	49	0
1.591	1	14	160	2	22	8	49	0
1.592	1	14	160	3	22	8	49	0
1.594	1	14	160	5	22	8	49	0
1.596	1	14	160	7	22	8	49	0
1.598	1	14	160	9	22	8	49	0
1.6	1	14	161	1	22	8	49	0
1.602	1	14	161	3	22	8	49	0
1.604	1	14	161	5	22	8	49	0
1.606	1	14	161	7	22	8	49	0
1.607	1	14	161	8	22	8	49	0
1.609	1	14	161	10	22	8	49	0
1.611	1	14	162	2	22	8	49	0
1.613	1	14	162	4	22	8	49	0
1.615	1	14	162	6	22	8	49	0
1.617	1	14	162	8	22	8	49	0
1.619	1	14	162	10	22	8	49	0
1.621	1	14	163	2	22	8	49	0
1.622	1	14	163	3	22	8	49	0
1.624	1	14	163	5	22	8	49	0
1.626	1	14	163	7	22	8	49	0
1.628	1	14	163	9	22	8	49	0
1.63	1	14	164	1	22	8	49	0
1.632	1	14	164	3	22	8	49	0
1.634	1	14	164	5	22	8	49	0
1.636	1	14	164	7	22	8	49	0
1.637	1	14	164	8	22	8	49	0
1.639	1	14	164	10	22	8	49	0
1.641	1	14	165	2	22	8	49	0
1.643	1	14	165	4	22	8	49	0
1.645	1	14	165	6	22	8	49	0
1.647	1	14	165	8	22	8	49	0
1.649	1	14	165	10	22	8	49	0
1.651	1	14	166	2	22	8	49	0
1.652	1	14	166	3	22	8	49	0
1.654	1	14	166	5	22	8	49	0
1.656	1	14	166	7	22	8	49	0
1.658	1	14	166	9	22	8	49	0
1.66	1	14	167	1	22	8	49	0
1.662	1	14	167	3	22	8	49	0
1.664	1	14	167	5	22	8	49	0
1.666	1	14	167	7	22	8	49	0
1.667	1	14	167	8	22	8	49	0
1.669	1	14	167	10	22	8	49	0
1.671	1	14	168	2	22	8	49	0
1.673	1	14	168	4	22	8	49	0
1.675	1	14	168	6	22	8	49	0
1.677	1	14	168	8	22	8	49	0
1.679	1	14	168	10	22	8	49	0
1.681	1	14	169	2	22	8	49	0
1.682	1	14	169	3	22	8	49	0
1.684	1	14	169	5	22	8	49	0
1.686	1	14	169	7	22	8	49	0
1.688	1	14	169	9	22	8	49	0
1.69	1	14	170	1	22	8	49	0
1.692	1	14	170	3	22	8	49	0
1.694	1	14	170	5	22	8	49	0
1.696	1	14	170	7	22	8	49	0
1.697	1	14	170	8	22	8	49	0
1.699	1	14	170	10	22	8	49	0
1.701	1	14	171	2	22	8	49	0
1.703	1	14	171	4	22	8	49	0
1.705	1	14	171	6	22	8	49	0
1.707	1	14	171	8	22	8	49	0
1.709	1	14	171	10	22	8	49	0
1.711	1	14	172	2	22	8	49	0
1.712	1	14	172	3	22	8	49	0
1.714	1	14	172	5	22	8	49	0
1.716	1	14	172	7	22	8	49	0
1.718	1	14	172	9	22	8	49	0
1.72	1	14	173	1	22	8	49	0
1.722	1	14	173	3	22	8	49	0
1.724	1	14	173	5	22	8	49	0
1.726	1	14	173	7	22	8	49	0
1.727	1	14	173	8	22	8	49	0
1.729	1	14	173	10	22	8	49	0
1.731	1	14	174	2	22	8	49	0
1.733	1	14	174	4	22	8	49	0
1.735	1	14	174	6	22	8	49	0
1.737	1	14	174	8	22	8	49	0
1.739	1	14	174	10	22	8	49	0
1.741	1	14	175	2	22	8	49	0
1.742	1	14	175	3	22	8	49	0
1.744	1	14	175	5	22	8	49	0
1.746	1	14	175	7	22	8	49	0
1.748	1	14	175	9	22	8	49	0
1.75	1	14	176	1	22	8	49	0
1.752	1	14	176	3	22	8	49	0
1.754	1	14	176	5	22	8	49	0
1.756	1	14	176	7	22	8	49	0
1.757	1	14	176	8	22	8	49	0
1.759	1	14	176	10	22	8	49	0
1.761	1	14	177	2	22	8	49	0
1.763	1	14	177	4	22	8	49	0
1.765	1	14	177	6	22	8	49	0
1.767	1	14	177	8	22	8	49	0
1.769	1	14	177	10	22	8	49	0
1.771	1	14	178	2	22	8	49	0
1.772	1	14	178	3	22	8	49	0
1.774	1	14	178	5	22	8	49	0
1.776	1	14	178	7	22	8	49	0
1.778	1	14	178	9	22	8	49	0
1.78	1	14	179	1	22	8	49	0
1.782	1	14	179	3	22	8	49	0
1.784	1	14	179	5	22	8	49	0
1.786	1	14	179	7	22	8	49	0
1.787	1	14	179	8	22	8	49	0
1.789	1	14	179	10	22	8	49	0
1.791	1	14	180	2	22	8	49	0
1.793	1	14	180	4	22	8	49	0
1.795	1	14	180	6	22	8	49	0
1.797	1	14	180	8	22	8	49	0
1.799	1	14	180	10	22	8	49	0
1.801	1	14	181	2	22	8	49	0
1.802	1	14	181	3	22	8	49	0
1.804	1	14	181	5	22	8	49	0
1.806	1	14	181	7	22	8	49	0
1.808	1	14	181	9	22	8	49	0
1.81	1	14	182	1	22	8	49	0
1.812	1	14	182	3	22	8	49	0
1.814	1	14	182	5	22	8	49	0
1.816	1	14	182	7	22	8	49	0
1.817	1	14	182	8	22	8	49	0
1.819	1	14	182	10	22	8	49	0
1.821	1	14	183	2	22	8	49	0
1.823	1	14	183	4	22	8	49	0
1.825	1	14	183	6	22	8	49	0
1.827	1	14	183	8	22	8	49	0
1.829	1	14	183	10	22	8	49	0
1.831	1	14	184	2	22	8	49	0
1.832	1	14	184	3	22	8	49	0
1.834	1	14	184	5	22	8	49	0
1.836	1	14	184	7	22	8	49	0
1.838	1	14	184	9	22	8	49	0
1.84	1	14	185	1	22	8	49	0
1.842	1	14	185	3	22	8	49	0
1.844	1	14	185	5	22	8	49	0
1.846	1	14	185	7	22	8	49	0
1.847	1	14	185	8	22	8	49	0
1.849	1	14	185	10	22	8	49	0
1.851	1	14	186	2	22	8	49	0
1.853	1	14	186	4	22	8	49	0
1.855	1	14	186	6	22	8	49	0
1.857	1	14	186	8	22	8	49	0
1.859	1	14	186	10	22	8	49	0
1.861	1	14	187	2	22	8	49	0
1.862	1	14	187	3	22	8	49	0
1.864	1	14	187	5	22	8	49	0
1.866	1	14	187	7	22	8	49	0
1.868	1	14	187	9	22	8	49	0
1.87	1	14	188	1	22	8	49	0
1.872	1	14	188	3	22	8	49	0
1.874	1	14	188	5	22	8	49	0
1.876	1	14	188	7	22	8	49	0
1.877	1	14	188	8	22	8	49	0
1.879	1	14	188	10	22	8	49	0
1.881	1	14	189	2	22	8	49	0
1.883	1	14	189	4	22	8	49	0
1.885	1	14	189	6	22	8	49	0
1.887	1	14	189	8	22	8	49	0
1.889	1	14	189	10	22	8	49	0
1.891	1	14	190	2	22	8	49	0
1.892	1	14	190	3	22	8	49	0
1.894	1	14	190	5	22	8	49	0
1.896	1	14	190	7	22	8	49	0
1.898	1	14	190	9	22	8	49	0
1.9	1	14	191	1	22	8	49	0
1.902	1	14	191	3	22	8	49	0
1.904	1	14	191	5	22	8	49	0
1.906	1	14	191	7	22	8	49	0
1.907	1	14	191	8	22	8	49	0
1.909	1	14	191	10	22	8	49	0
1.911	1	14	192	2	22	8	49	0
1.913	1	14	192	4	22	8	49	0
1.915	1	14	192	6	22	8	49	0
1.917	1	14	192	8	22	8	49	0
1.919	1	14	192	10	22	8	49	0
1.921	1	14	193	2	22	8	49	0
1.922	1	14	193	3	22	8	49	0
1.924	1	14	193	5	22	8	49	0
1.926	1	14	193	7	22	8	49	0
1.928	1	14	193	9	22	8	49	0
1.93	1	14	194	1	22	8	49	0
1.932	1	14	194	3	22	8	49	0
1.934	1	14	194	5	22	8	49	0
1.936	1	14	194	7	22	8	49	0
1.937	1	14	194	8	22	8	49	0
1.939	1	14	194	10	22	8	49	0
1.941	1	14	195	2	22	8	49	0
1.943	1	14	195	4	22	8	49	0
1.945	1	14	195	6	22	8	49	0
1.947	1	14	195	8	22	8	49	0
1.949	1	14	195	10	22	8	49	0
1.951	1	14	196	2	22	8	49	0
1.952	1	14	196	3	22	8	49	0
1.954	1	14	196	5	22	8	49	0
1.956	1	14	196	7	22	8	49	0
1.958	1	14	196	9	22	8	49	0
1.96	1	14	197	1	22	8	49	0
1.962	1	14	197	3	22	8	49	0
1.964	1	14	197	5	22	8	49	0
1.966	1	14	197	7	22	8	49	0
1.967	1	14	197	8	22	8	49	0
1.969	1	14	197	10	22	8	49	0
1.971	1	14	198	2	22	8	49	0
1.973	1	14	198	4	22	8	49	0
1.975	1	14	198	6	22	8	49	0
1.977	1	14	198	8	22	8	49	0
1.979	1	14	198	10	22	8	49	0
1.981	1	14	199	2	22	8	49	0
1.982	1	14	199	3	22	8	49	0
1.984	1	14	199	5	22	8	49	0
1.986	1	14	199	7	22	8	49	0
1.988	1	14	199	9	22	8	49	0
1.99	1	14	200	1	22	8	49	0
1.992	1	14	200	3	22	8	49	0
1.994	1	14	200	5	22	8	49	0
1.996	1	14	200	7	22	8	49	0
1.997	1	14	200	8	22	8	49	0
1.999	1	14	200	10	22	8	49	0
2.001	1	14	201	2	22	8	49	0
2.003	1	14	201	4	22	8	49	0
2.005	1	14	201	6	22	8	49	0
2.007	1	14	201	8	22	8	49	0
2.009	1	14	201	10	22	8	49	0
2.011	1	14	202	2	22	8	49	0
2.012	1	14	202	3	22	8	49	0
2.014	1	14	202	5	22	8	49	0
2.016	1	14	202	7	22	8	49	0
2.018	1	14	202	9	22	8	49	0
2.02	1	14	203	1	22	8	49	0
2.022	1	14	203	3	22	8	49	0
2.024	1	14	203	5	22	8	49	0
2.026	1	14	203	7	22	8	49	0
2.027	1	14	203	8	22	8	49	0
2.029	1	14	203	10	22	8	49	0
2.031	1	14	204	2	22	8	49	0
2.033	1	14	204	4	22	8	49	0
2.035	1	14	204	6	22	8	49	0
2.037	1	14	204	8	22	8	49	0
2.039	1	14	204	10	22	8	49	0
2.041	1	14	205	2	22	8	49	0
2.042	1	14	205	3	22	8	49	0
2.044	1	14	205	5	22	8	49	0
2.046	1	14	205	7	22	8	49	0
2.048	1	14	205	9	22	8	49	0
2.05	1	14	206	1	22	8	49	0
2.052	1	14	206	3	22	8	49	0
2.054	1	14	206	5	22	8	49	0
2.056	1	14	206	7	22	8	49	0
2.057	1	14	206	8	22	8	49	0
2.059	1	14	206	10	22	8	49	0
2.061	1	14	207	2	22	8	49	0
2.063	1	14	207	4	22	8	49	0
2.065	1	14	207	6	22	8	49	0
2.067	1	14	207	8	22	8	49	0
2.069	1	14	207	10	22	8	49	0
2.071	1	14	208	2	22	8	49	0
2.072	1	14	208	3	22	8	49	0
2.074	1	14	208	5	22	8	49	0
2.076	1	14	208	7	22	8	49	0
2.078	1	14	208	9	22	8	49	0
2.08	1	14	209	1	22	8	49	0
2.082	1	14	209	3	22	8	49	0
2.084	1	14	209	5	22	8	49	0
2.086	1	14	209	7	22	8	49	0
2.087	1	14	209	8	22	8	49	0
2.089	1	14	209	10	22	8	49	0
2.091	1	14	210	2	22	8	49	0
2.093	1	14	210	4	22	8	49	0
2.095	1	14	210	6	22	8	49	0
2.097	1	14	210	8	22	8	49	0
2.099	1	14	210	10	22	8	49	0
2.101	1	14	211	2	22	8	49	0
2.102	1	14	211	3	22	8	49	0
2.104	1	14	211	5	22	8	49	0
2.106	1	14	211	7	22	8	49	0
2.108	1	14	211	9	22	8	49	0
2.11	1	14	212	1	22	8	49	0
2.112	1	14	212	3	22	8	49	0
2.114	1	14	212	5	22	8	49	0
2.116	1	14	212	7	22	8	49	0
2.117	1	14	212	8	22	8	49	0
2.119	1	14	212	10	22	8	49	0
2.121	1	14	213	2	22	8	49	0
2.123	1	14	213	4	22	8	49	0
2.125	1	14	213	6	22	8	49	0
2.127	1	14	213	8	22	8	49	0
2.129	1	14	213	10	22	8	49	0
2.131	1	14	214	2	22	8	49	0
2.132	1	14	214	3	22	8	49	0
2.134	1	14	214	5	22	8	49	0
2.136	1	14	214	7	22	8	49	0
2.138	1	14	214	9	22	8	49	0
2.14	1	14	215	1	22	8	49	0
2.142	1	14	215	3	22	8	49	0
2.144	1	14	215	5	22	8	49	0
2.146	1	14	215	7	22	8	49	0
2.147	1	14	215	8	22	8	49	0
2.149	1	14	215	10	22	8	49	0
2.151	1	14	216	2	22	8	49	0
2.153	1	14	216	4	22	8	49	0
2.155	1	14	216	6	22	8	49	0
2.157	1	14	216	8	22	8	49	0
2.159	1	14	216	10	22	8	49	0
2.161	1	14	217	2	22	8	49	0
2.162	1	14	217	3	22	8	49	0
2.164	1	14	217	5	22	8	49	0
2.166	1	14	217	7	22	8	49	0
2.168	1	14	217	9	22	8	49	0
2.17	1	14	218	1	22	8	49	0
2.172	1	14	218	3	22	8	49	0
2.174	1	14	218	5	22	8	49	0
2.176	1	14	218	7	22	8	49	0
2.177	1	14	218	8	22	8	49	0
2.179	1	14	218	10	22	8	49	0
2.181	1	14	219	2	22	8	49	0
2.183	1	14	219	4	22	8	49	0
2.185	1	14	219	6	22	8	49	0
2.187	1	14	219	8	22	8	49	0
2.189	1	14	219	10	22	8	49	0
2.191	1	14	220	2	22	8	49	0
2.192	1	14	220	3	22	8	49	0
2.194	1	14	220	5	22	8	49	0
2.196	1	14	220	7	22	8	49	0
2.198	1	14	220	9	22	8	49	0
2.2	1	14	221	1	22	8	49	0
2.202	1	14	221	3	22	8	49	0
2.204	1	14	221	5	22	8	49	0
2.206	1	14	221	7	22	8	49	0
2.207	1	14	221	8	22	8	49	0
2.209	1	14	221	10	22	8	49	0
2.211	1	14	222	2	22	8	49	0
2.213	1	14	222	4	22	8	49	0
2.215	1	14	222	6	22	8	49	0
2.217	1	14	222	8	22	8	49	0
2.219	1	14	222	10	22	8	49	0
2.221	1	14	223	2	22	8	49	0
2.222	1	14	223	3	22	8	49	0
2.224	1	14	223	5	22	8	49	0
2.226	1	14	223	7	22	8	49	0
2.228	1	14	223	9	22	8	49	0
2.23	1	14	224	1	22	8	49	0
2.232	1	14	224	3	22	8	49	0
2.234	1	14	224	5	22	8	49	0
2.236	1	14	224	7	22	8	49	0
2.237	1	14	224	8	22	8	49	0
2.239	1	14	224	10	22	8	49	0
2.241	1	14	225	2	22	8	49	0
2.243	1	14	225	4	22	8	49	0
2.245	1	14	225	6	22	8	49	0
2.247	1	14	225	8	22	8	49	0
2.249	1	14	225	10	22	8	49	0
2.251	1	14	226	2	22	8	49	0
2.252	1	14	226	3	22	8	49	0
2.254	1	14	226	5	22	8	49	0
2.256	1	14	226	7	22	8	49	0
2.258	1	14	226	9	22	8	49	0
2.26	1	14	227	1	22	8	49	0
2.262	1	14	227	3	22	8	49	0
2.264	1	14	227	5	22	8	49	0
2.266	1	14	227	7	22	8	49	0
2.267	1	14	227	8	22	8	49	0
2.269	1	14	227	10	22	8	49	0
2.271	1	14	228	2	22	8	49	0
2.273	1	14	228	4	22	8	49	0
2.275	1	14	228	6	22	8	49	0
2.277	1	14	228	8	22	8	49	0
2.279	1	14	228	10	22	8	49	0
2.281	1	14	229	2	22	8	49	0
2.282	1	14	229	3	22	8	49	0
2.284	1	14	229	5	22	8	49	0
2.286	1	14	229	7	22	8	49	0
2.288	1	14	229	9	22	8	49	0
2.29	1	14	230	1	22	8	49	0
2.292	1	14	230	3	22	8	49	0
2.294	1	14	230	5	22	8	49	0
2.296	1	14	230	7	22	8	49	0
2.297	1	14	230	8	22	8	49	0
2.299	1	14	230	10	22	8	49	0
2.301	1	14	231	2	22	8	49	0
2.303	1	14	231	4	22	8	49	0
2.305	1	14	231	6	22	8	49	0
2.307	1	14	231	8	22	8	49	0
2.309	1	14	231	10	22	8	49	0
2.311	1	14	232	2	22	8	49	0
2.312	1	14	232	3	22	8	49	0
2.314	1	14	232	5	22	8	49	0
2.316	1	14	232	7	22	8	49	0
2.318	1	14	232	9	22	8	49	0
2.32	1	14	233	1	22	8	49	0
2.322	1	14	233	3	22	8	49	0
2.324	1	14	233	5	22	8	49	0
2.326	1	14	233	7	22	8	49	0
2.327	1	14	233	8	22	8	49	0
2.329	1	14	233	10	22	8	49	0
2.331	1	14	234	2	22	8	49	0
2.333	1	14	234	4	22	8	49	0
2.335	1	14	234	6	22	8	49	0
2.337	1	14	234	8	22	8	49	0
2.339	1	14	234	10	22	8	49	0
2.341	1	14	235	2	22	8	49	0
2.342	1	14	235	3	22	8	49	0
2.344	1	14	235	5	22	8	49	0
2.346	1	14	235	7	22	8	49	0
2.348	1	14	235	9	22	8	49	0
2.35	1	14	236	1	22	8	49	0
2.352	1	14	236	3	22	8	49	0
2.354	1	14	236	5	22	8	49	0
2.356	1	14	236	7	22	8	49	0
2.357	1	14	236	8	22	8	49	0
2.359	1	14	236	10	22	8	49	0
2.361	1	14	237	2	22	8	49	0
2.363	1	14	237	4	22	8	49	0
2.365	1	14	237	6	22	8	49	0
2.367	1	14	237	8	22	8	49	0
2.369	1	14	237	10	22	8	49	0
2.371	1	14	238	2	22	8	49	0
2.372	1	14	238	3	22	8	49	0
2.374	1	14	238	5	22	8	49	0
2.376	1	14	238	7	22	8	49	0
2.378	1	14	238	9	22	8	49	0
2.38	1	14	239	1	22	8	49	0
2.382	1	14	239	3	22	8	49	0
2.384	1	14	239	5	22	8	49	0
2.386	1	14	239	7	22	8	49	0
2.387	1	14	239	8	22	8	49	0
2.389	1	14	239	10	22	8	49	0
2.391	1	14	240	2	22	8	49	0
2.393	1	14	240	4	22	8	49	0
2.395	1	14	240	6	22	8	49	0
2.397	1	14	240	8	22	8	49	0
2.399	1	14	240	10	22	8	49	0
2.401	1	14	241	2	22	8	49	0
2.402	1	14	241	3	22	8	49	0
2.404	1	14	241	5	22	8	49	0
2.406	1	14	241	7	22	8	49	0
2.408	1	14	241	9	22	8	49	0
2.41	1	14	242	1	22	8	49	0
2.412	1	14	242	3	22	8	49	0
2.414	1	14	242	5	22	8	49	0
2.416	1	14	242	7	22	8	49	0
2.417	1	14	242	8	22	8	49	0
2.419	1	14	242	10	22	8	49	0
2.421	1	14	243	2	22	8	49	0
2.423	1	14	243	4	22	8	49	0
2.425	1	14	243	6	22	8	49	0
2.427	1	14	243	8	22	8	49	0
2.429	1	14	243	10	22	8	49	0
2.431	1	14	244	2	22	8	49	0
2.432	1	14	244	3	22	8	49	0
2.434	1	14	244	5	22	8	49	0
2.436	1	14	244	7	22	8	49	0
2.438	1	14	244	9	22	8	49	0
2.44	1	14	245	1	22	8	49	0
2.442	1	14	245	3	22	8	49	0
2.444	1	14	245	5	22	8	49	0
2.446	1	14	245	7	22	8	49	0
2.447	1	14	245	8	22	8	49	0
2.449	1	14	245	10	22	8	49	0
2.451	1	14	246	2	22	8	49	0
2.453	1	14	246	4	22	8	49	0
2.455	1	14	246	6	22	8	49	0
2.457	1	14	246	8	22	8	49	0
2.459	1	14	246	10	22	8	49	0
2.461	1	14	247	2	22	8	49	0
2.462	1	14	247	3	22	8	49	0
2.464	1	14	247	5	22	8	49	0
2.466	1	14	247	7	22	8	49	0
2.468	1	14	247	9	22	8	49	0
2.47	1	14	248	1	22	8	49	0
2.472	1	14	248	3	22	8	49	0
2.474	1	14	248	5	22	8	49	0
2.476	1	14	248	7	22	8	49	0
2.477	1	14	248	8	22	8	49	0
2.479	1	14	248	10	22	8	49	0
2.481	1	14	249	2	22	8	49	0
2.483	1	14	249	4	22	8	49	0
2.485	1	14	249	6	22	8	49	0
2.487	1	14	249	8	22	8	49	0
2.489	1	14	249	10	22	8	49	0
2.491	1	14	250	2	22	8	49	0
2.492	1	14	250	3	22	8	49	0
2.494	1	14	250	5	22	8	49	0
2.496	1	14	250	7	22	8	49	0
2.498	1	14	250	9	22	8	49	0
2.5	1	14	251	1	22	8	49	0
2.502	1	14	251	3	22	8	49	0
2.504	1	14	251	5	22	8	49	0
2.506	1	14	251	7	22	8	49	0
2.507	1	14	251	8	22	8	49	0
2.509	1	14	251	10	22	8	49	0
2.511	1	14	252	2	22	8	49	0
2.513	1	14	252	4	22	8	49	0
2.515	1	14	252	6	22	8	49	0
2.517	1	14	252	8	22	8	49	0
2.519	1	14	252	10	22	8	49	0
2.521	1	14	253	2	22	8	49	0
2.522	1	14	253	3	22	8	49	0
2.524	1	14	253	5	22	8	49	0
2.526	1	14	253	7	22	8	49	0
2.528	1	14	253	9	22	8	49	0
2.53	1	14	254	1	22	8	49	0
2.532	1	14	254	3	22	8	49	0
2.534	1	14	254	5	22	8	49	0
2.536	1	14	254	7	22	8	49	0
2.537	1	14	254	8	22	8	49	0
2.539	1	14	254	10	22	8	49	0
2.541	1	14	255	2	22	8	49	0
2.543	1	14	255	4	22	8	49	0
2.545	1	14	255	6	22	8	49	0
2.547	1	14	255	8	22	8	49	0
2.549	1	14	255	10	22	8	49	0
2.551	1	14	256	2	22	8	49	0
2.552	1	14	256	3	22	8	49	0
2.554	1	14	256	5	22	8	49	0
2.556	1	14	256	7	22	8	49	0
2.558	1	14	256	9	22	8	49	0
2.56	1	14	257	1	22	8	49	0
2.562	1	14	257	3	22	8	49	0
2.564	1	14	257	5	22	8	49	0
2.566	1	14	257	7	22	8	49	0
2.567	1	14	257	8	22	8	49	0
2.569	1	14	257	10	22	8	49	0
2.571	1	14	258	2	22	8	49	0
2.573	1	14	258	4	22	8	49	0
2.575	1	14	258	6	22	8	49	0
2.577	1	14	258	8	22	8	49	0
2.579	1	14	258	10	22	8	49	0
2.581	1	14	259	2	22	8	49	0
2.582	1	14	259	3	22	8	49	0
2.584	1	14	259	5	22	8	49	0
2.586	1	14	259	7	22	8	49	0
2.588	1	14	259	9	22	8	49	0
2.59	1	14	260	1	22	8	49	0
2.592	1	14	260	3	22	8	49	0
2.594	1	14	260	5	22	8	49	0
2.596	1	14	260	7	22	8	49	0
2.597	1	14	260	8	22	8	49	0
2.599	1	14	260	10	22	8	49	0
2.601	1	14	261	2	22	8	49	0
2.603	1	14	261	4	22	8	49	0
2.605	1	14	261	6	22	8	49	0
2.607	1	14	261	8	22	8	49	0
2.609	1	14	261	10	22	8	49	0
2.611	1	14	262	2	22	8	49	0
2.612	1	14	262	3	22	8	49	0
2.614	1	14	262	5	22	8	49	0
2.616	1	14	262	7	22	8	49	0
2.618	1	14	262	9	22	8	49	0
2.62	1	14	263	1	22	8	49	0
2.622	1	14	263	3	22	8	49	0
2.624	1	14	263	5	22	8	49	0
2.626	1	14	263	7	22	8	49	0
2.627	1	14	263	8	22	8	49	0
2.629	1	14	263	10	22	8	49	0
2.631	1	14	264	2	22	8	49	0
2.633	1	14	264	4	22	8	49	0
2.635	1	14	264	6	22	8	49	0
2.637	1	14	264	8	22	8	49	0
2.639	1	14	264	10	22	8	49	0
2.641	1	14	265	2	22	8	49	0
2.642	1	14	265	3	22	8	49	0
2.644	1	14	265	5	22	8	49	0
2.646	1	14	265	7	22	8	49	0
2.648	1	14	265	9	22	8	49	0
2.65	1	14	266	1	22	8	49	0
2.652	1	14	266	3	22	8	49	0
2.654	1	14	266	5	22	8	49	0
2.656	1	14	266	7	22	8	49	0
2.657	1	14	266	8	22	8	49	0
2.659	1	14	266	10	22	8	49	0
2.661	1	14	267	2	22	8	49	0
2.663	1	14	267	4	22	8	49	0
2.665	1	14	267	6	22	8	49	0
2.667	1	14	267	8	22	8	49	0
2.669	1	14	267	10	22	8	49	0
2.671	1	14	268	2	22	8	49	0
2.672	1	14	268	3	22	8	49	0
2.674	1	14	268	5	22	8	49	0
2.676	1	14	268	7	22	8	49	0
2.678	1	14	268	9	22	8	49	0
2.68	1	14	269	1	22	8	49	0
2.682	1	14	269	3	22	8	49	0
2.684	1	14	269	5	22	8	49	0
2.686	1	14	269	7	22	8	49	0
2.687	1	14	269	8	22	8	49	0
2.689	1	14	269	10	22	8	49	0
2.691	1	14	270	2	22	8	49	0
2.693	1	14	270	4	22	8	49	0
2.695	1	14	270	6	22	8	49	0
2.697	1	14	270	8	22	8	49	0
2.699	1	14	270	10	22	8	49	0
2.701	1	14	271	2	22	8	49	0
2.702	1	14	271	3	22	8	49	0
2.704	1	14	271	5	22	8	49	0
2.706	1	14	271	7	22	8	49	0
2.708	1	14	271	9	22	8	49	0
2.71	1	14	272	1	22	8	49	0
2.712	1	14	272	3	22	8	49	0
2.714	1	14	272	5	22	8	49	0
2.716	1	14	272	7	22	8	49	0
2.717	1	14	272	8	22	8	49	0
2.719	1	14	272	10	22	8	49	0
2.721	1	14	273	2	22	8	49	0
2.723	1	14	273	4	22	8	49	0
2.725	1	14	273	6	22	8	49	0
2.727	1	14	273	8	22	8	49	0
2.729	1	14	273	10	22	8	49	0
2.731	1	14	274	2	22	8	49	0
2.732	1	14	274	3	22	8	49	0
2.734	1	14	274	5	22	8	49	0
2.736	1	14	274	7	22	8	49	0
2.738	1	14	274	9	22	8	49	0
2.74	1	14	275	1	22	8	49	0
2.742	1	14	275	3	22	8	49	0
2.744	1	14	275	5	22	8	49	0
2.746	1	14	275	7	22	8	49	0
2.747	1	14	275	8	22	8	49	0
2.749	1	14	275	10	22	8	49	0
2.751	1	14	276	2	22	8	49	0
2.753	1	14	276	4	22	8	49	0
2.755	1	14	276	6	22	8	49	0
2.757	1	14	276	8	22	8	49	0
2.759	1	14	276	10	22	8	49	0
2.761	1	14	277	2	22	8	49	0
2.762	1	14	277	3	22	8	49	0
2.764	1	14	277	5	22	8	49	0
2.766	1	14	277	7	22	8	49	0
2.768	1	14	277	9	22	8	49	0
2.77	1	14	278	1	22	8	49	0
2.772	1	14	278	3	22	8	49	0
2.774	1	14	278	5	22	8	49	0
2.776	1	14	278	7	22	8	49	0
2.777	1	14	278	8	22	8	49	0
2.779	1	14	278	10	22	8	49	0
2.781	1	14	279	2	22	8	49	0
2.783	1	14	279	4	22	8	49	0
2.785	1	14	279	6	22	8	49	0
2.787	1	14	279	8	22	8	49	0
2.789	1	14	279	10	22	8	49	0
2.791	1	14	280	2	22	8	49	0
2.792	1	14	280	3	22	8	49	0
2.794	1	14	280	5	22	8	49	0
2.796	1	14	280	7	22	8	49	0
2.798	1	14	280	9	22	8	49	0
2.8	1	14	281	1	22	8	49	0
2.802	1	14	281	3	22	8	49	0
2.804	1	14	281	5	22	8	49	0
2.806	1	14	281	7	22	8	49	0
2.807	1	14	281	8	22	8	49	0
2.809	1	14	281	10	22	8	49	0
2.811	1	14	282	2	22	8	49	0
2.813	1	14	282	4	22	8	49	0
2.815	1	14	282	6	22	8	49	0
2.817	1	14	282	8	22	8	49	0
2.819	1	14	282	10	22	8	49	0
2.821	1	14	283	2	22	8	49	0
2.822	1	14	283	3	22	8	49	0
2.824	1	14	283	5	22	8	49	0
2.826	1	14	283	7	22	8	49	0
2.828	1	14	283	9	22	8	49	0
2.83	1	14	284	1	22	8	49	0
2.832	1	14	284	3	22	8	49	0
2.834	1	14	284	5	22	8	49	0
2.836	1	14	284	7	22	8	49	0
2.837	1	14	284	8	22	8	49	0
2.839	1	14	284	10	22	8	49	0
2.841	1	14	285	2	22	8	49	0
2.843	1	14	285	4	22	8	49	0
2.845	1	14	285	6	22	8	49	0
2.847	1	14	285	8	22	8	49	0
2.849	1	14	285	10	22	8	49	0
2.851	1	14	286	2	22	8	49	0
2.852	1	14	286	3	22	8	49	0
2.854	1	14	286	5	22	8	49	0
2.856	1	14	286	7	22	8	49	0
2.858	1	14	286	9	22	8	49	0
2.86	1	14	287	1	22	8	49	0
2.862	1	14	287	3	22	8	49	0
2.864	1	14	287	5	22	8	49	0
2.866	1	14	287	7	22	8	49	0
2.867	1	14	287	8	22	8	49	0
2.869	1	14	287	10	22	8	49	0
2.871	1	14	288	2	22	8	49	0
2.873	1	14	288	4	22	8	49	0
2.875	1	14	288	6	22	8	49	0
2.877	1	14	288	8	22	8	49	0
2.879	1	14	288	10	22	8	49	0
2.881	1	14	289	2	22	8	49	0
2.882	1	14	289	3	22	8	49	0
2.884	1	14	289	5	22	8	49	0
2.886	1	14	289	7	22	8	49	0
2.888	1	14	289	9	22	8	49	0
2.89	1	14	290	1	22	8	49	0
2.892	1	14	290	3	22	8	49	0
2.894	1	14	290	5	22	8	49	0
2.896	1	14	290	7	22	8	49	0
2.897	1	14	290	8	22	8	49	0
2.899	1	14	290	10	22	8	49	0
2.901	1	14	291	2	22	8	49	0
2.903	1	14	291	4	22	8	49	0
2.905	1	14	291	6	22	8	49	0
2.907	1	14	291	8	22	8	49	0
2.909	1	14	291	10	22	8	49	0
2.911	1	14	292	2	22	8	49	0
2.912	1	14	292	3	22	8	49	0
2.914	1	14	292	5	22	8	49	0
2.916	1	14	292	7	22	8	49	0
2.918	1	14	292	9	22	8	49	0
2.92	1	14	293	1	22	8	49	0
2.922	1	14	293	3	22	8	49	0
2.924	1	14	293	5	22	8	49	0
2.926	1	14	293	7	22	8	49	0
2.927	1	14	293	8	22	8	49	0
2.929	1	14	293	10	22	8	49	0
2.931	1	14	294	2	22	8	49	0
2.933	1	14	294	4	22	8	49	0
2.935	1	14	294	6	22	8	49	0
2.937	1	14	294	8	22	8	49	0
2.939	1	14	294	10	22	8	49	0
2.941	1	14	295	2	22	8	49	0
2.942	1	14	295	3	22	8	49	0
2.944	1	14	295	5	22	8	49	0
2.946	1	14	295	7	22	8	49	0
2.948	1	14	295	9	22	8	49	0
2.95	1	14	296	1	22	8	49	0
2.952	1	14	296	3	22	8	49	0
2.954	1	14	296	5	22	8	49	0
2.956	1	14	296	7	22	8	49	0
2.957	1	14	296	8	22	8	49	0
2.959	1	14	296	10	22	8	49	0
2.961	1	14	297	2	22	8	49	0
2.963	1	14	297	4	22	8	49	0
2.965	1	14	297	6	22	8	49	0
2.967	1	14	297	8	22	8	49	0
2.969	1	14	297	10	22	8	49	0
2.971	1	14	298	2	22	8	49	0
2.972	1	14	298	3	22	8	49	0
2.974	1	14	298	5	22	8	49	0
2.976	1	14	298	7	22	8	49	0
2.978	1	14	298	9	22	8	49	0
2.98	1	14	299	1	22	8	49	0
2.982	1	14	299	3	22	8	49	0
2.984	1	14	299	5	22	8	49	0
2.986	1	14	299	7	22	8	49	0
2.987	1	14	299	8	22	8	49	0
2.989	1	14	299	10	22	8	49	0
2.991	1	14	300	2	22	8	49	0
2.993	1	14	300	4	22	8	49	0
2.995	1	14	300	6	22	8	49	0
2.997	1	14	300	8	22	8	49	0
2.999	1	14	300	10	22	8	49	0
3.001	1	14	301	2	22	8	49	0
3.002	1	14	301	3	22	8	49	0
3.004	1	14	301	5	22	8	49	0
3.006	1	14	301	7	22	8	49	0
3.008	1	14	301	9	22	8	49	0
3.01	1	14	302	1	22	8	49	0
3.012	1	14	302	3	22	8	49	0
3.014	1	14	302	5	22	8	49	0
3.016	1	14	302	7	22	8	49	0
3.017	1	14	302	8	22	8	49	0
3.019	1	14	302	10	22	8	49	0
3.021	1	14	303	2	22	8	49	0
3.023	1	14	303	4	22	8	49	0
3.025	1	14	303	6	22	8	49	0
3.027	1	14	303	8	22	8	49	0
3.029	1	14	303	10	22	8	49	0
3.031	1	14	304	2	22	8	49	0
3.032	1	14	304	3	22	8	49	0
3.034	1	14	304	5	22	8	49	0
3.036	1	14	304	7	22	8	49	0
3.038	1	14	304	9	22	8	49	0
3.04	1	14	305	1	22	8	49	0
3.042	1	14	305	3	22	8	49	0
3.044	1	14	305	5	22	8	49	0
3.046	1	14	305	7	22	8	49	0
3.047	1	14	305	8	22	8	49	0
3.049	1	14	305	10	22	8	49	0
3.051	1	14	306	2	22	8	49	0
3.053	1	14	306	4	22	8	49	0
3.055	1	14	306	6	22	8	49	0
3.057	1	14	306	8	22	8	49	0
3.059	1	14	306	10	22	8	49	0
3.061	1	14	307	2	22	8	49	0
3.062	1	14	307	3	22	8	49	0
3.064	1	14	307	5	22	8	49	0
3.066	1	14	307	7	22	8	49	0
3.068	1	14	307	9	22	8	49	0
3.07	1	14	308	1	22	8	49	0
3.072	1	14	308	3	22	8	49	0
3.074	1	14	308	5	22	8	49	0
3.076	1	14	308	7	22	8	49	0
3.077	1	14	308	8	22	8	49	0
3.079	1	14	308	10	22	8	49	0
3.081	1	14	309	2	22	8	49	0
3.083	1	14	309	4	22	8	49	0
3.085	1	14	309	6	22	8	49	0
3.087	1	14	309	8	22	8	49	0
3.089	1	14	309	10	22	8	49	0
3.091	1	14	310	2	22	8	49	0
3.092	1	14	310	3	22	8	49	0
3.094	1	14	310	5	22	8	49	0
3.096	1	14	310	7	22	8	49	0
3.098	1	14	310	9	22	8	49	0
3.1	1	14	311	1	22	8	49	0
3.102	1	14	311	3	22	8	49	0
3.104	1	14	311	5	22	8	49	0
3.106	1	14	311	7	22	8	49	0
3.107	1	14	311	8	22	8	49	0
3.109	1	14	311	10	22	8	49	0
3.111	1	14	312	2	22	8	49	0
3.113	1	14	312	4	22	8	49	0
3.115	1	14	312	6	22	8	49	0
3.117	1	14	312	8	22	8	49	0
3.119	1	14	312	10	22	8	49	0
3.121	1	14	313	2	22	8	49	0
3.122	1	14	313	3	22	8	49	0
3.124	1	14	313	5	22	8	49	0
3.126	1	14	313	7	22	8	49	0
3.128	1	14	313	9	22	8	49	0
3.13	1	14	314	1	22	8	49	0
3.132	1	14	314	3	22	8	49	0
3.134	1	14	314	5	22	8	49	0
3.136	1	14	314	7	22	8	49	0
3.137	1	14	314	8	22	8	49	0
3.139	1	14	314	10	22	8	49	0
3.141	1	14	315	2	22	8	49	0
3.143	1	14	315	4	22	8	49	0
3.145	1	14	315	6	22	8	49	0
3.147	1	14	315	8	22	8	49	0
3.149	1	14	315	10	22	8	49	0
3.151	1	14	316	2	22	8	49	0
3.152	1	14	316	3	22	8	49	0
3.154	1	14	316	5	22	8	49	0
3.156	1	14	316	7	22	8	49	0
3.158	1	14	316	9	22	8	49	0
3.16	1	14	317	1	22	8	49	0
3.162	1	14	317	3	22	8	49	0
3.164	1	14	317	5	22	8	49	0
3.166	1	14	317	7	22	8	49	0
3.167	1	14	317	8	22	8	49	0
3.169	1	14	317	10	22	8	49	0
3.171	1	14	318	2	22	8	49	0
3.173	1	14	318	4	22	8	49	0
3.175	1	14	318	6	22	8	49	0
3.177	1	14	318	8	22	8	49	0
3.179	1	14	318	10	22	8	49	0
3.181	1	14	319	2	22	8	49	0
3.182	1	14	319	3	22	8	49	0
3.184	1	14	319	5	22	8	49	0
3.186	1	14	319	7	22	8	49	0
3.188	1	14	319	9	22	8	49	0
3.19	1	14	320	1	22	8	49	0
3.192	1	14	320	3	22	8	49	0
3.194	1	14	320	5	22	8	49	0
3.196	1	14	320	7	22	8	49	0
3.197	1	14	320	8	22	8	49	0
3.199	1	14	320	10	22	8	49	0
3.201	1	14	321	2	22	8	49	0
3.203	1	14	321	4	22	8	49	0
3.205	1	14	321	6	22	8	49	0
3.207	1	14	321	8	22	8	49	0
3.209	1	14	321	10	22	8	49	0
3.211	1	14	322	2	22	8	49	0
3.212	1	14	322	3	22	8	49	0
3.214	1	14	322	5	22	8	49	0
3.216	1	14	322	7	22	8	49	0
3.218	1	14	322	9	22	8	49	0
3.22	1	14	323	1	22	8	49	0
3.222	1	14	323	3	22	8	49	0
3.224	1	14	323	5	22	8	49	0
3.226	1	14	323	7	22	8	49	0
3.227	1	14	323	8	22	8	49	0
3.229	1	14	323	10	22	8	49	0
3.231	1	14	324	2	22	8	49	0
3.233	1	14	324	4	22	8	49	0
3.235	1	14	324	6	22	8	49	0
3.237	1	14	324	8	22	8	49	0
3.239	1	14	324	10	22	8	49	0
3.241	1	14	325	2	22	8	49	0
3.242	1	14	325	3	22	8	49	0
3.244	1	14	325	5	22	8	49	0
3.246	1	14	325	7	22	8	49	0
3.248	1	14	325	9	22	8	49	0
3.25	1	14	326	1	22	8	49	0
3.252	1	14	326	3	22	8	49	0
3.254	1	14	326	5	22	8	49	0
3.256	1	14	326	7	22	8	49	0
3.257	1	14	326	8	22	8	49	0
3.259	1	14	326	10	22	8	49	0
3.261	1	14	327	2	22	8	49	0
3.263	1	14	327	4	22	8	49	0
3.265	1	14	327	6	22	8	49	0
3.267	1	14	327	8	22	8	49	0
3.269	1	14	327	10	22	8	49	0
3.271	1	14	328	2	22	8	49	0
3.272	1	14	328	3	22	8	49	0
3.274	1	14	328	5	22	8	49	0
3.276	1	14	328	7	22	8	49	0
3.278	1	14	328	9	22	8	49	0
3.28	1	14	329	1	22	8	49	0
3.282	1	14	329	3	22	8	49	0
3.284	1	14	329	5	22	8	49	0
3.286	1	14	329	7	22	8	49	0
3.287	1	14	329	8	22	8	49	0
3.289	1	14	329	10	22	8	49	0
3.291	1	14	330	2	22	8	49	0
3.293	1	14	330	4	22	8	49	0
3.295	1	14	330	6	22	8	49	0
3.297	1	14	330	8	22	8	49	0
3.299	1	14	330	10	22	8	49	0
3.301	1	14	331	2	22	8	49	0
3.302	1	14	331	3	22	8	49	0
3.304	1	14	331	5	22	8	49	0
3.306	1	14	331	7	22	8	49	0
3.308	1	14	331	9	22	8	49	0
3.31	1	14	332	1	22	8	49	0
3.312	1	14	332	3	22	8	49	0
3.314	1	14	332	5	22	8	49	0
3.316	1	14	332	7	22	8	49	0
3.317	1	14	332	8	22	8	49	0
3.319	1	14	332	10	22	8	49	0
3.321	1	14	333	2	22	8	49	0
3.323	1	14	333	4	22	8	49	0
3.325	1	14	333	6	22	8	49	0
3.327	1	14	333	8	22	8	49	0
3.329	1	14	333	10	22	8	49	0
3.331	1	14	334	2	22	8	49	0
3.332	1	14	334	3	22	8	49	0
3.334	1	14	334	5	22	8	49	0
3.336	1	14	334	7	22	8	49	0
3.338	1	14	334	9	22	8	49	0
3.34	1	14	335	1	22	8	49	0
3.342	1	14	335	3	22	8	49	0
3.344	1	14	335	5	22	8	49	0
3.346	1	14	335	7	22	8	49	0
3.347	1	14	335	8	22	8	49	0
3.349	1	14	335	10	22	8	49	0
3.351	1	14	336	2	22	8	49	0
3.353	1	14	336	4	22	8	49	0
3.355	1	14	336	6	22	8	49	0
3.357	1	14	336	8	22	8	49	0
3.359	1	14	336	10	22	8	49	0
3.361	1	14	337	2	22	8	49	0
3.362	1	14	337	3	22	8	49	0
3.364	1	14	337	5	22	8	49	0
3.366	1	14	337	7	22	8	49	0
3.368	1	14	337	9	22	8	49	0
3.37	1	14	338	1	22	8	49	0
3.372	1	14	338	3	22	8	49	0
3.374	1	14	338	5	22	8	49	0
3.376	1	14	338	7	22	8	49	0
3.377	1	14	338	8	22	8	49	0
3.379	1	14	338	10	22	8	49	0
3.381	1	14	339	2	22	8	49	0
3.383	1	14	339	4	22	8	49	0
3.385	1	14	339	6	22	8	49	0
3.387	1	14	339	8	22	8	49	0
3.389	1	14	339	10	22	8	49	0
3.391	1	14	340	2	22	8	49	0
3.392	1	14	340	3	22	8	49	0
3.394	1	14	340	5	22	8	49	0
3.396	1	14	340	7	22	8	49	0
3.398	1	14	340	9	22	8	49	0
3.4	1	14	341	1	22	8	49	0
3.402	1	14	341	3	22	8	49	0
3.404	1	14	341	5	22	8	49	0
3.406	1	14	341	7	22	8	49	0
3.407	1	14	341	8	22	8	49	0
3.409	1	14	341	10	22	8	49	0
3.411	1	14	342	2	22	8	49	0
3.413	1	14	342	4	22	8	49	0
3.415	1	14	342	6	22	8	49	0
3.417	1	14	342	8	22	8	49	0
3.419	1	14	342	10	22	8	49	0
3.421	1	14	343	2	22	8	49	0
3.422	1	14	343	3	22	8	49	0
3.424	1	14	343	5	22	8	49	0
3.426	1	14	343	7	22	8	49	0
3.428	1	14	343	9	22	8	49	0
3.43	1	14	344	1	22	8	49	0
3.432	1	14	344	3	22	8	49	0
3.434	1	14	344	5	22	8	49	0
3.436	1	14	344	7	22	8	49	0
3.437	1	14	344	8	22	8	49	0
3.439	1	14	344	10	22	8	49	0
3.441	1	14	345	2	22	8	49	0
3.443	1	14	345	4	22	8	49	0
3.445	1	14	345	6	22	8	49	0
3.447	1	14	345	8	22	8	49	0
3.449	1	14	345	10	22	8	49	0
3.451	1	14	346	2	22	8	49	0
3.452	1	14	346	3	22	8	49	0
3.454	1	14	346	5	22	8	49	0
3.456	1	14	346	7	22	8	49	0
3.458	1	14	346	9	22	8	49	0
3.46	1	14	347	1	22	8	49	0
3.462	1	14	347	3	22	8	49	0
3.464	1	14	347	5	22	8	49	0
3.466	1	14	347	7	22	8	49	0
3.467	1	14	347	8	22	8	49	0
3.469	1	14	347	10	22	8	49	0
3.471	1	14	348	2	22	8	49	0
3.473	1	14	348	4	22	8	49	0
3.475	1	14	348	6	22	8	49	0
3.477	1	14	348	8	22	8	49	0
3.479	1	14	348	10	22	8	49	0
3.481	1	14	349	2	22	8	49	0
3.482	1	14	349	3	22	8	49	0
3.484	1	14	349	5	22	8	49	0
3.486	1	14	349	7	22	8	49	0
3.488	1	14	349	9	22	8	49	0
3.49	1	14	350	1	22	8	49	0
3.492	1	14	350	3	22	8	49	0
3.494	1	14	350	5	22	8	49	0
3.496	1	14	350	7	22	8	49	0
3.497	1	14	350	8	22	8	49	0
3.499	1	14	350	10	22	8	49	0
3.501	1	14	351	2	22	8	49	0
3.503	1	14	351	4	22	8	49	0
3.505	1	14	351	6	22	8	49	0
3.507	1	14	351	8	22	8	49	0
3.509	1	14	351	10	22	8	49	0
3.511	1	14	352	2	22	8	49	0
3.512	1	14	352	3	22	8	49	0
3.514	1	14	352	5	22	8	49	0
3.516	1	14	352	7	22	8	49	0
3.518	1	14	352	9	22	8	49	0
3.52	1	14	353	1	22	8	49	0
3.522	1	14	353	3	22	8	49	0
3.524	1	14	353	5	22	8	49	0
3.526	1	14	353	7	22	8	49	0
3.527	1	14	353	8	22	8	49	0
3.529	1	14	353	10	22	8	49	0
3.531	1	14	354	2	22	8	49	0
3.533	1	14	354	4	22	8	49	0
3.535	1	14	354	6	22	8	49	0
3.537	1	14	354	8	22	8	49	0
3.539	1	14	354	10	22	8	49	0
3.541	1	14	355	2	22	8	49	0
3.542	1	14	355	3	22	8	49	0
3.544	1	14	355	5	22	8	49	0
3.546	1	14	355	7	22	8	49	0
3.548	1	14	355	9	22	8	49	0
3.55	1	14	356	1	22	8	49	0
3.552	1	14	356	3	22	8	49	0
3.554	1	14	356	5	22	8	49	0
3.556	1	14	356	7	22	8	49	0
3.557	1	14	356	8	22	8	49	0
3.559	1	14	356	10	22	8	49	0
3.561	1	14	357	2	22	8	49	0
3.563	1	14	357	4	22	8	49	0
3.565	1	14	357	6	22	8	49	0
3.567	1	14	357	8	22	8	49	0
3.569	1	14	357	10	22	8	49	0
3.571	1	14	358	2	22	8	49	0
3.572	1	14	358	3	22	8	49	0
3.574	1	14	358	5	22	8	49	0
3.576	1	14	358	7	22	8	49	0
3.578	1	14	358	9	22	8	49	0
3.58	1	14	359	1	22	8	49	0
3.582	1	14	359	3	22	8	49	0
3.584	1	14	359	5	22	8	49	0
3.586	1	14	359	7	22	8	49	0
3.587	1	14	359	8	22	8	49	0
3.589	1	14	359	10	22	8	49	0
3.591	1	14	360	2	22	8	49	0
3.593	1	14	360	4	22	8	49	0
3.595	1	14	360	6	22	8	49	0
3.597	1	14	360	8	22	8	49	0
3.599	1	14	360	10	22	8	49	0
3.601	1	14	361	2	22	8	49	0
3.602	1	14	361	3	22	8	49	0
3.604	1	14	361	5	22	8	49	0
3.606	1	14	361	7	22	8	49	0
3.608	1	14	361	9	22	8	49	0
3.61	1	14	362	1	22	8	49	0
3.612	1	14	362	3	22	8	49	0
3.614	1	14	362	5	22	8	49	0
3.616	1	14	362	7	22	8	49	0
3.617	1	14	362	8	22	8	49	0
3.619	1	14	362	10	22	8	49	0
3.621	1	14	363	2	22	8	49	0
3.623	1	14	363	4	22	8	49	0
3.625	1	14	363	6	22	8	49	0
3.627	1	14	363	8	22	8	49	0
3.629	1	14	363	10	22	8	49	0
3.631	1	14	364	2	22	8	49	0
3.632	1	14	364	3	22	8	49	0
3.634	1	14	364	5	22	8	49	0
3.636	1	14	364	7	22	8	49	0
3.638	1	14	364	9	22	8	49	0
3.64	1	14	365	1	22	8	49	0
3.642	1	14	365	3	22	8	49	0
3.644	1	14	365	5	22	8	49	0
3.646	1	14	365	7	22	8	49	0
3.647	1	14	365	8	22	8	49	0
3.649	1	14	365	10	22	8	49	0
3.651	1	14	366	2	22	8	49	0
3.653	1	14	366	4	22	8	49	0
3.655	1	14	366	6	22	8	49	0
3.657	1	14	366	8	22	8	49	0
3.659	1	14	366	10	22	8	49	0
3.661	1	14	367	2	22	8	49	0
3.662	1	14	367	3	22	8	49	0
3.664	1	14	367	5	22	8	49	0
3.666	1	14	367	7	22	8	49	0
3.668	1	14	367	9	22	8	49	0
3.67	1	14	368	1	22	8	49	0
3.672	1	14	368	3	22	8	49	0
3.674	1	14	368	5	22	8	49	0
3.676	1	14	368	7	22	8	49	0
3.677	1	14	368	8	22	8	49	0
3.679	1	14	368	10	22	8	49	0
3.681	1	14	369	2	22	8	49	0
3.683	1	14	369	4	22	8	49	0
3.685	1	14	369	6	22	8	49	0
3.687	1	14	369	8	22	8	49	0
3.689	1	14	369	10	22	8	49	0
3.691	1	14	370	2	22	8	49	0
3.692	1	14	370	3	22	8	49	0
3.694	1	14	370	5	22	8	49	0
3.696	1	14	370	7	22	8	49	0
3.698	1	14	370	9	22	8	49	0
3.7	1	14	371	1	22	8	49	0
3.702	1	14	371	3	22	8	49	0
3.704	1	14	371	5	22	8	49	0
3.706	1	14	371	7	22	8	49	0
3.707	1	14	371	8	22	8	49	0
3.709	1	14	371	10	22	8	49	0
3.711	1	14	372	2	22	8	49	0
3.713	1	14	372	4	22	8	49	0
3.715	1	14	372	6	22	8	49	0
3.717	1	14	372	8	22	8	49	0
3.719	1	14	372	10	22	8	49	0
3.721	1	14	373	2	22	8	49	0
3.722	1	14	373	3	22	8	49	0
3.724	1	14	373	5	22	8	49	0
3.726	1	14	373	7	22	8	49	0
3.728	1	14	373	9	22	8	49	0
3.73	1	14	374	1	22	8	49	0
3.732	1	14	374	3	22	8	49	0
3.734	1	14	374	5	22	8	49	0
3.736	1	14	374	7	22	8	49	0
3.737	1	14	374	8	22	8	49	0
3.739	1	14	374	10	22	8	49	0
3.741	1	14	375	2	22	8	49	0
3.743	1	14	375	4	22	8	49	0
3.745	1	14	375	6	22	8	49	0
3.747	1	14	375	8	22	8	49	0
3.749	1	14	375	10	22	8	49	0
3.751	1	14	376	2	22	8	49	0
3.752	1	14	376	3	22	8	49	0
3.754	1	14	376	5	22	8	49	0
3.756	1	14	376	7	22	8	49	0
3.758	1	14	376	9	22	8	49	0
3.76	1	14	377	1	22	8	49	0
3.762	1	14	377	3	22	8	49	0
3.764	1	14	377	5	22	8	49	0
3.766	1	14	377	7	22	8	49	0
3.767	1	14	377	8	22	8	49	0
3.769	1	14	377	10	22	8	49	0
3.771	1	14	378	2	22	8	49	0
3.773	1	14	378	4	22	8	49	0
3.775	1	14	378	6	22	8	49	0
3.777	1	14	378	8	22	8	49	0
3.779	1	14	378	10	22	8	49	0
3.781	1	14	379	2	22	8	49	0
3.782	1	14	379	3	22	8	49	0
3.784	1	14	379	5	22	8	49	0
3.786	1	14	379	7	22	8	49	0
3.788	1	14	379	9	22	8	49	0
3.79	1	14	380	1	22	8	49	0
3.792	1	14	380	3	22	8	49	0
3.794	1	14	380	5	22	8	49	0
3.796	1	14	380	7	22	8	49	0
3.797	1	14	380	8	22	8	49	0
3.799	1	14	380	10	22	8	49	0
3.801	1	14	381	2	22	8	49	0
3.803	1	14	381	4	22	8	49	0
3.805	1	14	381	6	22	8	49	0
3.807	1	14	381	8	22	8	49	0
3.809	1	14	381	10	22	8	49	0
3.811	1	14	382	2	22	8	49	0
3.812	1	14	382	3	22	8	49	0
3.814	1	14	382	5	22	8	49	0
3.816	1	14	382	7	22	8	49	0
3.818	1	14	382	9	22	8	49	0
3.82	1	14	383	1	22	8	49	0
3.822	1	14	383	3	22	8	49	0
3.824	1	14	383	5	22	8	49	0
3.826	1	14	383	7	22	8	49	0
3.827	1	14	383	8	22	8	49	0
3.829	1	14	383	10	22	8	49	0
3.831	1	14	384	2	22	8	49	0
3.833	1	14	384	4	22	8	49	0
3.835	1	14	384	6	22	8	49	0
3.837	1	14	384	8	22	8	49	0
3.839	1	14	384	10	22	8	49	0
3.841	1	14	385	2	22	8	49	0
3.842	1	14	385	3	22	8	49	0
3.844	1	14	385	5	22	8	49	0
3.846	1	14	385	7	22	8	49	0
3.848	1	14	385	9	22	8	49	0
3.85	1	14	386	1	22	8	49	0
3.852	1	14	386	3	22	8	49	0
3.854	1	14	386	5	22	8	49	0
3.856	1	14	386	7	22	8	49	0
3.857	1	14	386	8	22	8	49	0
3.859	1	14	386	10	22	8	49	0
3.861	1	14	387	2	22	8	49	0
3.863	1	14	387	4	22	8	49	0
3.865	1	14	387	6	22	8	49	0
3.867	1	14	387	8	22	8	49	0
3.869	1	14	387	10	22	8	49	0
3.871	1	14	388	2	22	8	49	0
3.872	1	14	388	3	22	8	49	0
3.874	1	14	388	5	22	8	49	0
3.876	1	14	388	7	22	8	49	0
3.878	1	14	388	9	22	8	49	0
3.88	1	14	389	1	22	8	49	0
3.882	1	14	389	3	22	8	49	0
3.884	1	14	389	5	22	8	49	0
3.886	1	14	389	7	22	8	49	0
3.887	1	14	389	8	22	8	49	0
3.889	1	14	389	10	22	8	49	0
3.891	1	14	390	2	22	8	49	0
3.893	1	14	390	4	22	8	49	0
3.895	1	14	390	6	22	8	49	0
3.897	1	14	390	8	22	8	49	0
3.899	1	14	390	10	22	8	49	0
3.901	1	14	391	2	22	8	49	0
3.902	1	14	391	3	22	8	49	0
3.904	1	14	391	5	22	8	49	0
3.906	1	14	391	7	22	8	49	0
3.908	1	14	391	9	22	8	49	0
3.91	1	14	392	1	22	8	49	0
3.912	1	14	392	3	22	8	49	0
3.914	1	14	392	5	22	8	49	0
3.916	1	14	392	7	22	8	49	0
3.917	1	14	392	8	22	8	49	0
3.919	1	14	392	10	22	8	49	0
3.921	1	14	393	2	22	8	49	0
3.923	1	14	393	4	22	8	49	0
3.925	1	14	393	6	22	8	49	0
3.927	1	14	393	8	22	8	49	0
3.929	1	14	393	10	22	8	49	0
3.931	1	14	394	2	22	8	49	0
3.932	1	14	394	3	22	8	49	0
3.934	1	14	394	5	22	8	49	0
3.936	1	14	394	7	22	8	49	0
3.938	1	14	394	9	22	8	49	0
3.94	1	14	395	1	22	8	49	0
3.942	1	14	395	3	22	8	49	0
3.944	1	14	395	5	22	8	49	0
3.946	1	14	395	7	22	8	49	0
3.947	1	14	395	8	22	8	49	0
3.949	1	14	395	10	22	8	49	0
3.951	1	14	396	2	22	8	49	0
3.953	1	14	396	4	22	8	49	0
3.955	1	14	396	6	22	8	49	0
3.957	1	14	396	8	22	8	49	0
3.959	1	14	396	10	22	8	49	0
3.961	1	14	397	2	22	8	49	0
3.962	1	14	397	3	22	8	49	0
3.964	1	14	397	5	22	8	49	0
3.966	1	14	397	7	22	8	49	0
3.968	1	14	397	9	22	8	49	0
3.97	1	14	398	1	22	8	49	0
3.972	1	14	398	3	22	8	49	0
3.974	1	14	398	5	22	8	49	0
3.976	1	14	398	7	22	8	49	0
3.977	1	14	398	8	22	8	49	0
3.979	1	14	398	10	22	8	49	0
3.981	1	14	399	2	22	8	49	0
3.983	1	14	399	4	22	8	49	0
3.985	1	14	399	6	22	8	49	0
3.987	1	14	399	8	22	8	49	0
3.989	1	14	399	10	22	8	49	0
3.991	1	14	400	2	22	8	49	0
3.992	1	14	400	3	22	8	49	0
3.994	1	14	400	5	22	8	49	0
3.996	1	14	400	7	22	8	49	0
3.998	1	14	400	9	22	8	49	0
4	1	14	401	1	22	8	49	0
4.002	1	14	401	3	22	8	49	0
4.004	1	14	401	5	22	8	49	0
4.006	1	14	401	7	22	8	49	0
4.007	1	14	401	8	22	8	49	0
4.009	1	14	401	10	22	8	49	0
4.011	1	14	402	2	22	8	49	0
4.013	1	14	402	4	22	8	49	0
4.015	1	14	402	6	22	8	49	0
4.017	1	14	402	8	22	8	49	0
4.019	1	14	402	10	22	8	49	0
4.021	1	14	403	2	22	8	49	0
4.022	1	14	403	3	22	8	49	0
4.024	1	14	403	5	22	8	49	0
4.026	1	14	403	7	22	8	49	0
4.028	1	14	403	9	22	8	49	0
4.03	1	14	404	1	22	8	49	0
4.032	1	14	404	3	22	8	49	0
4.034	1	14	404	5	22	8	49	0
4.036	1	14	404	7	22	8	49	0
4.037	1	14	404	8	22	8	49	0
4.039	1	14	404	10	22	8	49	0
4.041	1	14	405	2	22	8	49	0
4.043	1	14	405	4	22	8	49	0
4.045	1	14	405	6	22	8	49	0
4.047	1	14	405	8	22	8	49	0
4.049	1	14	405	10	22	8	49	0
4.051	1	14	406	2	22	8	49	0
4.052	1	14	406	3	22	8	49	0
4.054	1	14	406	5	22	8	49	0
4.056	1	14	406	7	22	8	49	0
4.058	1	14	406	9	22	8	49	0
4.06	1	14	407	1	22	8	49	0
4.062	1	14	407	3	22	8	49	0
4.064	1	14	407	5	22	8	49	0
4.066	1	14	407	7	22	8	49	0
4.067	1	14	407	8	22	8	49	0
4.069	1	14	407	10	22	8	49	0
4.071	1	14	408	2	22	8	49	0
4.073	1	14	408	4	22	8	49	0
4.075	1	14	408	6	22	8	49	0
4.077	1	14	408	8	22	8	49	0
4.079	1	14	408	10	22	8	49	0
4.081	1	14	409	2	22	8	49	0
4.082	1	14	409	3	22	8	49	0
4.084	1	14	409	5	22	8	49	0
4.086	1	14	409	7	22	8	49	0
4.088	1	14	409	9	22	8	49	0
4.09	1	14	410	1	22	8	49	0
4.092	1	14	410	3	22	8	49	0
4.094	1	14	410	5	22	8	49	0
4.096	1	14	410	7	22	8	49	0
4.097	1	14	410	8	22	8	49	0
4.099	1	14	410	10	22	8	49	0
4.101	1	14	411	2	22	8	49	0
4.103	1	14	411	4	22	8	49	0
4.105	1	14	411	6	22	8	49	0
4.107	1	14	411	8	22	8	49	0
4.109	1	14	411	10	22	8	49	0
4.111	1	14	412	2	22	8	49	0
4.112	1	14	412	3	22	8	49	0
4.114	1	14	412	5	22	8	49	0
4.116	1	14	412	7	22	8	49	0
4.118	1	14	412	9	22	8	49	0
4.12	1	14	413	1	22	8	49	0
4.122	1	14	413	3	22	8	49	0
4.124	1	14	413	5	22	8	49	0
4.126	1	14	413	7	22	8	49	0
4.127	1	14	413	8	22	8	49	0
4.129	1	14	413	10	22	8	49	0
4.131	1	14	414	2	22	8	49	0
4.133	1	14	414	4	22	8	49	0
4.135	1	14	414	6	22	8	49	0
4.137	1	14	414	8	22	8	49	0
4.139	1	14	414	10	22	8	49	0
4.141	1	14	415	2	22	8	49	0
4.142	1	14	415	3	22	8	49	0
4.144	1	14	415	5	22	8	49	0
4.146	1	14	415	7	22	8	49	0
4.148	1	14	415	9	22	8	49	0
4.15	1	14	416	1	22	8	49	0
4.152	1	14	416	3	22	8	49	0
4.154	1	14	416	5	22	8	49	0
4.156	1	14	416	7	22	8	49	0
4.157	1	14	416	8	22	8	49	0
4.159	1	14	416	10	22	8	49	0
4.161	1	14	417	2	22	8	49	0
4.163	1	14	417	4	22	8	49	0
4.165	1	14	417	6	22	8	49	0
4.167	1	14	417	8	22	8	49	0
4.169	1	14	417	10	22	8	49	0
4.171	1	14	418	2	22	8	49	0
4.172	1	14	418	3	22	8	49	0
4.174	1	14	418	5	22	8	49	0
4.176	1	14	418	7	22	8	49	0
4.178	1	14	418	9	22	8	49	0
4.18	1	14	419	1	22	8	49	0
4.182	1	14	419	3	22	8	49	0
4.184	1	14	419	5	22	8	49	0
4.186	1	14	419	7	22	8	49	0
4.187	1	14	419	8	22	8	49	0
4.189	1	14	419	10	22	8	49	0
4.191	1	14	420	2	22	8	49	0
4.193	1	14	420	4	22	8	49	0
4.195	1	14	420	6	22	8	49	0
4.197	1	14	420	8	22	8	49	0
4.199	1	14	420	10	22	8	49	0
4.201	1	14	421	2	22	8	49	0
4.202	1	14	421	3	22	8	49	0
4.204	1	14	421	5	22	8	49	0
4.206	1	14	421	7	22	8	49	0
4.208	1	14	421	9	22	8	49	0
4.21	1	14	422	1	22	8	49	0
4.212	1	14	422	3	22	8	49	0
4.214	1	14	422	5	22	8	49	0
4.216	1	14	422	7	22	8	49	0
4.217	1	14	422	8	22	8	49	0
4.219	1	14	422	10	22	8	49	0
4.221	1	14	423	2	22	8	49	0
4.223	1	14	423	4	22	8	49	0
4.225	1	14	423	6	22	8	49	0
4.227	1	14	423	8	22	8	49	0
4.229	1	14	423	10	22	8	49	0
4.231	1	14	424	2	22	8	49	0
4.232	1	14	424	3	22	8	49	0
4.234	1	14	424	5	22	8	49	0
4.236	1	14	424	7	22	8	49	0
4.238	1	14	424	9	22	8	49	0
4.24	1	14	425	1	22	8	49	0
4.242	1	14	425	3	22	8	49	0
4.244	1	14	425	5	22	8	49	0
4.246	1	14	425	7	22	8	49	0
4.247	1	14	425	8	22	8	49	0
4.249	1	14	425	10	22	8	49	0
4.251	1	14	426	2	22	8	49	0
4.253	1	14	426	4	22	8	49	0
4.255	1	14	426	6	22	8	49	0
4.257	1	14	426	8	22	8	49	0
4.259	1	14	426	10	22	8	49	0
4.261	1	14	427	2	22	8	49	0
4.262	1	14	427	3	22	8	49	0
4.264	1	14	427	5	22	8	49	0
4.266	1	14	427	7	22	8	49	0
4.268	1	14	427	9	22	8	49	0
4.27	1	14	428	1	22	8	49	0
4.272	1	14	428	3	22	8	49	0
4.274	1	14	428	5	22	8	49	0
4.276	1	14	428	7	22	8	49	0
4.277	1	14	428	8	22	8	49	0
4.279	1	14	428	10	22	8	49	0
4.281	1	14	429	2	22	8	49	0
4.283	1	14	429	4	22	8	49	0
4.285	1	14	429	6	22	8	49	0
4.287	1	14	429	8	22	8	49	0
4.289	1	14	429	10	22	8	49	0
4.291	1	14	430	2	22	8	49	0
4.292	1	14	430	3	22	8	49	0
4.294	1	14	430	5	22	8	49	0
4.296	1	14	430	7	22	8	49	0
4.298	1	14	430	9	22	8	49	0
4.3	1	14	431	1	22	8	49	0
4.302	1	14	431	3	22	8	49	0
4.304	1	14	431	5	22	8	49	0
4.306	1	14	431	7	22	8	49	0
4.307	1	14	431	8	22	8	49	0
4.309	1	14	431	10	22	8	49	0
4.311	1	14	432	2	22	8	49	0
4.313	1	14	432	4	22	8	49	0
4.315	1	14	432	6	22	8	49	0
4.317	1	14	432	8	22	8	49	0
4.319	1	14	432	10	22	8	49	0
4.321	1	14	433	2	22	8	49	0
4.322	1	14	433	3	22	8	49	0
4.324	1	14	433	5	22	8	49	0
4.326	1	14	433	7	22	8	49	0
4.328	1	14	433	9	22	8	49	0
4.33	1	14	434	1	22	8	49	0
4.332	1	14	434	3	22	8	49	0
4.334	1	14	434	5	22	8	49	0
4.336	1	14	434	7	22	8	49	0
4.337	1	14	434	8	22	8	49	0
4.339	1	14	434	10	22	8	49	0
4.341	1	14	435	2	22	8	49	0
4.343	1	14	435	4	22	8	49	0
4.345	1	14	435	6	22	8	49	0
4.347	1	14	435	8	22	8	49	0
4.349	1	14	435	10	22	8	49	0
4.351	1	14	436	2	22	8	49	0
4.352	1	14	436	3	22	8	49	0
4.354	1	14	436	5	22	8	49	0
4.356	1	14	436	7	22	8	49	0
4.358	1	14	436	9	22	8	49	0
4.36	1	14	437	1	22	8	49	0
4.362	1	14	437	3	22	8	49	0
4.364	1	14	437	5	22	8	49	0
4.366	1	14	437	7	22	8	49	0
4.367	1	14	437	8	22	8	49	0
4.369	1	14	437	10	22	8	49	0
4.371	1	14	438	2	22	8	49	0
4.373	1	14	438	4	22	8	49	0
4.375	1	14	438	6	22	8	49	0
4.377	1	14	438	8	22	8	49	0
4.379	1	14	438	10	22	8	49	0
4.381	1	14	439	2	22	8	49	0
4.382	1	14	439	3	22	8	49	0
4.384	1	14	439	5	22	8	49	0
4.386	1	14	439	7	22	8	49	0
4.388	1	14	439	9	22	8	49	0
4.39	1	14	440	1	22	8	49	0
4.392	1	14	440	3	22	8	49	0
4.394	1	14	440	5	22	8	49	0
4.396	1	14	440	7	22	8	49	0
4.397	1	14	440	8	22	8	49	0
4.399	1	14	440	10	22	8	49	0
4.401	1	14	441	2	22	8	49	0
4.403	1	14	441	4	22	8	49	0
4.405	1	14	441	6	22	8	49	0
4.407	1	14	441	8	22	8	49	0
4.409	1	14	441	10	22	8	49	0
4.411	1	14	442	2	22	8	49	0
4.412	1	14	442	3	22	8	49	0
4.414	1	14	442	5	22	8	49	0
4.416	1	14	442	7	22	8	49	0
4.418	1	14	442	9	22	8	49	0
4.42	1	14	443	1	22	8	49	0
4.422	1	14	443	3	22	8	49	0
4.424	1	14	443	5	22	8	49	0
4.426	1	14	443	7	22	8	49	0
4.427	1	14	443	8	22	8	49	0
4.429	1	14	443	10	22	8	49	0
4.431	1	14	444	2	22	8	49	0
4.433	1	14	444	4	22	8	49	0
4.435	1	14	444	6	22	8	49	0
4.437	1	14	444	8	22	8	49	0
4.439	1	14	444	10	22	8	49	0
4.441	1	14	445	2	22	8	49	0
4.442	1	14	445	3	22	8	49	0
4.444	1	14	445	5	22	8	49	0
4.446	1	14	445	7	22	8	49	0
4.448	1	14	445	9	22	8	49	0
4.45	1	14	446	1	22	8	49	0
4.452	1	14	446	3	22	8	49	0
4.454	1	14	446	5	22	8	49	0
4.456	1	14	446	7	22	8	49	0
4.457	1	14	446	8	22	8	49	0
4.459	1	14	446	10	22	8	49	0
4.461	1	14	447	2	22	8	49	0
4.463	1	14	447	4	22	8	49	0
4.465	1	14	447	6	22	8	49	0
4.467	1	14	447	8	22	8	49	0
4.469	1	14	447	10	22	8	49	0
4.471	1	14	448	2	22	8	49	0
4.472	1	14	448	3	22	8	49	0
4.474	1	14	448	5	22	8	49	0
4.476	1	14	448	7	22	8	49	0
4.478	1	14	448	9	22	8	49	0
4.48	1	14	449	1	22	8	49	0
4.482	1	14	449	3	22	8	49	0
4.484	1	14	449	5	22	8	49	0
4.486	1	14	449	7	22	8	49	0
4.487	1	14	449	8	22	8	49	0
4.489	1	14	449	10	22	8	49	0
4.491	1	14	450	2	22	8	49	0
4.493	1	14	450	4	22	8	49	0
4.495	1	14	450	6	22	8	49	0
4.497	1	14	450	8	22	8	49	0
4.499	1	14	450	10	22	8	49	0
4.501	1	14	451	2	22	8	49	0
4.502	1	14	451	3	22	8	49	0
4.504	1	14	451	5	22	8	49	0
4.506	1	14	451	7	22	8	49	0
4.508	1	14	451	9	22	8	49	0
4.51	1	14	452	1	22	8	49	0
4.512	1	14	452	3	22	8	49	0
4.514	1	14	452	5	22	8	49	0
4.516	1	14	452	7	22	8	49	0
4.517	1	14	452	8	22	8	49	0
4.519	1	14	452	10	22	8	49	0
4.521	1	14	453	2	22	8	49	0
4.523	1	14	453	4	22	8	49	0
4.525	1	14	453	6	22	8	49	0
4.527	1	14	453	8	22	8	49	0
4.529	1	14	453	10	22	8	49	0
4.531	1	14	454	2	22	8	49	0
4.532	1	14	454	3	22	8	49	0
4.534	1	14	454	5	22	8	49	0
4.536	1	14	454	7	22	8	49	0
4.538	1	14	454	9	22	8	49	0
4.54	1	14	455	1	22	8	49	0
4.542	1	14	455	3	22	8	49	0
4.544	1	14	455	5	22	8	49	0
4.546	1	14	455	7	22	8	49	0
4.547	1	14	455	8	22	8	49	0
4.549	1	14	455	10	22	8	49	0
4.551	1	14	456	2	22	8	49	0
4.553	1	14	456	4	22	8	49	0
4.555	1	14	456	6	22	8	49	0
4.557	1	14	456	8	22	8	49	0
4.559	1	14	456	10	22	8	49	0
4.561	1	14	457	2	22	8	49	0
4.562	1	14	457	3	22	8	49	0
4.564	1	14	457	5	22	8	49	0
4.566	1	14	457	7	22	8	49	0
4.568	1	14	457	9	22	8	49	0
4.57	1	14	458	1	22	8	49	0
4.572	1	14	458	3	22	8	49	0
4.574	1	14	458	5	22	8	49	0
4.576	1	14	458	7	22	8	49	0
4.577	1	14	458	8	22	8	49	0
4.579	1	14	458	10	22	8	49	0
4.581	1	14	459	2	22	8	49	0
4.583	1	14	459	4	22	8	49	0
4.585	1	14	459	6	22	8	49	0
4.587	1	14	459	8	22	8	49	0
4.589	1	14	459	10	22	8	49	0
4.591	1	14	460	2	22	8	49	0
4.592	1	14	460	3	22	8	49	0
4.594	1	14	460	5	22	8	49	0
4.596	1	14	460	7	22	8	49	0
4.598	1	14	460	9	22	8	49	0
4.6	1	14	461	1	22	8	49	0
4.602	1	14	461	3	22	8	49	0
4.604	1	14	461	5	22	8	49	0
4.606	1	14	461	7	22	8	49	0
4.607	1	14	461	8	22	8	49	0
4.609	1	14	461	10	22	8	49	0
4.611	1	14	462	2	22	8	49	0
4.613	1	14	462	4	22	8	49	0
4.615	1	14	462	6	22	8	49	0
4.617	1	14	462	8	22	8	49	0
4.619	1	14	462	10	22	8	49	0
4.621	1	14	463	2	22	8	49	0
4.622	1	14	463	3	22	8	49	0
4.624	1	14	463	5	22	8	49	0
4.626	1	14	463	7	22	8	49	0
4.628	1	14	463	9	22	8	49	0
4.63	1	14	464	1	22	8	49	0
4.632	1	14	464	3	22	8	49	0
4.634	1	14	464	5	22	8	49	0
4.636	1	14	464	7	22	8	49	0
4.637	1	14	464	8	22	8	49	0
4.639	1	14	464	10	22	8	49	0
4.641	1	14	465	2	22	8	49	0
4.643	1	14	465	4	22	8	49	0
4.645	1	14	465	6	22	8	49	0
4.647	1	14	465	8	22	8	49	0
4.649	1	14	465	10	22	8	49	0
4.651	1	14	466	2	22	8	49	0
4.652	1	14	466	3	22	8	49	0
4.654	1	14	466	5	22	8	49	0
4.656	1	14	466	7	22	8	49	0
4.658	1	14	466	9	22	8	49	0
4.66	1	14	467	1	22	8	49	0
4.662	1	14	467	3	22	8	49	0
4.664	1	14	467	5	22	8	49	0
4.666	1	14	467	7	22	8	49	0
4.667	1	14	467	8	22	8	49	0
4.669	1	14	467	10	22	8	49	0
4.671	1	14	468	2	22	8	49	0
4.673	1	14	468	4	22	8	49	0
4.675	1	14	468	6	22	8	49	0
4.677	1	14	468	8	22	8	49	0
4.679	1	14	468	10	22	8	49	0
4.681	1	14	469	2	22	8	49	0
4.682	1	14	469	3	22	8	49	0
4.684	1	14	469	5	22	8	49	0
4.686	1	14	469	7	22	8	49	0
4.688	1	14	469	9	22	8	49	0
4.69	1	14	470	1	22	8	49	0
4.692	1	14	470	3	22	8	49	0
4.694	1	14	470	5	22	8	49	0
4.696	1	14	470	7	22	8	49	0
4.697	1	14	470	8	22	8	49	0
4.699	1	14	470	10	22	8	49	0
4.701	1	14	471	2	22	8	49	0
4.703	1	14	471	4	22	8	49	0
4.705	1	14	471	6	22	8	49	0
4.707	1	14	471	8	22	8	49	0
4.709	1	14	471	10	22	8	49	0
4.711	1	14	472	2	22	8	49	0
4.712	1	14	472	3	22	8	49	0
4.714	1	14	472	5	22	8	49	0
4.716	1	14	472	7	22	8	49	0
4.718	1	14	472	9	22	8	49	0
4.72	1	14	473	1	22	8	49	0
4.722	1	14	473	3	22	8	49	0
4.724	1	14	473	5	22	8	49	0
4.726	1	14	473	7	22	8	49	0
4.727	1	14	473	8	22	8	49	0
4.729	1	14	473	10	22	8	49	0
4.731	1	14	474	2	22	8	49	0
4.733	1	14	474	4	22	8	49	0
4.735	1	14	474	6	22	8	49	0
4.737	1	14	474	8	22	8	49	0
4.739	1	14	474	10	22	8	49	0
4.741	1	14	475	2	22	8	49	0
4.742	1	14	475	3	22	8	49	0
4.744	1	14	475	5	22	8	49	0
4.746	1	14	475	7	22	8	49	0
4.748	1	14	475	9	22	8	49	0
4.75	1	14	476	1	22	8	49	0
4.752	1	14	476	3	22	8	49	0
4.754	1	14	476	5	22	8	49	0
4.756	1	14	476	7	22	8	49	0
4.757	1	14	476	8	22	8	49	0
4.759	1	14	476	10	22	8	49	0
4.761	1	14	477	2	22	8	49	0
4.763	1	14	477	4	22	8	49	0
4.765	1	14	477	6	22	8	49	0
4.767	1	14	477	8	22	8	49	0
4.769	1	14	477	10	22	8	49	0
4.771	1	14	478	2	22	8	49	0
4.772	1	14	478	3	22	8	49	0
4.774	1	14	478	5	22	8	49	0
4.776	1	14	478	7	22	8	49	0
4.778	1	14	478	9	22	8	49	0
4.78	1	14	479	1	22	8	49	0
4.782	1	14	479	3	22	8	49	0
4.784	1	14	479	5	22	8	49	0
4.786	1	14	479	7	22	8	49	0
4.787	1	14	479	8	22	8	49	0
4.789	1	14	479	10	22	8	49	0
4.791	1	14	480	2	22	8	49	0
4.793	1	14	480	4	22	8	49	0
4.795	1	14	480	6	22	8	49	0
4.797	1	14	480	8	22	8	49	0
4.799	1	14	480	10	22	8	49	0
4.801	1	14	481	2	22	8	49	0
4.802	1	14	481	3	22	8	49	0
4.804	1	14	481	5	22	8	49	0
4.806	1	14	481	7	22	8	49	0
4.808	1	14	481	9	22	8	49	0
4.81	1	14	482	1	22	8	49	0
4.812	1	14	482	3	22	8	49	0
4.814	1	14	482	5	22	8	49	0
4.816	1	14	482	7	22	8	49	0
4.817	1	14	482	8	22	8	49	0
4.819	1	14	482	10	22	8	49	0
4.821	1	14	483	2	22	8	49	0
4.823	1	14	483	4	22	8	49	0
4.825	1	14	483	6	22	8	49	0
4.827	1	14	483	8	22	8	49	0
4.829	1	14	483	10	22	8	49	0
4.831	1	14	484	2	22	8	49	0
4.832	1	14	484	3	22	8	49	0
4.834	1	14	484	5	22	8	49	0
4.836	1	14	484	7	22	8	49	0
4.838	1	14	484	9	22	8	49	0
4.84	1	14	485	1	22	8	49	0
4.842	1	14	485	3	22	8	49	0
4.844	1	14	485	5	22	8	49	0
4.846	1	14	485	7	22	8	49	0
4.847	1	14	485	8	22	8	49	0
4.849	1	14	485	10	22	8	49	0
4.851	1	14	486	2	22	8	49	0
4.853	1	14	486	4	22	8	49	0
4.855	1	14	486	6	22	8	49	0
4.857	1	14	486	8	22	8	49	0
4.859	1	14	486	10	22	8	49	0
4.861	1	14	487	2	22	8	49	0
4.862	1	14	487	3	22	8	49	0
4.864	1	14	487	5	22	8	49	0
4.866	1	14	487	7	22	8	49	0
4.868	1	14	487	9	22	8	49	0
4.87	1	14	488	1	22	8	49	0
4.872	1	14	488	3	22	8	49	0
4.874	1	14	488	5	22	8	49	0
4.876	1	14	488	7	22	8	49	0
4.877	1	14	488	8	22	8	49	0
4.879	1	14	488	10	22	8	49	0
4.881	1	14	489	2	22	8	49	0
4.883	1	14	489	4	22	8	49	0
4.885	1	14	489	6	22	8	49	0
4.887	1	14	489	8	22	8	49	0
4.889	1	14	489	10	22	8	49	0
4.891	1	14	490	2	22	8	49	0
4.892	1	14	490	3	22	8	49	0
4.894	1	14	490	5	22	8	49	0
4.896	1	14	490	7	22	8	49	0
4.898	1	14	490	9	22	8	49	0
4.9	1	14	491	1	22	8	49	0
4.902	1	14	491	3	22	8	49	0
4.904	1	14	491	5	22	8	49	0
4.906	1	14	491	7	22	8	49	0
4.907	1	14	491	8	22	8	49	0
4.909	1	14	491	10	22	8	49	0
4.911	1	14	492	2	22	8	49	0
4.913	1	14	492	4	22	8	49	0
4.915	1	14	492	6	22	8	49	0
4.917	1	14	492	8	22	8	49	0
4.919	1	14	492	10	22	8	49	0
4.921	1	14	493	2	22	8	49	0
4.922	1	14	493	3	22	8	49	0
4.924	1	14	493	5	22	8	49	0
4.926	1	14	493	7	22	8	49	0
4.928	1	14	493	9	22	8	49	0
4.93	1	14	494	1	22	8	49	0
4.932	1	14	494	3	22	8	49	0
4.934	1	14	494	5	22	8	49	0
4.936	1	14	494	7	22	8	49	0
4.937	1	14	494	8	22	8	49	0
4.939	1	14	494	10	22	8	49	0
4.941	1	14	495	2	22	8	49	0
4.943	1	14	495	4	22	8	49	0
4.945	1	14	495	6	22	8	49	0
4.947	1	14	495	8	22	8	49	0
4.949	1	14	495	10	22	8	49	0
4.951	1	14	496	2	22	8	49	0
4.952	1	14	496	3	22	8	49	0
4.954	1	14	496	5	22	8	49	0
4.956	1	14	496	7	22	8	49	0
4.958	1	14	496	9	22	8	49	0
4.96	1	14	497	1	22	8	49	0
4.962	1	14	497	3	22	8	49	0
4.964	1	14	497	5	22	8	49	0
4.966	1	14	497	7	22	8	49	0
4.967	1	14	497	8	22	8	49	0
4.969	1	14	497	10	22	8	49	0
4.971	1	14	498	2	22	8	49	0
4.973	1	14	498	4	22	8	49	0
4.975	1	14	498	6	22	8	49	0
4.977	1	14	498	8	22	8	49	0
4.979	1	14	498	10	22	8	49	0
4.981	1	14	499	2	22	8	49	0
4.982	1	14	499	3	22	8	49	0
4.984	1	14	499	5	22	8	49	0
4.986	1	14	499	7	22	8	49	0
4.988	1	14	499	9	22	8	49	0
4.99	1	14	500	1	22	8	49	0
4.992	1	14	500	3	22	8	49	0
4.994	1	14	500	5	22	8	49	0
4.996	1	14	500	7	22	8	49	0
4.997	1	14	500	8	22	8	49	0
4.999	1	14	500	10	22	8	49	0
