% time	cellId	IMSI	frame	sframe	RNTI	mcs	size	ccId
0.031	1	13	4	2	15	0	7	0
0.032	1	13	4	3	15	0	7	0
0.033	1	13	4	4	15	0	7	0
0.034	1	13	4	5	15	0	7	0
0.036	1	13	4	7	15	0	7	0
0.037	1	13	4	8	15	0	7	0
0.039	1	13	4	10	15	0	7	0
0.04	1	13	5	1	15	0	7	0
0.042	1	13	5	3	15	0	7	0
0.043	1	13	5	4	15	0	7	0
0.045	1	13	5	6	15	0	7	0
0.047	1	13	5	8	15	0	7	0
0.049	1	13	5	10	15	0	7	0
0.051	1	13	6	2	15	0	7	0
0.053	1	13	6	4	15	0	7	0
0.054	1	13	6	5	15	0	7	0
0.056	1	13	6	7	15	8	49	0
0.058	1	13	6	9	15	8	49	0
0.06	1	13	7	1	15	8	49	0
0.062	1	13	7	3	15	8	49	0
0.064	1	13	7	5	15	8	49	0
0.066	1	13	7	7	15	8	49	0
0.068	1	13	7	9	15	8	49	0
0.069	1	13	7	10	15	8	49	0
0.071	1	13	8	2	15	8	49	0
0.073	1	13	8	4	15	8	49	0
0.075	1	13	8	6	15	8	49	0
0.077	1	13	8	8	15	8	49	0
0.079	1	13	8	10	15	8	49	0
0.081	1	13	9	2	15	8	49	0
0.083	1	13	9	4	15	8	49	0
0.084	1	13	9	5	15	8	49	0
0.086	1	13	9	7	15	8	49	0
0.088	1	13	9	9	15	8	49	0
0.09	1	13	10	1	15	8	49	0
0.092	1	13	10	3	15	8	49	0
0.094	1	13	10	5	15	8	49	0
0.096	1	13	10	7	15	8	49	0
0.098	1	13	10	9	15	8	49	0
0.099	1	13	10	10	15	8	49	0
0.101	1	13	11	2	15	8	49	0
0.103	1	13	11	4	15	8	49	0
0.105	1	13	11	6	15	8	49	0
0.107	1	13	11	8	15	8	49	0
0.109	1	13	11	10	15	8	49	0
0.111	1	13	12	2	15	8	49	0
0.113	1	13	12	4	15	8	49	0
0.114	1	13	12	5	15	8	49	0
0.116	1	13	12	7	15	8	49	0
0.118	1	13	12	9	15	8	49	0
0.12	1	13	13	1	15	8	49	0
0.122	1	13	13	3	15	8	49	0
0.124	1	13	13	5	15	8	49	0
0.126	1	13	13	7	15	8	49	0
0.128	1	13	13	9	15	8	49	0
0.129	1	13	13	10	15	8	49	0
0.131	1	13	14	2	15	8	49	0
0.133	1	13	14	4	15	8	49	0
0.135	1	13	14	6	15	8	49	0
0.137	1	13	14	8	15	8	49	0
0.139	1	13	14	10	15	8	49	0
0.141	1	13	15	2	15	8	49	0
0.143	1	13	15	4	15	8	49	0
0.144	1	13	15	5	15	8	49	0
0.146	1	13	15	7	15	8	49	0
0.148	1	13	15	9	15	8	49	0
0.15	1	13	16	1	15	8	49	0
0.152	1	13	16	3	15	8	49	0
0.154	1	13	16	5	15	8	49	0
0.156	1	13	16	7	15	8	49	0
0.158	1	13	16	9	15	8	49	0
0.159	1	13	16	10	15	8	49	0
0.161	1	13	17	2	15	8	49	0
0.163	1	13	17	4	15	8	49	0
0.165	1	13	17	6	15	8	49	0
0.167	1	13	17	8	15	8	49	0
0.169	1	13	17	10	15	8	49	0
0.171	1	13	18	2	15	8	49	0
0.173	1	13	18	4	15	8	49	0
0.174	1	13	18	5	15	8	49	0
0.176	1	13	18	7	15	8	49	0
0.178	1	13	18	9	15	8	49	0
0.18	1	13	19	1	15	8	49	0
0.182	1	13	19	3	15	8	49	0
0.184	1	13	19	5	15	8	49	0
0.186	1	13	19	7	15	8	49	0
0.188	1	13	19	9	15	8	49	0
0.189	1	13	19	10	15	8	49	0
0.191	1	13	20	2	15	8	49	0
0.193	1	13	20	4	15	8	49	0
0.195	1	13	20	6	15	8	49	0
0.197	1	13	20	8	15	8	49	0
0.199	1	13	20	10	15	8	49	0
0.201	1	13	21	2	15	8	49	0
0.203	1	13	21	4	15	8	49	0
0.204	1	13	21	5	15	8	49	0
0.206	1	13	21	7	15	8	49	0
0.208	1	13	21	9	15	8	49	0
0.21	1	13	22	1	15	8	49	0
0.212	1	13	22	3	15	8	49	0
0.214	1	13	22	5	15	8	49	0
0.216	1	13	22	7	15	8	49	0
0.218	1	13	22	9	15	8	49	0
0.219	1	13	22	10	15	8	49	0
0.221	1	13	23	2	15	8	49	0
0.223	1	13	23	4	15	8	49	0
0.225	1	13	23	6	15	8	49	0
0.227	1	13	23	8	15	8	49	0
0.229	1	13	23	10	15	8	49	0
0.231	1	13	24	2	15	8	49	0
0.233	1	13	24	4	15	8	49	0
0.234	1	13	24	5	15	8	49	0
0.236	1	13	24	7	15	8	49	0
0.238	1	13	24	9	15	8	49	0
0.24	1	13	25	1	15	8	49	0
0.242	1	13	25	3	15	8	49	0
0.244	1	13	25	5	15	8	49	0
0.246	1	13	25	7	15	8	49	0
0.248	1	13	25	9	15	8	49	0
0.249	1	13	25	10	15	8	49	0
0.251	1	13	26	2	15	8	49	0
0.253	1	13	26	4	15	8	49	0
0.255	1	13	26	6	15	8	49	0
0.257	1	13	26	8	15	8	49	0
0.259	1	13	26	10	15	8	49	0
0.261	1	13	27	2	15	8	49	0
0.263	1	13	27	4	15	8	49	0
0.264	1	13	27	5	15	8	49	0
0.266	1	13	27	7	15	8	49	0
0.268	1	13	27	9	15	8	49	0
0.27	1	13	28	1	15	8	49	0
0.272	1	13	28	3	15	8	49	0
0.274	1	13	28	5	15	8	49	0
0.276	1	13	28	7	15	8	49	0
0.278	1	13	28	9	15	8	49	0
0.279	1	13	28	10	15	8	49	0
0.281	1	13	29	2	15	8	49	0
0.283	1	13	29	4	15	8	49	0
0.285	1	13	29	6	15	8	49	0
0.287	1	13	29	8	15	8	49	0
0.289	1	13	29	10	15	8	49	0
0.291	1	13	30	2	15	8	49	0
0.293	1	13	30	4	15	8	49	0
0.294	1	13	30	5	15	8	49	0
0.296	1	13	30	7	15	8	49	0
0.298	1	13	30	9	15	8	49	0
0.3	1	13	31	1	15	8	49	0
0.302	1	13	31	3	15	8	49	0
0.304	1	13	31	5	15	8	49	0
0.306	1	13	31	7	15	8	49	0
0.308	1	13	31	9	15	8	49	0
0.309	1	13	31	10	15	8	49	0
0.311	1	13	32	2	15	8	49	0
0.313	1	13	32	4	15	8	49	0
0.315	1	13	32	6	15	8	49	0
0.317	1	13	32	8	15	8	49	0
0.319	1	13	32	10	15	8	49	0
0.321	1	13	33	2	15	8	49	0
0.323	1	13	33	4	15	8	49	0
0.324	1	13	33	5	15	8	49	0
0.326	1	13	33	7	15	8	49	0
0.328	1	13	33	9	15	8	49	0
0.33	1	13	34	1	15	8	49	0
0.332	1	13	34	3	15	8	49	0
0.334	1	13	34	5	15	8	49	0
0.336	1	13	34	7	15	8	49	0
0.338	1	13	34	9	15	8	49	0
0.339	1	13	34	10	15	8	49	0
0.341	1	13	35	2	15	8	49	0
0.343	1	13	35	4	15	8	49	0
0.345	1	13	35	6	15	8	49	0
0.347	1	13	35	8	15	8	49	0
0.349	1	13	35	10	15	8	49	0
0.351	1	13	36	2	15	8	49	0
0.353	1	13	36	4	15	8	49	0
0.354	1	13	36	5	15	8	49	0
0.356	1	13	36	7	15	8	49	0
0.358	1	13	36	9	15	8	49	0
0.36	1	13	37	1	15	8	49	0
0.362	1	13	37	3	15	8	49	0
0.364	1	13	37	5	15	8	49	0
0.366	1	13	37	7	15	8	49	0
0.368	1	13	37	9	15	8	49	0
0.369	1	13	37	10	15	8	49	0
0.371	1	13	38	2	15	8	49	0
0.373	1	13	38	4	15	8	49	0
0.375	1	13	38	6	15	8	49	0
0.377	1	13	38	8	15	8	49	0
0.379	1	13	38	10	15	8	49	0
0.381	1	13	39	2	15	8	49	0
0.383	1	13	39	4	15	8	49	0
0.384	1	13	39	5	15	8	49	0
0.386	1	13	39	7	15	8	49	0
0.388	1	13	39	9	15	8	49	0
0.39	1	13	40	1	15	8	49	0
0.392	1	13	40	3	15	8	49	0
0.394	1	13	40	5	15	8	49	0
0.396	1	13	40	7	15	8	49	0
0.398	1	13	40	9	15	8	49	0
0.399	1	13	40	10	15	8	49	0
0.401	1	13	41	2	15	8	49	0
0.403	1	13	41	4	15	8	49	0
0.405	1	13	41	6	15	8	49	0
0.407	1	13	41	8	15	8	49	0
0.409	1	13	41	10	15	8	49	0
0.411	1	13	42	2	15	8	49	0
0.413	1	13	42	4	15	8	49	0
0.414	1	13	42	5	15	8	49	0
0.416	1	13	42	7	15	8	49	0
0.418	1	13	42	9	15	8	49	0
0.42	1	13	43	1	15	8	49	0
0.422	1	13	43	3	15	8	49	0
0.424	1	13	43	5	15	8	49	0
0.426	1	13	43	7	15	8	49	0
0.428	1	13	43	9	15	8	49	0
0.429	1	13	43	10	15	8	49	0
0.431	1	13	44	2	15	8	49	0
0.433	1	13	44	4	15	8	49	0
0.435	1	13	44	6	15	8	49	0
0.437	1	13	44	8	15	8	49	0
0.439	1	13	44	10	15	8	49	0
0.441	1	13	45	2	15	8	49	0
0.443	1	13	45	4	15	8	49	0
0.444	1	13	45	5	15	8	49	0
0.446	1	13	45	7	15	8	49	0
0.448	1	13	45	9	15	8	49	0
0.45	1	13	46	1	15	8	49	0
0.452	1	13	46	3	15	8	49	0
0.454	1	13	46	5	15	8	49	0
0.456	1	13	46	7	15	8	49	0
0.458	1	13	46	9	15	8	49	0
0.459	1	13	46	10	15	8	49	0
0.461	1	13	47	2	15	8	49	0
0.463	1	13	47	4	15	8	49	0
0.465	1	13	47	6	15	8	49	0
0.467	1	13	47	8	15	8	49	0
0.469	1	13	47	10	15	8	49	0
0.471	1	13	48	2	15	8	49	0
0.473	1	13	48	4	15	8	49	0
0.474	1	13	48	5	15	8	49	0
0.476	1	13	48	7	15	8	49	0
0.478	1	13	48	9	15	8	49	0
0.48	1	13	49	1	15	8	49	0
0.482	1	13	49	3	15	8	49	0
0.484	1	13	49	5	15	8	49	0
0.486	1	13	49	7	15	8	49	0
0.488	1	13	49	9	15	8	49	0
0.489	1	13	49	10	15	8	49	0
0.491	1	13	50	2	15	8	49	0
0.493	1	13	50	4	15	8	49	0
0.495	1	13	50	6	15	8	49	0
0.497	1	13	50	8	15	8	49	0
0.499	1	13	50	10	15	8	49	0
0.501	1	13	51	2	15	8	49	0
0.503	1	13	51	4	15	8	49	0
0.504	1	13	51	5	15	8	49	0
0.506	1	13	51	7	15	8	49	0
0.508	1	13	51	9	15	8	49	0
0.51	1	13	52	1	15	8	49	0
0.512	1	13	52	3	15	8	49	0
0.514	1	13	52	5	15	8	49	0
0.516	1	13	52	7	15	8	49	0
0.518	1	13	52	9	15	8	49	0
0.519	1	13	52	10	15	8	49	0
0.521	1	13	53	2	15	8	49	0
0.523	1	13	53	4	15	8	49	0
0.525	1	13	53	6	15	8	49	0
0.527	1	13	53	8	15	8	49	0
0.529	1	13	53	10	15	8	49	0
0.531	1	13	54	2	15	8	49	0
0.533	1	13	54	4	15	8	49	0
0.534	1	13	54	5	15	8	49	0
0.536	1	13	54	7	15	8	49	0
0.538	1	13	54	9	15	8	49	0
0.54	1	13	55	1	15	8	49	0
0.542	1	13	55	3	15	8	49	0
0.544	1	13	55	5	15	8	49	0
0.546	1	13	55	7	15	8	49	0
0.548	1	13	55	9	15	8	49	0
0.549	1	13	55	10	15	8	49	0
0.551	1	13	56	2	15	8	49	0
0.553	1	13	56	4	15	8	49	0
0.555	1	13	56	6	15	8	49	0
0.557	1	13	56	8	15	8	49	0
0.559	1	13	56	10	15	8	49	0
0.561	1	13	57	2	15	8	49	0
0.563	1	13	57	4	15	8	49	0
0.564	1	13	57	5	15	8	49	0
0.566	1	13	57	7	15	8	49	0
0.568	1	13	57	9	15	8	49	0
0.57	1	13	58	1	15	8	49	0
0.572	1	13	58	3	15	8	49	0
0.574	1	13	58	5	15	8	49	0
0.576	1	13	58	7	15	8	49	0
0.578	1	13	58	9	15	8	49	0
0.579	1	13	58	10	15	8	49	0
0.581	1	13	59	2	15	8	49	0
0.583	1	13	59	4	15	8	49	0
0.585	1	13	59	6	15	8	49	0
0.587	1	13	59	8	15	8	49	0
0.589	1	13	59	10	15	8	49	0
0.591	1	13	60	2	15	8	49	0
0.593	1	13	60	4	15	8	49	0
0.594	1	13	60	5	15	8	49	0
0.596	1	13	60	7	15	8	49	0
0.598	1	13	60	9	15	8	49	0
0.6	1	13	61	1	15	8	49	0
0.602	1	13	61	3	15	8	49	0
0.604	1	13	61	5	15	8	49	0
0.606	1	13	61	7	15	8	49	0
0.608	1	13	61	9	15	8	49	0
0.609	1	13	61	10	15	8	49	0
0.611	1	13	62	2	15	8	49	0
0.613	1	13	62	4	15	8	49	0
0.615	1	13	62	6	15	8	49	0
0.617	1	13	62	8	15	8	49	0
0.619	1	13	62	10	15	8	49	0
0.621	1	13	63	2	15	8	49	0
0.623	1	13	63	4	15	8	49	0
0.624	1	13	63	5	15	8	49	0
0.626	1	13	63	7	15	8	49	0
0.628	1	13	63	9	15	8	49	0
0.63	1	13	64	1	15	8	49	0
0.632	1	13	64	3	15	8	49	0
0.634	1	13	64	5	15	8	49	0
0.636	1	13	64	7	15	8	49	0
0.638	1	13	64	9	15	8	49	0
0.639	1	13	64	10	15	8	49	0
0.641	1	13	65	2	15	8	49	0
0.643	1	13	65	4	15	8	49	0
0.645	1	13	65	6	15	8	49	0
0.647	1	13	65	8	15	8	49	0
0.649	1	13	65	10	15	8	49	0
0.651	1	13	66	2	15	8	49	0
0.653	1	13	66	4	15	8	49	0
0.654	1	13	66	5	15	8	49	0
0.656	1	13	66	7	15	8	49	0
0.658	1	13	66	9	15	8	49	0
0.66	1	13	67	1	15	8	49	0
0.662	1	13	67	3	15	8	49	0
0.664	1	13	67	5	15	8	49	0
0.666	1	13	67	7	15	8	49	0
0.668	1	13	67	9	15	8	49	0
0.669	1	13	67	10	15	8	49	0
0.671	1	13	68	2	15	8	49	0
0.673	1	13	68	4	15	8	49	0
0.675	1	13	68	6	15	8	49	0
0.677	1	13	68	8	15	8	49	0
0.679	1	13	68	10	15	8	49	0
0.681	1	13	69	2	15	8	49	0
0.683	1	13	69	4	15	8	49	0
0.684	1	13	69	5	15	8	49	0
0.686	1	13	69	7	15	8	49	0
0.688	1	13	69	9	15	8	49	0
0.69	1	13	70	1	15	8	49	0
0.692	1	13	70	3	15	8	49	0
0.694	1	13	70	5	15	8	49	0
0.696	1	13	70	7	15	8	49	0
0.698	1	13	70	9	15	8	49	0
0.699	1	13	70	10	15	8	49	0
0.701	1	13	71	2	15	8	49	0
0.703	1	13	71	4	15	8	49	0
0.705	1	13	71	6	15	8	49	0
0.707	1	13	71	8	15	8	49	0
0.709	1	13	71	10	15	8	49	0
0.711	1	13	72	2	15	8	49	0
0.713	1	13	72	4	15	8	49	0
0.714	1	13	72	5	15	8	49	0
0.716	1	13	72	7	15	8	49	0
0.718	1	13	72	9	15	8	49	0
0.72	1	13	73	1	15	8	49	0
0.722	1	13	73	3	15	8	49	0
0.724	1	13	73	5	15	8	49	0
0.726	1	13	73	7	15	8	49	0
0.728	1	13	73	9	15	8	49	0
0.729	1	13	73	10	15	8	49	0
0.731	1	13	74	2	15	8	49	0
0.733	1	13	74	4	15	8	49	0
0.735	1	13	74	6	15	8	49	0
0.737	1	13	74	8	15	8	49	0
0.739	1	13	74	10	15	8	49	0
0.741	1	13	75	2	15	8	49	0
0.743	1	13	75	4	15	8	49	0
0.744	1	13	75	5	15	8	49	0
0.746	1	13	75	7	15	8	49	0
0.748	1	13	75	9	15	8	49	0
0.75	1	13	76	1	15	8	49	0
0.752	1	13	76	3	15	8	49	0
0.754	1	13	76	5	15	8	49	0
0.756	1	13	76	7	15	8	49	0
0.758	1	13	76	9	15	8	49	0
0.759	1	13	76	10	15	8	49	0
0.761	1	13	77	2	15	8	49	0
0.763	1	13	77	4	15	8	49	0
0.765	1	13	77	6	15	8	49	0
0.767	1	13	77	8	15	8	49	0
0.769	1	13	77	10	15	8	49	0
0.771	1	13	78	2	15	8	49	0
0.773	1	13	78	4	15	8	49	0
0.774	1	13	78	5	15	8	49	0
0.776	1	13	78	7	15	8	49	0
0.778	1	13	78	9	15	8	49	0
0.78	1	13	79	1	15	8	49	0
0.782	1	13	79	3	15	8	49	0
0.784	1	13	79	5	15	8	49	0
0.786	1	13	79	7	15	8	49	0
0.788	1	13	79	9	15	8	49	0
0.789	1	13	79	10	15	8	49	0
0.791	1	13	80	2	15	8	49	0
0.793	1	13	80	4	15	8	49	0
0.795	1	13	80	6	15	8	49	0
0.797	1	13	80	8	15	8	49	0
0.799	1	13	80	10	15	8	49	0
0.801	1	13	81	2	15	8	49	0
0.803	1	13	81	4	15	8	49	0
0.804	1	13	81	5	15	8	49	0
0.806	1	13	81	7	15	8	49	0
0.808	1	13	81	9	15	8	49	0
0.81	1	13	82	1	15	8	49	0
0.812	1	13	82	3	15	8	49	0
0.814	1	13	82	5	15	8	49	0
0.816	1	13	82	7	15	8	49	0
0.818	1	13	82	9	15	8	49	0
0.819	1	13	82	10	15	8	49	0
0.821	1	13	83	2	15	8	49	0
0.823	1	13	83	4	15	8	49	0
0.825	1	13	83	6	15	8	49	0
0.827	1	13	83	8	15	8	49	0
0.829	1	13	83	10	15	8	49	0
0.831	1	13	84	2	15	8	49	0
0.833	1	13	84	4	15	8	49	0
0.834	1	13	84	5	15	8	49	0
0.836	1	13	84	7	15	8	49	0
0.838	1	13	84	9	15	8	49	0
0.84	1	13	85	1	15	8	49	0
0.842	1	13	85	3	15	8	49	0
0.844	1	13	85	5	15	8	49	0
0.846	1	13	85	7	15	8	49	0
0.848	1	13	85	9	15	8	49	0
0.849	1	13	85	10	15	8	49	0
0.851	1	13	86	2	15	8	49	0
0.853	1	13	86	4	15	8	49	0
0.855	1	13	86	6	15	8	49	0
0.857	1	13	86	8	15	8	49	0
0.859	1	13	86	10	15	8	49	0
0.861	1	13	87	2	15	8	49	0
0.863	1	13	87	4	15	8	49	0
0.864	1	13	87	5	15	8	49	0
0.866	1	13	87	7	15	8	49	0
0.868	1	13	87	9	15	8	49	0
0.87	1	13	88	1	15	8	49	0
0.872	1	13	88	3	15	8	49	0
0.874	1	13	88	5	15	8	49	0
0.876	1	13	88	7	15	8	49	0
0.878	1	13	88	9	15	8	49	0
0.879	1	13	88	10	15	8	49	0
0.881	1	13	89	2	15	8	49	0
0.883	1	13	89	4	15	8	49	0
0.885	1	13	89	6	15	8	49	0
0.887	1	13	89	8	15	8	49	0
0.889	1	13	89	10	15	8	49	0
0.891	1	13	90	2	15	8	49	0
0.893	1	13	90	4	15	8	49	0
0.894	1	13	90	5	15	8	49	0
0.896	1	13	90	7	15	8	49	0
0.898	1	13	90	9	15	8	49	0
0.9	1	13	91	1	15	8	49	0
0.902	1	13	91	3	15	8	49	0
0.904	1	13	91	5	15	8	49	0
0.906	1	13	91	7	15	8	49	0
0.908	1	13	91	9	15	8	49	0
0.909	1	13	91	10	15	8	49	0
0.911	1	13	92	2	15	8	49	0
0.913	1	13	92	4	15	8	49	0
0.915	1	13	92	6	15	8	49	0
0.917	1	13	92	8	15	8	49	0
0.919	1	13	92	10	15	8	49	0
0.921	1	13	93	2	15	8	49	0
0.923	1	13	93	4	15	8	49	0
0.924	1	13	93	5	15	8	49	0
0.926	1	13	93	7	15	8	49	0
0.928	1	13	93	9	15	8	49	0
0.93	1	13	94	1	15	8	49	0
0.932	1	13	94	3	15	8	49	0
0.934	1	13	94	5	15	8	49	0
0.936	1	13	94	7	15	8	49	0
0.938	1	13	94	9	15	8	49	0
0.939	1	13	94	10	15	8	49	0
0.941	1	13	95	2	15	8	49	0
0.943	1	13	95	4	15	8	49	0
0.945	1	13	95	6	15	8	49	0
0.947	1	13	95	8	15	8	49	0
0.949	1	13	95	10	15	8	49	0
0.951	1	13	96	2	15	8	49	0
0.953	1	13	96	4	15	8	49	0
0.954	1	13	96	5	15	8	49	0
0.956	1	13	96	7	15	8	49	0
0.958	1	13	96	9	15	8	49	0
0.96	1	13	97	1	15	8	49	0
0.962	1	13	97	3	15	8	49	0
0.964	1	13	97	5	15	8	49	0
0.966	1	13	97	7	15	8	49	0
0.968	1	13	97	9	15	8	49	0
0.969	1	13	97	10	15	8	49	0
0.971	1	13	98	2	15	8	49	0
0.973	1	13	98	4	15	8	49	0
0.975	1	13	98	6	15	8	49	0
0.977	1	13	98	8	15	8	49	0
0.979	1	13	98	10	15	8	49	0
0.981	1	13	99	2	15	8	49	0
0.983	1	13	99	4	15	8	49	0
0.984	1	13	99	5	15	8	49	0
0.986	1	13	99	7	15	8	49	0
0.988	1	13	99	9	15	8	49	0
0.99	1	13	100	1	15	8	49	0
0.992	1	13	100	3	15	8	49	0
0.994	1	13	100	5	15	8	49	0
0.996	1	13	100	7	15	8	49	0
0.998	1	13	100	9	15	8	49	0
0.999	1	13	100	10	15	8	49	0
1.001	1	13	101	2	15	8	49	0
1.003	1	13	101	4	15	8	49	0
1.005	1	13	101	6	15	8	49	0
1.007	1	13	101	8	15	8	49	0
1.009	1	13	101	10	15	8	49	0
1.011	1	13	102	2	15	8	49	0
1.013	1	13	102	4	15	8	49	0
1.014	1	13	102	5	15	8	49	0
1.016	1	13	102	7	15	8	49	0
1.018	1	13	102	9	15	8	49	0
1.02	1	13	103	1	15	8	49	0
1.022	1	13	103	3	15	8	49	0
1.024	1	13	103	5	15	8	49	0
1.026	1	13	103	7	15	8	49	0
1.028	1	13	103	9	15	8	49	0
1.029	1	13	103	10	15	8	49	0
1.031	1	13	104	2	15	8	49	0
1.033	1	13	104	4	15	8	49	0
1.035	1	13	104	6	15	8	49	0
1.037	1	13	104	8	15	8	49	0
1.039	1	13	104	10	15	8	49	0
1.041	1	13	105	2	15	8	49	0
1.043	1	13	105	4	15	8	49	0
1.044	1	13	105	5	15	8	49	0
1.046	1	13	105	7	15	8	49	0
1.048	1	13	105	9	15	8	49	0
1.05	1	13	106	1	15	8	49	0
1.052	1	13	106	3	15	8	49	0
1.054	1	13	106	5	15	8	49	0
1.056	1	13	106	7	15	8	49	0
1.058	1	13	106	9	15	8	49	0
1.059	1	13	106	10	15	8	49	0
1.061	1	13	107	2	15	8	49	0
1.063	1	13	107	4	15	8	49	0
1.065	1	13	107	6	15	8	49	0
1.067	1	13	107	8	15	8	49	0
1.069	1	13	107	10	15	8	49	0
1.071	1	13	108	2	15	8	49	0
1.073	1	13	108	4	15	8	49	0
1.074	1	13	108	5	15	8	49	0
1.076	1	13	108	7	15	8	49	0
1.078	1	13	108	9	15	8	49	0
1.08	1	13	109	1	15	8	49	0
1.082	1	13	109	3	15	8	49	0
1.084	1	13	109	5	15	8	49	0
1.086	1	13	109	7	15	8	49	0
1.088	1	13	109	9	15	8	49	0
1.089	1	13	109	10	15	8	49	0
1.091	1	13	110	2	15	8	49	0
1.093	1	13	110	4	15	8	49	0
1.095	1	13	110	6	15	8	49	0
1.097	1	13	110	8	15	8	49	0
1.099	1	13	110	10	15	8	49	0
1.101	1	13	111	2	15	8	49	0
1.103	1	13	111	4	15	8	49	0
1.104	1	13	111	5	15	8	49	0
1.106	1	13	111	7	15	8	49	0
1.108	1	13	111	9	15	8	49	0
1.11	1	13	112	1	15	8	49	0
1.112	1	13	112	3	15	8	49	0
1.114	1	13	112	5	15	8	49	0
1.116	1	13	112	7	15	8	49	0
1.118	1	13	112	9	15	8	49	0
1.119	1	13	112	10	15	8	49	0
1.121	1	13	113	2	15	8	49	0
1.123	1	13	113	4	15	8	49	0
1.125	1	13	113	6	15	8	49	0
1.127	1	13	113	8	15	8	49	0
1.129	1	13	113	10	15	8	49	0
1.131	1	13	114	2	15	8	49	0
1.133	1	13	114	4	15	8	49	0
1.134	1	13	114	5	15	8	49	0
1.136	1	13	114	7	15	8	49	0
1.138	1	13	114	9	15	8	49	0
1.14	1	13	115	1	15	8	49	0
1.142	1	13	115	3	15	8	49	0
1.144	1	13	115	5	15	8	49	0
1.146	1	13	115	7	15	8	49	0
1.148	1	13	115	9	15	8	49	0
1.149	1	13	115	10	15	8	49	0
1.151	1	13	116	2	15	8	49	0
1.153	1	13	116	4	15	8	49	0
1.155	1	13	116	6	15	8	49	0
1.157	1	13	116	8	15	8	49	0
1.159	1	13	116	10	15	8	49	0
1.161	1	13	117	2	15	8	49	0
1.163	1	13	117	4	15	8	49	0
1.164	1	13	117	5	15	8	49	0
1.166	1	13	117	7	15	8	49	0
1.168	1	13	117	9	15	8	49	0
1.17	1	13	118	1	15	8	49	0
1.172	1	13	118	3	15	8	49	0
1.174	1	13	118	5	15	8	49	0
1.176	1	13	118	7	15	8	49	0
1.178	1	13	118	9	15	8	49	0
1.179	1	13	118	10	15	8	49	0
1.181	1	13	119	2	15	8	49	0
1.183	1	13	119	4	15	8	49	0
1.185	1	13	119	6	15	8	49	0
1.187	1	13	119	8	15	8	49	0
1.189	1	13	119	10	15	8	49	0
1.191	1	13	120	2	15	8	49	0
1.193	1	13	120	4	15	8	49	0
1.194	1	13	120	5	15	8	49	0
1.196	1	13	120	7	15	8	49	0
1.198	1	13	120	9	15	8	49	0
1.2	1	13	121	1	15	8	49	0
1.202	1	13	121	3	15	8	49	0
1.204	1	13	121	5	15	8	49	0
1.206	1	13	121	7	15	8	49	0
1.208	1	13	121	9	15	8	49	0
1.209	1	13	121	10	15	8	49	0
1.211	1	13	122	2	15	8	49	0
1.213	1	13	122	4	15	8	49	0
1.215	1	13	122	6	15	8	49	0
1.217	1	13	122	8	15	8	49	0
1.219	1	13	122	10	15	8	49	0
1.221	1	13	123	2	15	8	49	0
1.223	1	13	123	4	15	8	49	0
1.224	1	13	123	5	15	8	49	0
1.226	1	13	123	7	15	8	49	0
1.228	1	13	123	9	15	8	49	0
1.23	1	13	124	1	15	8	49	0
1.232	1	13	124	3	15	8	49	0
1.234	1	13	124	5	15	8	49	0
1.236	1	13	124	7	15	8	49	0
1.238	1	13	124	9	15	8	49	0
1.239	1	13	124	10	15	8	49	0
1.241	1	13	125	2	15	8	49	0
1.243	1	13	125	4	15	8	49	0
1.245	1	13	125	6	15	8	49	0
1.247	1	13	125	8	15	8	49	0
1.249	1	13	125	10	15	8	49	0
1.251	1	13	126	2	15	8	49	0
1.253	1	13	126	4	15	8	49	0
1.254	1	13	126	5	15	8	49	0
1.256	1	13	126	7	15	8	49	0
1.258	1	13	126	9	15	8	49	0
1.26	1	13	127	1	15	8	49	0
1.262	1	13	127	3	15	8	49	0
1.264	1	13	127	5	15	8	49	0
1.266	1	13	127	7	15	8	49	0
1.268	1	13	127	9	15	8	49	0
1.269	1	13	127	10	15	8	49	0
1.271	1	13	128	2	15	8	49	0
1.273	1	13	128	4	15	8	49	0
1.275	1	13	128	6	15	8	49	0
1.277	1	13	128	8	15	8	49	0
1.279	1	13	128	10	15	8	49	0
1.281	1	13	129	2	15	8	49	0
1.283	1	13	129	4	15	8	49	0
1.284	1	13	129	5	15	8	49	0
1.286	1	13	129	7	15	8	49	0
1.288	1	13	129	9	15	8	49	0
1.29	1	13	130	1	15	8	49	0
1.292	1	13	130	3	15	8	49	0
1.294	1	13	130	5	15	8	49	0
1.296	1	13	130	7	15	8	49	0
1.298	1	13	130	9	15	8	49	0
1.299	1	13	130	10	15	8	49	0
1.301	1	13	131	2	15	8	49	0
1.303	1	13	131	4	15	8	49	0
1.305	1	13	131	6	15	8	49	0
1.307	1	13	131	8	15	8	49	0
1.309	1	13	131	10	15	8	49	0
1.311	1	13	132	2	15	8	49	0
1.313	1	13	132	4	15	8	49	0
1.314	1	13	132	5	15	8	49	0
1.316	1	13	132	7	15	8	49	0
1.318	1	13	132	9	15	8	49	0
1.32	1	13	133	1	15	8	49	0
1.322	1	13	133	3	15	8	49	0
1.324	1	13	133	5	15	8	49	0
1.326	1	13	133	7	15	8	49	0
1.328	1	13	133	9	15	8	49	0
1.329	1	13	133	10	15	8	49	0
1.331	1	13	134	2	15	8	49	0
1.333	1	13	134	4	15	8	49	0
1.335	1	13	134	6	15	8	49	0
1.337	1	13	134	8	15	8	49	0
1.339	1	13	134	10	15	8	49	0
1.341	1	13	135	2	15	8	49	0
1.343	1	13	135	4	15	8	49	0
1.344	1	13	135	5	15	8	49	0
1.346	1	13	135	7	15	8	49	0
1.348	1	13	135	9	15	8	49	0
1.35	1	13	136	1	15	8	49	0
1.352	1	13	136	3	15	8	49	0
1.354	1	13	136	5	15	8	49	0
1.356	1	13	136	7	15	8	49	0
1.358	1	13	136	9	15	8	49	0
1.359	1	13	136	10	15	8	49	0
1.361	1	13	137	2	15	8	49	0
1.363	1	13	137	4	15	8	49	0
1.365	1	13	137	6	15	8	49	0
1.367	1	13	137	8	15	8	49	0
1.369	1	13	137	10	15	8	49	0
1.371	1	13	138	2	15	8	49	0
1.373	1	13	138	4	15	8	49	0
1.374	1	13	138	5	15	8	49	0
1.376	1	13	138	7	15	8	49	0
1.378	1	13	138	9	15	8	49	0
1.38	1	13	139	1	15	8	49	0
1.382	1	13	139	3	15	8	49	0
1.384	1	13	139	5	15	8	49	0
1.386	1	13	139	7	15	8	49	0
1.388	1	13	139	9	15	8	49	0
1.389	1	13	139	10	15	8	49	0
1.391	1	13	140	2	15	8	49	0
1.393	1	13	140	4	15	8	49	0
1.395	1	13	140	6	15	8	49	0
1.397	1	13	140	8	15	8	49	0
1.399	1	13	140	10	15	8	49	0
1.401	1	13	141	2	15	8	49	0
1.403	1	13	141	4	15	8	49	0
1.404	1	13	141	5	15	8	49	0
1.406	1	13	141	7	15	8	49	0
1.408	1	13	141	9	15	8	49	0
1.41	1	13	142	1	15	8	49	0
1.412	1	13	142	3	15	8	49	0
1.414	1	13	142	5	15	8	49	0
1.416	1	13	142	7	15	8	49	0
1.418	1	13	142	9	15	8	49	0
1.419	1	13	142	10	15	8	49	0
1.421	1	13	143	2	15	8	49	0
1.423	1	13	143	4	15	8	49	0
1.425	1	13	143	6	15	8	49	0
1.427	1	13	143	8	15	8	49	0
1.429	1	13	143	10	15	8	49	0
1.431	1	13	144	2	15	8	49	0
1.433	1	13	144	4	15	8	49	0
1.434	1	13	144	5	15	8	49	0
1.436	1	13	144	7	15	8	49	0
1.438	1	13	144	9	15	8	49	0
1.44	1	13	145	1	15	8	49	0
1.442	1	13	145	3	15	8	49	0
1.444	1	13	145	5	15	8	49	0
1.446	1	13	145	7	15	8	49	0
1.448	1	13	145	9	15	8	49	0
1.449	1	13	145	10	15	8	49	0
1.451	1	13	146	2	15	8	49	0
1.453	1	13	146	4	15	8	49	0
1.455	1	13	146	6	15	8	49	0
1.457	1	13	146	8	15	8	49	0
1.459	1	13	146	10	15	8	49	0
1.461	1	13	147	2	15	8	49	0
1.463	1	13	147	4	15	8	49	0
1.464	1	13	147	5	15	8	49	0
1.466	1	13	147	7	15	8	49	0
1.468	1	13	147	9	15	8	49	0
1.47	1	13	148	1	15	8	49	0
1.472	1	13	148	3	15	8	49	0
1.474	1	13	148	5	15	8	49	0
1.476	1	13	148	7	15	8	49	0
1.478	1	13	148	9	15	8	49	0
1.479	1	13	148	10	15	8	49	0
1.481	1	13	149	2	15	8	49	0
1.483	1	13	149	4	15	8	49	0
1.485	1	13	149	6	15	8	49	0
1.487	1	13	149	8	15	8	49	0
1.489	1	13	149	10	15	8	49	0
1.491	1	13	150	2	15	8	49	0
1.493	1	13	150	4	15	8	49	0
1.494	1	13	150	5	15	8	49	0
1.496	1	13	150	7	15	8	49	0
1.498	1	13	150	9	15	8	49	0
1.5	1	13	151	1	15	8	49	0
1.502	1	13	151	3	15	8	49	0
1.504	1	13	151	5	15	8	49	0
1.506	1	13	151	7	15	8	49	0
1.508	1	13	151	9	15	8	49	0
1.509	1	13	151	10	15	8	49	0
1.511	1	13	152	2	15	8	49	0
1.513	1	13	152	4	15	8	49	0
1.515	1	13	152	6	15	8	49	0
1.517	1	13	152	8	15	8	49	0
1.519	1	13	152	10	15	8	49	0
1.521	1	13	153	2	15	8	49	0
1.523	1	13	153	4	15	8	49	0
1.524	1	13	153	5	15	8	49	0
1.526	1	13	153	7	15	8	49	0
1.528	1	13	153	9	15	8	49	0
1.53	1	13	154	1	15	8	49	0
1.532	1	13	154	3	15	8	49	0
1.534	1	13	154	5	15	8	49	0
1.536	1	13	154	7	15	8	49	0
1.538	1	13	154	9	15	8	49	0
1.539	1	13	154	10	15	8	49	0
1.541	1	13	155	2	15	8	49	0
1.543	1	13	155	4	15	8	49	0
1.545	1	13	155	6	15	8	49	0
1.547	1	13	155	8	15	8	49	0
1.549	1	13	155	10	15	8	49	0
1.551	1	13	156	2	15	8	49	0
1.553	1	13	156	4	15	8	49	0
1.554	1	13	156	5	15	8	49	0
1.556	1	13	156	7	15	8	49	0
1.558	1	13	156	9	15	8	49	0
1.56	1	13	157	1	15	8	49	0
1.562	1	13	157	3	15	8	49	0
1.564	1	13	157	5	15	8	49	0
1.566	1	13	157	7	15	8	49	0
1.568	1	13	157	9	15	8	49	0
1.569	1	13	157	10	15	8	49	0
1.571	1	13	158	2	15	8	49	0
1.573	1	13	158	4	15	8	49	0
1.575	1	13	158	6	15	8	49	0
1.577	1	13	158	8	15	8	49	0
1.579	1	13	158	10	15	8	49	0
1.581	1	13	159	2	15	8	49	0
1.583	1	13	159	4	15	8	49	0
1.584	1	13	159	5	15	8	49	0
1.586	1	13	159	7	15	8	49	0
1.588	1	13	159	9	15	8	49	0
1.59	1	13	160	1	15	8	49	0
1.592	1	13	160	3	15	8	49	0
1.594	1	13	160	5	15	8	49	0
1.596	1	13	160	7	15	8	49	0
1.598	1	13	160	9	15	8	49	0
1.599	1	13	160	10	15	8	49	0
1.601	1	13	161	2	15	8	49	0
1.603	1	13	161	4	15	8	49	0
1.605	1	13	161	6	15	8	49	0
1.607	1	13	161	8	15	8	49	0
1.609	1	13	161	10	15	8	49	0
1.611	1	13	162	2	15	8	49	0
1.613	1	13	162	4	15	8	49	0
1.614	1	13	162	5	15	8	49	0
1.616	1	13	162	7	15	8	49	0
1.618	1	13	162	9	15	8	49	0
1.62	1	13	163	1	15	8	49	0
1.622	1	13	163	3	15	8	49	0
1.624	1	13	163	5	15	8	49	0
1.626	1	13	163	7	15	8	49	0
1.628	1	13	163	9	15	8	49	0
1.629	1	13	163	10	15	8	49	0
1.631	1	13	164	2	15	8	49	0
1.633	1	13	164	4	15	8	49	0
1.635	1	13	164	6	15	8	49	0
1.637	1	13	164	8	15	8	49	0
1.639	1	13	164	10	15	8	49	0
1.641	1	13	165	2	15	8	49	0
1.643	1	13	165	4	15	8	49	0
1.644	1	13	165	5	15	8	49	0
1.646	1	13	165	7	15	8	49	0
1.648	1	13	165	9	15	8	49	0
1.65	1	13	166	1	15	8	49	0
1.652	1	13	166	3	15	8	49	0
1.654	1	13	166	5	15	8	49	0
1.656	1	13	166	7	15	8	49	0
1.658	1	13	166	9	15	8	49	0
1.659	1	13	166	10	15	8	49	0
1.661	1	13	167	2	15	8	49	0
1.663	1	13	167	4	15	8	49	0
1.665	1	13	167	6	15	8	49	0
1.667	1	13	167	8	15	8	49	0
1.669	1	13	167	10	15	8	49	0
1.671	1	13	168	2	15	8	49	0
1.673	1	13	168	4	15	8	49	0
1.674	1	13	168	5	15	8	49	0
1.676	1	13	168	7	15	8	49	0
1.678	1	13	168	9	15	8	49	0
1.68	1	13	169	1	15	8	49	0
1.682	1	13	169	3	15	8	49	0
1.684	1	13	169	5	15	8	49	0
1.686	1	13	169	7	15	8	49	0
1.688	1	13	169	9	15	8	49	0
1.689	1	13	169	10	15	8	49	0
1.691	1	13	170	2	15	8	49	0
1.693	1	13	170	4	15	8	49	0
1.695	1	13	170	6	15	8	49	0
1.697	1	13	170	8	15	8	49	0
1.699	1	13	170	10	15	8	49	0
1.701	1	13	171	2	15	8	49	0
1.703	1	13	171	4	15	8	49	0
1.704	1	13	171	5	15	8	49	0
1.706	1	13	171	7	15	8	49	0
1.708	1	13	171	9	15	8	49	0
1.71	1	13	172	1	15	8	49	0
1.712	1	13	172	3	15	8	49	0
1.714	1	13	172	5	15	8	49	0
1.716	1	13	172	7	15	8	49	0
1.718	1	13	172	9	15	8	49	0
1.719	1	13	172	10	15	8	49	0
1.721	1	13	173	2	15	8	49	0
1.723	1	13	173	4	15	8	49	0
1.725	1	13	173	6	15	8	49	0
1.727	1	13	173	8	15	8	49	0
1.729	1	13	173	10	15	8	49	0
1.731	1	13	174	2	15	8	49	0
1.733	1	13	174	4	15	8	49	0
1.734	1	13	174	5	15	8	49	0
1.736	1	13	174	7	15	8	49	0
1.738	1	13	174	9	15	8	49	0
1.74	1	13	175	1	15	8	49	0
1.742	1	13	175	3	15	8	49	0
1.744	1	13	175	5	15	8	49	0
1.746	1	13	175	7	15	8	49	0
1.748	1	13	175	9	15	8	49	0
1.749	1	13	175	10	15	8	49	0
1.751	1	13	176	2	15	8	49	0
1.753	1	13	176	4	15	8	49	0
1.755	1	13	176	6	15	8	49	0
1.757	1	13	176	8	15	8	49	0
1.759	1	13	176	10	15	8	49	0
1.761	1	13	177	2	15	8	49	0
1.763	1	13	177	4	15	8	49	0
1.764	1	13	177	5	15	8	49	0
1.766	1	13	177	7	15	8	49	0
1.768	1	13	177	9	15	8	49	0
1.77	1	13	178	1	15	8	49	0
1.772	1	13	178	3	15	8	49	0
1.774	1	13	178	5	15	8	49	0
1.776	1	13	178	7	15	8	49	0
1.778	1	13	178	9	15	8	49	0
1.779	1	13	178	10	15	8	49	0
1.781	1	13	179	2	15	8	49	0
1.783	1	13	179	4	15	8	49	0
1.785	1	13	179	6	15	8	49	0
1.787	1	13	179	8	15	8	49	0
1.789	1	13	179	10	15	8	49	0
1.791	1	13	180	2	15	8	49	0
1.793	1	13	180	4	15	8	49	0
1.794	1	13	180	5	15	8	49	0
1.796	1	13	180	7	15	8	49	0
1.798	1	13	180	9	15	8	49	0
1.8	1	13	181	1	15	8	49	0
1.802	1	13	181	3	15	8	49	0
1.804	1	13	181	5	15	8	49	0
1.806	1	13	181	7	15	8	49	0
1.808	1	13	181	9	15	8	49	0
1.809	1	13	181	10	15	8	49	0
1.811	1	13	182	2	15	8	49	0
1.813	1	13	182	4	15	8	49	0
1.815	1	13	182	6	15	8	49	0
1.817	1	13	182	8	15	8	49	0
1.819	1	13	182	10	15	8	49	0
1.821	1	13	183	2	15	8	49	0
1.823	1	13	183	4	15	8	49	0
1.824	1	13	183	5	15	8	49	0
1.826	1	13	183	7	15	8	49	0
1.828	1	13	183	9	15	8	49	0
1.83	1	13	184	1	15	8	49	0
1.832	1	13	184	3	15	8	49	0
1.834	1	13	184	5	15	8	49	0
1.836	1	13	184	7	15	8	49	0
1.838	1	13	184	9	15	8	49	0
1.839	1	13	184	10	15	8	49	0
1.841	1	13	185	2	15	8	49	0
1.843	1	13	185	4	15	8	49	0
1.845	1	13	185	6	15	8	49	0
1.847	1	13	185	8	15	8	49	0
1.849	1	13	185	10	15	8	49	0
1.851	1	13	186	2	15	8	49	0
1.853	1	13	186	4	15	8	49	0
1.854	1	13	186	5	15	8	49	0
1.856	1	13	186	7	15	8	49	0
1.858	1	13	186	9	15	8	49	0
1.86	1	13	187	1	15	8	49	0
1.862	1	13	187	3	15	8	49	0
1.864	1	13	187	5	15	8	49	0
1.866	1	13	187	7	15	8	49	0
1.868	1	13	187	9	15	8	49	0
1.869	1	13	187	10	15	8	49	0
1.871	1	13	188	2	15	8	49	0
1.873	1	13	188	4	15	8	49	0
1.875	1	13	188	6	15	8	49	0
1.877	1	13	188	8	15	8	49	0
1.879	1	13	188	10	15	8	49	0
1.881	1	13	189	2	15	8	49	0
1.883	1	13	189	4	15	8	49	0
1.884	1	13	189	5	15	8	49	0
1.886	1	13	189	7	15	8	49	0
1.888	1	13	189	9	15	8	49	0
1.89	1	13	190	1	15	8	49	0
1.892	1	13	190	3	15	8	49	0
1.894	1	13	190	5	15	8	49	0
1.896	1	13	190	7	15	8	49	0
1.898	1	13	190	9	15	8	49	0
1.899	1	13	190	10	15	8	49	0
1.901	1	13	191	2	15	8	49	0
1.903	1	13	191	4	15	8	49	0
1.905	1	13	191	6	15	8	49	0
1.907	1	13	191	8	15	8	49	0
1.909	1	13	191	10	15	8	49	0
1.911	1	13	192	2	15	8	49	0
1.913	1	13	192	4	15	8	49	0
1.914	1	13	192	5	15	8	49	0
1.916	1	13	192	7	15	8	49	0
1.918	1	13	192	9	15	8	49	0
1.92	1	13	193	1	15	8	49	0
1.922	1	13	193	3	15	8	49	0
1.924	1	13	193	5	15	8	49	0
1.926	1	13	193	7	15	8	49	0
1.928	1	13	193	9	15	8	49	0
1.929	1	13	193	10	15	8	49	0
1.931	1	13	194	2	15	8	49	0
1.933	1	13	194	4	15	8	49	0
1.935	1	13	194	6	15	8	49	0
1.937	1	13	194	8	15	8	49	0
1.939	1	13	194	10	15	8	49	0
1.941	1	13	195	2	15	8	49	0
1.943	1	13	195	4	15	8	49	0
1.944	1	13	195	5	15	8	49	0
1.946	1	13	195	7	15	8	49	0
1.948	1	13	195	9	15	8	49	0
1.95	1	13	196	1	15	8	49	0
1.952	1	13	196	3	15	8	49	0
1.954	1	13	196	5	15	8	49	0
1.956	1	13	196	7	15	8	49	0
1.958	1	13	196	9	15	8	49	0
1.959	1	13	196	10	15	8	49	0
1.961	1	13	197	2	15	8	49	0
1.963	1	13	197	4	15	8	49	0
1.965	1	13	197	6	15	8	49	0
1.967	1	13	197	8	15	8	49	0
1.969	1	13	197	10	15	8	49	0
1.971	1	13	198	2	15	8	49	0
1.973	1	13	198	4	15	8	49	0
1.974	1	13	198	5	15	8	49	0
1.976	1	13	198	7	15	8	49	0
1.978	1	13	198	9	15	8	49	0
1.98	1	13	199	1	15	8	49	0
1.982	1	13	199	3	15	8	49	0
1.984	1	13	199	5	15	8	49	0
1.986	1	13	199	7	15	8	49	0
1.988	1	13	199	9	15	8	49	0
1.989	1	13	199	10	15	8	49	0
1.991	1	13	200	2	15	8	49	0
1.993	1	13	200	4	15	8	49	0
1.995	1	13	200	6	15	8	49	0
1.997	1	13	200	8	15	8	49	0
1.999	1	13	200	10	15	8	49	0
2.001	1	13	201	2	15	8	49	0
2.003	1	13	201	4	15	8	49	0
2.004	1	13	201	5	15	8	49	0
2.006	1	13	201	7	15	8	49	0
2.008	1	13	201	9	15	8	49	0
2.01	1	13	202	1	15	8	49	0
2.012	1	13	202	3	15	8	49	0
2.014	1	13	202	5	15	8	49	0
2.016	1	13	202	7	15	8	49	0
2.018	1	13	202	9	15	8	49	0
2.019	1	13	202	10	15	8	49	0
2.021	1	13	203	2	15	8	49	0
2.023	1	13	203	4	15	8	49	0
2.025	1	13	203	6	15	8	49	0
2.027	1	13	203	8	15	8	49	0
2.029	1	13	203	10	15	8	49	0
2.031	1	13	204	2	15	8	49	0
2.033	1	13	204	4	15	8	49	0
2.034	1	13	204	5	15	8	49	0
2.036	1	13	204	7	15	8	49	0
2.038	1	13	204	9	15	8	49	0
2.04	1	13	205	1	15	8	49	0
2.042	1	13	205	3	15	8	49	0
2.044	1	13	205	5	15	8	49	0
2.046	1	13	205	7	15	8	49	0
2.048	1	13	205	9	15	8	49	0
2.049	1	13	205	10	15	8	49	0
2.051	1	13	206	2	15	8	49	0
2.053	1	13	206	4	15	8	49	0
2.055	1	13	206	6	15	8	49	0
2.057	1	13	206	8	15	8	49	0
2.059	1	13	206	10	15	8	49	0
2.061	1	13	207	2	15	8	49	0
2.063	1	13	207	4	15	8	49	0
2.064	1	13	207	5	15	8	49	0
2.066	1	13	207	7	15	8	49	0
2.068	1	13	207	9	15	8	49	0
2.07	1	13	208	1	15	8	49	0
2.072	1	13	208	3	15	8	49	0
2.074	1	13	208	5	15	8	49	0
2.076	1	13	208	7	15	8	49	0
2.078	1	13	208	9	15	8	49	0
2.079	1	13	208	10	15	8	49	0
2.081	1	13	209	2	15	8	49	0
2.083	1	13	209	4	15	8	49	0
2.085	1	13	209	6	15	8	49	0
2.087	1	13	209	8	15	8	49	0
2.089	1	13	209	10	15	8	49	0
2.091	1	13	210	2	15	8	49	0
2.093	1	13	210	4	15	8	49	0
2.094	1	13	210	5	15	8	49	0
2.096	1	13	210	7	15	8	49	0
2.098	1	13	210	9	15	8	49	0
2.1	1	13	211	1	15	8	49	0
2.102	1	13	211	3	15	8	49	0
2.104	1	13	211	5	15	8	49	0
2.106	1	13	211	7	15	8	49	0
2.108	1	13	211	9	15	8	49	0
2.109	1	13	211	10	15	8	49	0
2.111	1	13	212	2	15	8	49	0
2.113	1	13	212	4	15	8	49	0
2.115	1	13	212	6	15	8	49	0
2.117	1	13	212	8	15	8	49	0
2.119	1	13	212	10	15	8	49	0
2.121	1	13	213	2	15	8	49	0
2.123	1	13	213	4	15	8	49	0
2.124	1	13	213	5	15	8	49	0
2.126	1	13	213	7	15	8	49	0
2.128	1	13	213	9	15	8	49	0
2.13	1	13	214	1	15	8	49	0
2.132	1	13	214	3	15	8	49	0
2.134	1	13	214	5	15	8	49	0
2.136	1	13	214	7	15	8	49	0
2.138	1	13	214	9	15	8	49	0
2.139	1	13	214	10	15	8	49	0
2.141	1	13	215	2	15	8	49	0
2.143	1	13	215	4	15	8	49	0
2.145	1	13	215	6	15	8	49	0
2.147	1	13	215	8	15	8	49	0
2.149	1	13	215	10	15	8	49	0
2.151	1	13	216	2	15	8	49	0
2.153	1	13	216	4	15	8	49	0
2.154	1	13	216	5	15	8	49	0
2.156	1	13	216	7	15	8	49	0
2.158	1	13	216	9	15	8	49	0
2.16	1	13	217	1	15	8	49	0
2.162	1	13	217	3	15	8	49	0
2.164	1	13	217	5	15	8	49	0
2.166	1	13	217	7	15	8	49	0
2.168	1	13	217	9	15	8	49	0
2.169	1	13	217	10	15	8	49	0
2.171	1	13	218	2	15	8	49	0
2.173	1	13	218	4	15	8	49	0
2.175	1	13	218	6	15	8	49	0
2.177	1	13	218	8	15	8	49	0
2.179	1	13	218	10	15	8	49	0
2.181	1	13	219	2	15	8	49	0
2.183	1	13	219	4	15	8	49	0
2.184	1	13	219	5	15	8	49	0
2.186	1	13	219	7	15	8	49	0
2.188	1	13	219	9	15	8	49	0
2.19	1	13	220	1	15	8	49	0
2.192	1	13	220	3	15	8	49	0
2.194	1	13	220	5	15	8	49	0
2.196	1	13	220	7	15	8	49	0
2.198	1	13	220	9	15	8	49	0
2.199	1	13	220	10	15	8	49	0
2.201	1	13	221	2	15	8	49	0
2.203	1	13	221	4	15	8	49	0
2.205	1	13	221	6	15	8	49	0
2.207	1	13	221	8	15	8	49	0
2.209	1	13	221	10	15	8	49	0
2.211	1	13	222	2	15	8	49	0
2.213	1	13	222	4	15	8	49	0
2.214	1	13	222	5	15	8	49	0
2.216	1	13	222	7	15	8	49	0
2.218	1	13	222	9	15	8	49	0
2.22	1	13	223	1	15	8	49	0
2.222	1	13	223	3	15	8	49	0
2.224	1	13	223	5	15	8	49	0
2.226	1	13	223	7	15	8	49	0
2.228	1	13	223	9	15	8	49	0
2.229	1	13	223	10	15	8	49	0
2.231	1	13	224	2	15	8	49	0
2.233	1	13	224	4	15	8	49	0
2.235	1	13	224	6	15	8	49	0
2.237	1	13	224	8	15	8	49	0
2.239	1	13	224	10	15	8	49	0
2.241	1	13	225	2	15	8	49	0
2.243	1	13	225	4	15	8	49	0
2.244	1	13	225	5	15	8	49	0
2.246	1	13	225	7	15	8	49	0
2.248	1	13	225	9	15	8	49	0
2.25	1	13	226	1	15	8	49	0
2.252	1	13	226	3	15	8	49	0
2.254	1	13	226	5	15	8	49	0
2.256	1	13	226	7	15	8	49	0
2.258	1	13	226	9	15	8	49	0
2.259	1	13	226	10	15	8	49	0
2.261	1	13	227	2	15	8	49	0
2.263	1	13	227	4	15	8	49	0
2.265	1	13	227	6	15	8	49	0
2.267	1	13	227	8	15	8	49	0
2.269	1	13	227	10	15	8	49	0
2.271	1	13	228	2	15	8	49	0
2.273	1	13	228	4	15	8	49	0
2.274	1	13	228	5	15	8	49	0
2.276	1	13	228	7	15	8	49	0
2.278	1	13	228	9	15	8	49	0
2.28	1	13	229	1	15	8	49	0
2.282	1	13	229	3	15	8	49	0
2.284	1	13	229	5	15	8	49	0
2.286	1	13	229	7	15	8	49	0
2.288	1	13	229	9	15	8	49	0
2.289	1	13	229	10	15	8	49	0
2.291	1	13	230	2	15	8	49	0
2.293	1	13	230	4	15	8	49	0
2.295	1	13	230	6	15	8	49	0
2.297	1	13	230	8	15	8	49	0
2.299	1	13	230	10	15	8	49	0
2.301	1	13	231	2	15	8	49	0
2.303	1	13	231	4	15	8	49	0
2.304	1	13	231	5	15	8	49	0
2.306	1	13	231	7	15	8	49	0
2.308	1	13	231	9	15	8	49	0
2.31	1	13	232	1	15	8	49	0
2.312	1	13	232	3	15	8	49	0
2.314	1	13	232	5	15	8	49	0
2.316	1	13	232	7	15	8	49	0
2.318	1	13	232	9	15	8	49	0
2.319	1	13	232	10	15	8	49	0
2.321	1	13	233	2	15	8	49	0
2.323	1	13	233	4	15	8	49	0
2.325	1	13	233	6	15	8	49	0
2.327	1	13	233	8	15	8	49	0
2.329	1	13	233	10	15	8	49	0
2.331	1	13	234	2	15	8	49	0
2.333	1	13	234	4	15	8	49	0
2.334	1	13	234	5	15	8	49	0
2.336	1	13	234	7	15	8	49	0
2.338	1	13	234	9	15	8	49	0
2.34	1	13	235	1	15	8	49	0
2.342	1	13	235	3	15	8	49	0
2.344	1	13	235	5	15	8	49	0
2.346	1	13	235	7	15	8	49	0
2.348	1	13	235	9	15	8	49	0
2.349	1	13	235	10	15	8	49	0
2.351	1	13	236	2	15	8	49	0
2.353	1	13	236	4	15	8	49	0
2.355	1	13	236	6	15	8	49	0
2.357	1	13	236	8	15	8	49	0
2.359	1	13	236	10	15	8	49	0
2.361	1	13	237	2	15	8	49	0
2.363	1	13	237	4	15	8	49	0
2.364	1	13	237	5	15	8	49	0
2.366	1	13	237	7	15	8	49	0
2.368	1	13	237	9	15	8	49	0
2.37	1	13	238	1	15	8	49	0
2.372	1	13	238	3	15	8	49	0
2.374	1	13	238	5	15	8	49	0
2.376	1	13	238	7	15	8	49	0
2.378	1	13	238	9	15	8	49	0
2.379	1	13	238	10	15	8	49	0
2.381	1	13	239	2	15	8	49	0
2.383	1	13	239	4	15	8	49	0
2.385	1	13	239	6	15	8	49	0
2.387	1	13	239	8	15	8	49	0
2.389	1	13	239	10	15	8	49	0
2.391	1	13	240	2	15	8	49	0
2.393	1	13	240	4	15	8	49	0
2.394	1	13	240	5	15	8	49	0
2.396	1	13	240	7	15	8	49	0
2.398	1	13	240	9	15	8	49	0
2.4	1	13	241	1	15	8	49	0
2.402	1	13	241	3	15	8	49	0
2.404	1	13	241	5	15	8	49	0
2.406	1	13	241	7	15	8	49	0
2.408	1	13	241	9	15	8	49	0
2.409	1	13	241	10	15	8	49	0
2.411	1	13	242	2	15	8	49	0
2.413	1	13	242	4	15	8	49	0
2.415	1	13	242	6	15	8	49	0
2.417	1	13	242	8	15	8	49	0
2.419	1	13	242	10	15	8	49	0
2.421	1	13	243	2	15	8	49	0
2.423	1	13	243	4	15	8	49	0
2.424	1	13	243	5	15	8	49	0
2.426	1	13	243	7	15	8	49	0
2.428	1	13	243	9	15	8	49	0
2.43	1	13	244	1	15	8	49	0
2.432	1	13	244	3	15	8	49	0
2.434	1	13	244	5	15	8	49	0
2.436	1	13	244	7	15	8	49	0
2.438	1	13	244	9	15	8	49	0
2.439	1	13	244	10	15	8	49	0
2.441	1	13	245	2	15	8	49	0
2.443	1	13	245	4	15	8	49	0
2.445	1	13	245	6	15	8	49	0
2.447	1	13	245	8	15	8	49	0
2.449	1	13	245	10	15	8	49	0
2.451	1	13	246	2	15	8	49	0
2.453	1	13	246	4	15	8	49	0
2.454	1	13	246	5	15	8	49	0
2.456	1	13	246	7	15	8	49	0
2.458	1	13	246	9	15	8	49	0
2.46	1	13	247	1	15	8	49	0
2.462	1	13	247	3	15	8	49	0
2.464	1	13	247	5	15	8	49	0
2.466	1	13	247	7	15	8	49	0
2.468	1	13	247	9	15	8	49	0
2.469	1	13	247	10	15	8	49	0
2.471	1	13	248	2	15	8	49	0
2.473	1	13	248	4	15	8	49	0
2.475	1	13	248	6	15	8	49	0
2.477	1	13	248	8	15	8	49	0
2.479	1	13	248	10	15	8	49	0
2.481	1	13	249	2	15	8	49	0
2.483	1	13	249	4	15	8	49	0
2.484	1	13	249	5	15	8	49	0
2.486	1	13	249	7	15	8	49	0
2.488	1	13	249	9	15	8	49	0
2.49	1	13	250	1	15	8	49	0
2.492	1	13	250	3	15	8	49	0
2.494	1	13	250	5	15	8	49	0
2.496	1	13	250	7	15	8	49	0
2.498	1	13	250	9	15	8	49	0
2.499	1	13	250	10	15	8	49	0
2.501	1	13	251	2	15	8	49	0
2.503	1	13	251	4	15	8	49	0
2.505	1	13	251	6	15	8	49	0
2.507	1	13	251	8	15	8	49	0
2.509	1	13	251	10	15	8	49	0
2.511	1	13	252	2	15	8	49	0
2.513	1	13	252	4	15	8	49	0
2.514	1	13	252	5	15	8	49	0
2.516	1	13	252	7	15	8	49	0
2.518	1	13	252	9	15	8	49	0
2.52	1	13	253	1	15	8	49	0
2.522	1	13	253	3	15	8	49	0
2.524	1	13	253	5	15	8	49	0
2.526	1	13	253	7	15	8	49	0
2.528	1	13	253	9	15	8	49	0
2.529	1	13	253	10	15	8	49	0
2.531	1	13	254	2	15	8	49	0
2.533	1	13	254	4	15	8	49	0
2.535	1	13	254	6	15	8	49	0
2.537	1	13	254	8	15	8	49	0
2.539	1	13	254	10	15	8	49	0
2.541	1	13	255	2	15	8	49	0
2.543	1	13	255	4	15	8	49	0
2.544	1	13	255	5	15	8	49	0
2.546	1	13	255	7	15	8	49	0
2.548	1	13	255	9	15	8	49	0
2.55	1	13	256	1	15	8	49	0
2.552	1	13	256	3	15	8	49	0
2.554	1	13	256	5	15	8	49	0
2.556	1	13	256	7	15	8	49	0
2.558	1	13	256	9	15	8	49	0
2.559	1	13	256	10	15	8	49	0
2.561	1	13	257	2	15	8	49	0
2.563	1	13	257	4	15	8	49	0
2.565	1	13	257	6	15	8	49	0
2.567	1	13	257	8	15	8	49	0
2.569	1	13	257	10	15	8	49	0
2.571	1	13	258	2	15	8	49	0
2.573	1	13	258	4	15	8	49	0
2.574	1	13	258	5	15	8	49	0
2.576	1	13	258	7	15	8	49	0
2.578	1	13	258	9	15	8	49	0
2.58	1	13	259	1	15	8	49	0
2.582	1	13	259	3	15	8	49	0
2.584	1	13	259	5	15	8	49	0
2.586	1	13	259	7	15	8	49	0
2.588	1	13	259	9	15	8	49	0
2.589	1	13	259	10	15	8	49	0
2.591	1	13	260	2	15	8	49	0
2.593	1	13	260	4	15	8	49	0
2.595	1	13	260	6	15	8	49	0
2.597	1	13	260	8	15	8	49	0
2.599	1	13	260	10	15	8	49	0
2.601	1	13	261	2	15	8	49	0
2.603	1	13	261	4	15	8	49	0
2.604	1	13	261	5	15	8	49	0
2.606	1	13	261	7	15	8	49	0
2.608	1	13	261	9	15	8	49	0
2.61	1	13	262	1	15	8	49	0
2.612	1	13	262	3	15	8	49	0
2.614	1	13	262	5	15	8	49	0
2.616	1	13	262	7	15	8	49	0
2.618	1	13	262	9	15	8	49	0
2.619	1	13	262	10	15	8	49	0
2.621	1	13	263	2	15	8	49	0
2.623	1	13	263	4	15	8	49	0
2.625	1	13	263	6	15	8	49	0
2.627	1	13	263	8	15	8	49	0
2.629	1	13	263	10	15	8	49	0
2.631	1	13	264	2	15	8	49	0
2.633	1	13	264	4	15	8	49	0
2.634	1	13	264	5	15	8	49	0
2.636	1	13	264	7	15	8	49	0
2.638	1	13	264	9	15	8	49	0
2.64	1	13	265	1	15	8	49	0
2.642	1	13	265	3	15	8	49	0
2.644	1	13	265	5	15	8	49	0
2.646	1	13	265	7	15	8	49	0
2.648	1	13	265	9	15	8	49	0
2.649	1	13	265	10	15	8	49	0
2.651	1	13	266	2	15	8	49	0
2.653	1	13	266	4	15	8	49	0
2.655	1	13	266	6	15	8	49	0
2.657	1	13	266	8	15	8	49	0
2.659	1	13	266	10	15	8	49	0
2.661	1	13	267	2	15	8	49	0
2.663	1	13	267	4	15	8	49	0
2.664	1	13	267	5	15	8	49	0
2.666	1	13	267	7	15	8	49	0
2.668	1	13	267	9	15	8	49	0
2.67	1	13	268	1	15	8	49	0
2.672	1	13	268	3	15	8	49	0
2.674	1	13	268	5	15	8	49	0
2.676	1	13	268	7	15	8	49	0
2.678	1	13	268	9	15	8	49	0
2.679	1	13	268	10	15	8	49	0
2.681	1	13	269	2	15	8	49	0
2.683	1	13	269	4	15	8	49	0
2.685	1	13	269	6	15	8	49	0
2.687	1	13	269	8	15	8	49	0
2.689	1	13	269	10	15	8	49	0
2.691	1	13	270	2	15	8	49	0
2.693	1	13	270	4	15	8	49	0
2.694	1	13	270	5	15	8	49	0
2.696	1	13	270	7	15	8	49	0
2.698	1	13	270	9	15	8	49	0
2.7	1	13	271	1	15	8	49	0
2.702	1	13	271	3	15	8	49	0
2.704	1	13	271	5	15	8	49	0
2.706	1	13	271	7	15	8	49	0
2.708	1	13	271	9	15	8	49	0
2.709	1	13	271	10	15	8	49	0
2.711	1	13	272	2	15	8	49	0
2.713	1	13	272	4	15	8	49	0
2.715	1	13	272	6	15	8	49	0
2.717	1	13	272	8	15	8	49	0
2.719	1	13	272	10	15	8	49	0
2.721	1	13	273	2	15	8	49	0
2.723	1	13	273	4	15	8	49	0
2.724	1	13	273	5	15	8	49	0
2.726	1	13	273	7	15	8	49	0
2.728	1	13	273	9	15	8	49	0
2.73	1	13	274	1	15	8	49	0
2.732	1	13	274	3	15	8	49	0
2.734	1	13	274	5	15	8	49	0
2.736	1	13	274	7	15	8	49	0
2.738	1	13	274	9	15	8	49	0
2.739	1	13	274	10	15	8	49	0
2.741	1	13	275	2	15	8	49	0
2.743	1	13	275	4	15	8	49	0
2.745	1	13	275	6	15	8	49	0
2.747	1	13	275	8	15	8	49	0
2.749	1	13	275	10	15	8	49	0
2.751	1	13	276	2	15	8	49	0
2.753	1	13	276	4	15	8	49	0
2.754	1	13	276	5	15	8	49	0
2.756	1	13	276	7	15	8	49	0
2.758	1	13	276	9	15	8	49	0
2.76	1	13	277	1	15	8	49	0
2.762	1	13	277	3	15	8	49	0
2.764	1	13	277	5	15	8	49	0
2.766	1	13	277	7	15	8	49	0
2.768	1	13	277	9	15	8	49	0
2.769	1	13	277	10	15	8	49	0
2.771	1	13	278	2	15	8	49	0
2.773	1	13	278	4	15	8	49	0
2.775	1	13	278	6	15	8	49	0
2.777	1	13	278	8	15	8	49	0
2.779	1	13	278	10	15	8	49	0
2.781	1	13	279	2	15	8	49	0
2.783	1	13	279	4	15	8	49	0
2.784	1	13	279	5	15	8	49	0
2.786	1	13	279	7	15	8	49	0
2.788	1	13	279	9	15	8	49	0
2.79	1	13	280	1	15	8	49	0
2.792	1	13	280	3	15	8	49	0
2.794	1	13	280	5	15	8	49	0
2.796	1	13	280	7	15	8	49	0
2.798	1	13	280	9	15	8	49	0
2.799	1	13	280	10	15	8	49	0
2.801	1	13	281	2	15	8	49	0
2.803	1	13	281	4	15	8	49	0
2.805	1	13	281	6	15	8	49	0
2.807	1	13	281	8	15	8	49	0
2.809	1	13	281	10	15	8	49	0
2.811	1	13	282	2	15	8	49	0
2.813	1	13	282	4	15	8	49	0
2.814	1	13	282	5	15	8	49	0
2.816	1	13	282	7	15	8	49	0
2.818	1	13	282	9	15	8	49	0
2.82	1	13	283	1	15	8	49	0
2.822	1	13	283	3	15	8	49	0
2.824	1	13	283	5	15	8	49	0
2.826	1	13	283	7	15	8	49	0
2.828	1	13	283	9	15	8	49	0
2.829	1	13	283	10	15	8	49	0
2.831	1	13	284	2	15	8	49	0
2.833	1	13	284	4	15	8	49	0
2.835	1	13	284	6	15	8	49	0
2.837	1	13	284	8	15	8	49	0
2.839	1	13	284	10	15	8	49	0
2.841	1	13	285	2	15	8	49	0
2.843	1	13	285	4	15	8	49	0
2.844	1	13	285	5	15	8	49	0
2.846	1	13	285	7	15	8	49	0
2.848	1	13	285	9	15	8	49	0
2.85	1	13	286	1	15	8	49	0
2.852	1	13	286	3	15	8	49	0
2.854	1	13	286	5	15	8	49	0
2.856	1	13	286	7	15	8	49	0
2.858	1	13	286	9	15	8	49	0
2.859	1	13	286	10	15	8	49	0
2.861	1	13	287	2	15	8	49	0
2.863	1	13	287	4	15	8	49	0
2.865	1	13	287	6	15	8	49	0
2.867	1	13	287	8	15	8	49	0
2.869	1	13	287	10	15	8	49	0
2.871	1	13	288	2	15	8	49	0
2.873	1	13	288	4	15	8	49	0
2.874	1	13	288	5	15	8	49	0
2.876	1	13	288	7	15	8	49	0
2.878	1	13	288	9	15	8	49	0
2.88	1	13	289	1	15	8	49	0
2.882	1	13	289	3	15	8	49	0
2.884	1	13	289	5	15	8	49	0
2.886	1	13	289	7	15	8	49	0
2.888	1	13	289	9	15	8	49	0
2.889	1	13	289	10	15	8	49	0
2.891	1	13	290	2	15	8	49	0
2.893	1	13	290	4	15	8	49	0
2.895	1	13	290	6	15	8	49	0
2.897	1	13	290	8	15	8	49	0
2.899	1	13	290	10	15	8	49	0
2.901	1	13	291	2	15	8	49	0
2.903	1	13	291	4	15	8	49	0
2.904	1	13	291	5	15	8	49	0
2.906	1	13	291	7	15	8	49	0
2.908	1	13	291	9	15	8	49	0
2.91	1	13	292	1	15	8	49	0
2.912	1	13	292	3	15	8	49	0
2.914	1	13	292	5	15	8	49	0
2.916	1	13	292	7	15	8	49	0
2.918	1	13	292	9	15	8	49	0
2.919	1	13	292	10	15	8	49	0
2.921	1	13	293	2	15	8	49	0
2.923	1	13	293	4	15	8	49	0
2.925	1	13	293	6	15	8	49	0
2.927	1	13	293	8	15	8	49	0
2.929	1	13	293	10	15	8	49	0
2.931	1	13	294	2	15	8	49	0
2.933	1	13	294	4	15	8	49	0
2.934	1	13	294	5	15	8	49	0
2.936	1	13	294	7	15	8	49	0
2.938	1	13	294	9	15	8	49	0
2.94	1	13	295	1	15	8	49	0
2.942	1	13	295	3	15	8	49	0
2.944	1	13	295	5	15	8	49	0
2.946	1	13	295	7	15	8	49	0
2.948	1	13	295	9	15	8	49	0
2.949	1	13	295	10	15	8	49	0
2.951	1	13	296	2	15	8	49	0
2.953	1	13	296	4	15	8	49	0
2.955	1	13	296	6	15	8	49	0
2.957	1	13	296	8	15	8	49	0
2.959	1	13	296	10	15	8	49	0
2.961	1	13	297	2	15	8	49	0
2.963	1	13	297	4	15	8	49	0
2.964	1	13	297	5	15	8	49	0
2.966	1	13	297	7	15	8	49	0
2.968	1	13	297	9	15	8	49	0
2.97	1	13	298	1	15	8	49	0
2.972	1	13	298	3	15	8	49	0
2.974	1	13	298	5	15	8	49	0
2.976	1	13	298	7	15	8	49	0
2.978	1	13	298	9	15	8	49	0
2.979	1	13	298	10	15	8	49	0
2.981	1	13	299	2	15	8	49	0
2.983	1	13	299	4	15	8	49	0
2.985	1	13	299	6	15	8	49	0
2.987	1	13	299	8	15	8	49	0
2.989	1	13	299	10	15	8	49	0
2.991	1	13	300	2	15	8	49	0
2.993	1	13	300	4	15	8	49	0
2.994	1	13	300	5	15	8	49	0
2.996	1	13	300	7	15	8	49	0
2.998	1	13	300	9	15	8	49	0
3	1	13	301	1	15	8	49	0
3.002	1	13	301	3	15	8	49	0
3.004	1	13	301	5	15	8	49	0
3.006	1	13	301	7	15	8	49	0
3.008	1	13	301	9	15	8	49	0
3.009	1	13	301	10	15	8	49	0
3.011	1	13	302	2	15	8	49	0
3.013	1	13	302	4	15	8	49	0
3.015	1	13	302	6	15	8	49	0
3.017	1	13	302	8	15	8	49	0
3.019	1	13	302	10	15	8	49	0
3.021	1	13	303	2	15	8	49	0
3.023	1	13	303	4	15	8	49	0
3.024	1	13	303	5	15	8	49	0
3.026	1	13	303	7	15	8	49	0
3.028	1	13	303	9	15	8	49	0
3.03	1	13	304	1	15	8	49	0
3.032	1	13	304	3	15	8	49	0
3.034	1	13	304	5	15	8	49	0
3.036	1	13	304	7	15	8	49	0
3.038	1	13	304	9	15	8	49	0
3.039	1	13	304	10	15	8	49	0
3.041	1	13	305	2	15	8	49	0
3.043	1	13	305	4	15	8	49	0
3.045	1	13	305	6	15	8	49	0
3.047	1	13	305	8	15	8	49	0
3.049	1	13	305	10	15	8	49	0
3.051	1	13	306	2	15	8	49	0
3.053	1	13	306	4	15	8	49	0
3.054	1	13	306	5	15	8	49	0
3.056	1	13	306	7	15	8	49	0
3.058	1	13	306	9	15	8	49	0
3.06	1	13	307	1	15	8	49	0
3.062	1	13	307	3	15	8	49	0
3.064	1	13	307	5	15	8	49	0
3.066	1	13	307	7	15	8	49	0
3.068	1	13	307	9	15	8	49	0
3.069	1	13	307	10	15	8	49	0
3.071	1	13	308	2	15	8	49	0
3.073	1	13	308	4	15	8	49	0
3.075	1	13	308	6	15	8	49	0
3.077	1	13	308	8	15	8	49	0
3.079	1	13	308	10	15	8	49	0
3.081	1	13	309	2	15	8	49	0
3.083	1	13	309	4	15	8	49	0
3.084	1	13	309	5	15	8	49	0
3.086	1	13	309	7	15	8	49	0
3.088	1	13	309	9	15	8	49	0
3.09	1	13	310	1	15	8	49	0
3.092	1	13	310	3	15	8	49	0
3.094	1	13	310	5	15	8	49	0
3.096	1	13	310	7	15	8	49	0
3.098	1	13	310	9	15	8	49	0
3.099	1	13	310	10	15	8	49	0
3.101	1	13	311	2	15	8	49	0
3.103	1	13	311	4	15	8	49	0
3.105	1	13	311	6	15	8	49	0
3.107	1	13	311	8	15	8	49	0
3.109	1	13	311	10	15	8	49	0
3.111	1	13	312	2	15	8	49	0
3.113	1	13	312	4	15	8	49	0
3.114	1	13	312	5	15	8	49	0
3.116	1	13	312	7	15	8	49	0
3.118	1	13	312	9	15	8	49	0
3.12	1	13	313	1	15	8	49	0
3.122	1	13	313	3	15	8	49	0
3.124	1	13	313	5	15	8	49	0
3.126	1	13	313	7	15	8	49	0
3.128	1	13	313	9	15	8	49	0
3.129	1	13	313	10	15	8	49	0
3.131	1	13	314	2	15	8	49	0
3.133	1	13	314	4	15	8	49	0
3.135	1	13	314	6	15	8	49	0
3.137	1	13	314	8	15	8	49	0
3.139	1	13	314	10	15	8	49	0
3.141	1	13	315	2	15	8	49	0
3.143	1	13	315	4	15	8	49	0
3.144	1	13	315	5	15	8	49	0
3.146	1	13	315	7	15	8	49	0
3.148	1	13	315	9	15	8	49	0
3.15	1	13	316	1	15	8	49	0
3.152	1	13	316	3	15	8	49	0
3.154	1	13	316	5	15	8	49	0
3.156	1	13	316	7	15	8	49	0
3.158	1	13	316	9	15	8	49	0
3.159	1	13	316	10	15	8	49	0
3.161	1	13	317	2	15	8	49	0
3.163	1	13	317	4	15	8	49	0
3.165	1	13	317	6	15	8	49	0
3.167	1	13	317	8	15	8	49	0
3.169	1	13	317	10	15	8	49	0
3.171	1	13	318	2	15	8	49	0
3.173	1	13	318	4	15	8	49	0
3.174	1	13	318	5	15	8	49	0
3.176	1	13	318	7	15	8	49	0
3.178	1	13	318	9	15	8	49	0
3.18	1	13	319	1	15	8	49	0
3.182	1	13	319	3	15	8	49	0
3.184	1	13	319	5	15	8	49	0
3.186	1	13	319	7	15	8	49	0
3.188	1	13	319	9	15	8	49	0
3.189	1	13	319	10	15	8	49	0
3.191	1	13	320	2	15	8	49	0
3.193	1	13	320	4	15	8	49	0
3.195	1	13	320	6	15	8	49	0
3.197	1	13	320	8	15	8	49	0
3.199	1	13	320	10	15	8	49	0
3.201	1	13	321	2	15	8	49	0
3.203	1	13	321	4	15	8	49	0
3.204	1	13	321	5	15	8	49	0
3.206	1	13	321	7	15	8	49	0
3.208	1	13	321	9	15	8	49	0
3.21	1	13	322	1	15	8	49	0
3.212	1	13	322	3	15	8	49	0
3.214	1	13	322	5	15	8	49	0
3.216	1	13	322	7	15	8	49	0
3.218	1	13	322	9	15	8	49	0
3.219	1	13	322	10	15	8	49	0
3.221	1	13	323	2	15	8	49	0
3.223	1	13	323	4	15	8	49	0
3.225	1	13	323	6	15	8	49	0
3.227	1	13	323	8	15	8	49	0
3.229	1	13	323	10	15	8	49	0
3.231	1	13	324	2	15	8	49	0
3.233	1	13	324	4	15	8	49	0
3.234	1	13	324	5	15	8	49	0
3.236	1	13	324	7	15	8	49	0
3.238	1	13	324	9	15	8	49	0
3.24	1	13	325	1	15	8	49	0
3.242	1	13	325	3	15	8	49	0
3.244	1	13	325	5	15	8	49	0
3.246	1	13	325	7	15	8	49	0
3.248	1	13	325	9	15	8	49	0
3.249	1	13	325	10	15	8	49	0
3.251	1	13	326	2	15	8	49	0
3.253	1	13	326	4	15	8	49	0
3.255	1	13	326	6	15	8	49	0
3.257	1	13	326	8	15	8	49	0
3.259	1	13	326	10	15	8	49	0
3.261	1	13	327	2	15	8	49	0
3.263	1	13	327	4	15	8	49	0
3.264	1	13	327	5	15	8	49	0
3.266	1	13	327	7	15	8	49	0
3.268	1	13	327	9	15	8	49	0
3.27	1	13	328	1	15	8	49	0
3.272	1	13	328	3	15	8	49	0
3.274	1	13	328	5	15	8	49	0
3.276	1	13	328	7	15	8	49	0
3.278	1	13	328	9	15	8	49	0
3.279	1	13	328	10	15	8	49	0
3.281	1	13	329	2	15	8	49	0
3.283	1	13	329	4	15	8	49	0
3.285	1	13	329	6	15	8	49	0
3.287	1	13	329	8	15	8	49	0
3.289	1	13	329	10	15	8	49	0
3.291	1	13	330	2	15	8	49	0
3.293	1	13	330	4	15	8	49	0
3.294	1	13	330	5	15	8	49	0
3.296	1	13	330	7	15	8	49	0
3.298	1	13	330	9	15	8	49	0
3.3	1	13	331	1	15	8	49	0
3.302	1	13	331	3	15	8	49	0
3.304	1	13	331	5	15	8	49	0
3.306	1	13	331	7	15	8	49	0
3.308	1	13	331	9	15	8	49	0
3.309	1	13	331	10	15	8	49	0
3.311	1	13	332	2	15	8	49	0
3.313	1	13	332	4	15	8	49	0
3.315	1	13	332	6	15	8	49	0
3.317	1	13	332	8	15	8	49	0
3.319	1	13	332	10	15	8	49	0
3.321	1	13	333	2	15	8	49	0
3.323	1	13	333	4	15	8	49	0
3.324	1	13	333	5	15	8	49	0
3.326	1	13	333	7	15	8	49	0
3.328	1	13	333	9	15	8	49	0
3.33	1	13	334	1	15	8	49	0
3.332	1	13	334	3	15	8	49	0
3.334	1	13	334	5	15	8	49	0
3.336	1	13	334	7	15	8	49	0
3.338	1	13	334	9	15	8	49	0
3.339	1	13	334	10	15	8	49	0
3.341	1	13	335	2	15	8	49	0
3.343	1	13	335	4	15	8	49	0
3.345	1	13	335	6	15	8	49	0
3.347	1	13	335	8	15	8	49	0
3.349	1	13	335	10	15	8	49	0
3.351	1	13	336	2	15	8	49	0
3.353	1	13	336	4	15	8	49	0
3.354	1	13	336	5	15	8	49	0
3.356	1	13	336	7	15	8	49	0
3.358	1	13	336	9	15	8	49	0
3.36	1	13	337	1	15	8	49	0
3.362	1	13	337	3	15	8	49	0
3.364	1	13	337	5	15	8	49	0
3.366	1	13	337	7	15	8	49	0
3.368	1	13	337	9	15	8	49	0
3.369	1	13	337	10	15	8	49	0
3.371	1	13	338	2	15	8	49	0
3.373	1	13	338	4	15	8	49	0
3.375	1	13	338	6	15	8	49	0
3.377	1	13	338	8	15	8	49	0
3.379	1	13	338	10	15	8	49	0
3.381	1	13	339	2	15	8	49	0
3.383	1	13	339	4	15	8	49	0
3.384	1	13	339	5	15	8	49	0
3.386	1	13	339	7	15	8	49	0
3.388	1	13	339	9	15	8	49	0
3.39	1	13	340	1	15	8	49	0
3.392	1	13	340	3	15	8	49	0
3.394	1	13	340	5	15	8	49	0
3.396	1	13	340	7	15	8	49	0
3.398	1	13	340	9	15	8	49	0
3.399	1	13	340	10	15	8	49	0
3.401	1	13	341	2	15	8	49	0
3.403	1	13	341	4	15	8	49	0
3.405	1	13	341	6	15	8	49	0
3.407	1	13	341	8	15	8	49	0
3.409	1	13	341	10	15	8	49	0
3.411	1	13	342	2	15	8	49	0
3.413	1	13	342	4	15	8	49	0
3.414	1	13	342	5	15	8	49	0
3.416	1	13	342	7	15	8	49	0
3.418	1	13	342	9	15	8	49	0
3.42	1	13	343	1	15	8	49	0
3.422	1	13	343	3	15	8	49	0
3.424	1	13	343	5	15	8	49	0
3.426	1	13	343	7	15	8	49	0
3.428	1	13	343	9	15	8	49	0
3.429	1	13	343	10	15	8	49	0
3.431	1	13	344	2	15	8	49	0
3.433	1	13	344	4	15	8	49	0
3.435	1	13	344	6	15	8	49	0
3.437	1	13	344	8	15	8	49	0
3.439	1	13	344	10	15	8	49	0
3.441	1	13	345	2	15	8	49	0
3.443	1	13	345	4	15	8	49	0
3.444	1	13	345	5	15	8	49	0
3.446	1	13	345	7	15	8	49	0
3.448	1	13	345	9	15	8	49	0
3.45	1	13	346	1	15	8	49	0
3.452	1	13	346	3	15	8	49	0
3.454	1	13	346	5	15	8	49	0
3.456	1	13	346	7	15	8	49	0
3.458	1	13	346	9	15	8	49	0
3.459	1	13	346	10	15	8	49	0
3.461	1	13	347	2	15	8	49	0
3.463	1	13	347	4	15	8	49	0
3.465	1	13	347	6	15	8	49	0
3.467	1	13	347	8	15	8	49	0
3.469	1	13	347	10	15	8	49	0
3.471	1	13	348	2	15	8	49	0
3.473	1	13	348	4	15	8	49	0
3.474	1	13	348	5	15	8	49	0
3.476	1	13	348	7	15	8	49	0
3.478	1	13	348	9	15	8	49	0
3.48	1	13	349	1	15	8	49	0
3.482	1	13	349	3	15	8	49	0
3.484	1	13	349	5	15	8	49	0
3.486	1	13	349	7	15	8	49	0
3.488	1	13	349	9	15	8	49	0
3.489	1	13	349	10	15	8	49	0
3.491	1	13	350	2	15	8	49	0
3.493	1	13	350	4	15	8	49	0
3.495	1	13	350	6	15	8	49	0
3.497	1	13	350	8	15	8	49	0
3.499	1	13	350	10	15	8	49	0
3.501	1	13	351	2	15	8	49	0
3.503	1	13	351	4	15	8	49	0
3.504	1	13	351	5	15	8	49	0
3.506	1	13	351	7	15	8	49	0
3.508	1	13	351	9	15	8	49	0
3.51	1	13	352	1	15	8	49	0
3.512	1	13	352	3	15	8	49	0
3.514	1	13	352	5	15	8	49	0
3.516	1	13	352	7	15	8	49	0
3.518	1	13	352	9	15	8	49	0
3.519	1	13	352	10	15	8	49	0
3.521	1	13	353	2	15	8	49	0
3.523	1	13	353	4	15	8	49	0
3.525	1	13	353	6	15	8	49	0
3.527	1	13	353	8	15	8	49	0
3.529	1	13	353	10	15	8	49	0
3.531	1	13	354	2	15	8	49	0
3.533	1	13	354	4	15	8	49	0
3.534	1	13	354	5	15	8	49	0
3.536	1	13	354	7	15	8	49	0
3.538	1	13	354	9	15	8	49	0
3.54	1	13	355	1	15	8	49	0
3.542	1	13	355	3	15	8	49	0
3.544	1	13	355	5	15	8	49	0
3.546	1	13	355	7	15	8	49	0
3.548	1	13	355	9	15	8	49	0
3.549	1	13	355	10	15	8	49	0
3.551	1	13	356	2	15	8	49	0
3.553	1	13	356	4	15	8	49	0
3.555	1	13	356	6	15	8	49	0
3.557	1	13	356	8	15	8	49	0
3.559	1	13	356	10	15	8	49	0
3.561	1	13	357	2	15	8	49	0
3.563	1	13	357	4	15	8	49	0
3.564	1	13	357	5	15	8	49	0
3.566	1	13	357	7	15	8	49	0
3.568	1	13	357	9	15	8	49	0
3.57	1	13	358	1	15	8	49	0
3.572	1	13	358	3	15	8	49	0
3.574	1	13	358	5	15	8	49	0
3.576	1	13	358	7	15	8	49	0
3.578	1	13	358	9	15	8	49	0
3.579	1	13	358	10	15	8	49	0
3.581	1	13	359	2	15	8	49	0
3.583	1	13	359	4	15	8	49	0
3.585	1	13	359	6	15	8	49	0
3.587	1	13	359	8	15	8	49	0
3.589	1	13	359	10	15	8	49	0
3.591	1	13	360	2	15	8	49	0
3.593	1	13	360	4	15	8	49	0
3.594	1	13	360	5	15	8	49	0
3.596	1	13	360	7	15	8	49	0
3.598	1	13	360	9	15	8	49	0
3.6	1	13	361	1	15	8	49	0
3.602	1	13	361	3	15	8	49	0
3.604	1	13	361	5	15	8	49	0
3.606	1	13	361	7	15	8	49	0
3.608	1	13	361	9	15	8	49	0
3.609	1	13	361	10	15	8	49	0
3.611	1	13	362	2	15	8	49	0
3.613	1	13	362	4	15	8	49	0
3.615	1	13	362	6	15	8	49	0
3.617	1	13	362	8	15	8	49	0
3.619	1	13	362	10	15	8	49	0
3.621	1	13	363	2	15	8	49	0
3.623	1	13	363	4	15	8	49	0
3.624	1	13	363	5	15	8	49	0
3.626	1	13	363	7	15	8	49	0
3.628	1	13	363	9	15	8	49	0
3.63	1	13	364	1	15	8	49	0
3.632	1	13	364	3	15	8	49	0
3.634	1	13	364	5	15	8	49	0
3.636	1	13	364	7	15	8	49	0
3.638	1	13	364	9	15	8	49	0
3.639	1	13	364	10	15	8	49	0
3.641	1	13	365	2	15	8	49	0
3.643	1	13	365	4	15	8	49	0
3.645	1	13	365	6	15	8	49	0
3.647	1	13	365	8	15	8	49	0
3.649	1	13	365	10	15	8	49	0
3.651	1	13	366	2	15	8	49	0
3.653	1	13	366	4	15	8	49	0
3.654	1	13	366	5	15	8	49	0
3.656	1	13	366	7	15	8	49	0
3.658	1	13	366	9	15	8	49	0
3.66	1	13	367	1	15	8	49	0
3.662	1	13	367	3	15	8	49	0
3.664	1	13	367	5	15	8	49	0
3.666	1	13	367	7	15	8	49	0
3.668	1	13	367	9	15	8	49	0
3.669	1	13	367	10	15	8	49	0
3.671	1	13	368	2	15	8	49	0
3.673	1	13	368	4	15	8	49	0
3.675	1	13	368	6	15	8	49	0
3.677	1	13	368	8	15	8	49	0
3.679	1	13	368	10	15	8	49	0
3.681	1	13	369	2	15	8	49	0
3.683	1	13	369	4	15	8	49	0
3.684	1	13	369	5	15	8	49	0
3.686	1	13	369	7	15	8	49	0
3.688	1	13	369	9	15	8	49	0
3.69	1	13	370	1	15	8	49	0
3.692	1	13	370	3	15	8	49	0
3.694	1	13	370	5	15	8	49	0
3.696	1	13	370	7	15	8	49	0
3.698	1	13	370	9	15	8	49	0
3.699	1	13	370	10	15	8	49	0
3.701	1	13	371	2	15	8	49	0
3.703	1	13	371	4	15	8	49	0
3.705	1	13	371	6	15	8	49	0
3.707	1	13	371	8	15	8	49	0
3.709	1	13	371	10	15	8	49	0
3.711	1	13	372	2	15	8	49	0
3.713	1	13	372	4	15	8	49	0
3.714	1	13	372	5	15	8	49	0
3.716	1	13	372	7	15	8	49	0
3.718	1	13	372	9	15	8	49	0
3.72	1	13	373	1	15	8	49	0
3.722	1	13	373	3	15	8	49	0
3.724	1	13	373	5	15	8	49	0
3.726	1	13	373	7	15	8	49	0
3.728	1	13	373	9	15	8	49	0
3.729	1	13	373	10	15	8	49	0
3.731	1	13	374	2	15	8	49	0
3.733	1	13	374	4	15	8	49	0
3.735	1	13	374	6	15	8	49	0
3.737	1	13	374	8	15	8	49	0
3.739	1	13	374	10	15	8	49	0
3.741	1	13	375	2	15	8	49	0
3.743	1	13	375	4	15	8	49	0
3.744	1	13	375	5	15	8	49	0
3.746	1	13	375	7	15	8	49	0
3.748	1	13	375	9	15	8	49	0
3.75	1	13	376	1	15	8	49	0
3.752	1	13	376	3	15	8	49	0
3.754	1	13	376	5	15	8	49	0
3.756	1	13	376	7	15	8	49	0
3.758	1	13	376	9	15	8	49	0
3.759	1	13	376	10	15	8	49	0
3.761	1	13	377	2	15	8	49	0
3.763	1	13	377	4	15	8	49	0
3.765	1	13	377	6	15	8	49	0
3.767	1	13	377	8	15	8	49	0
3.769	1	13	377	10	15	8	49	0
3.771	1	13	378	2	15	8	49	0
3.773	1	13	378	4	15	8	49	0
3.774	1	13	378	5	15	8	49	0
3.776	1	13	378	7	15	8	49	0
3.778	1	13	378	9	15	8	49	0
3.78	1	13	379	1	15	8	49	0
3.782	1	13	379	3	15	8	49	0
3.784	1	13	379	5	15	8	49	0
3.786	1	13	379	7	15	8	49	0
3.788	1	13	379	9	15	8	49	0
3.789	1	13	379	10	15	8	49	0
3.791	1	13	380	2	15	8	49	0
3.793	1	13	380	4	15	8	49	0
3.795	1	13	380	6	15	8	49	0
3.797	1	13	380	8	15	8	49	0
3.799	1	13	380	10	15	8	49	0
3.801	1	13	381	2	15	8	49	0
3.803	1	13	381	4	15	8	49	0
3.804	1	13	381	5	15	8	49	0
3.806	1	13	381	7	15	8	49	0
3.808	1	13	381	9	15	8	49	0
3.81	1	13	382	1	15	8	49	0
3.812	1	13	382	3	15	8	49	0
3.814	1	13	382	5	15	8	49	0
3.816	1	13	382	7	15	8	49	0
3.818	1	13	382	9	15	8	49	0
3.819	1	13	382	10	15	8	49	0
3.821	1	13	383	2	15	8	49	0
3.823	1	13	383	4	15	8	49	0
3.825	1	13	383	6	15	8	49	0
3.827	1	13	383	8	15	8	49	0
3.829	1	13	383	10	15	8	49	0
3.831	1	13	384	2	15	8	49	0
3.833	1	13	384	4	15	8	49	0
3.834	1	13	384	5	15	8	49	0
3.836	1	13	384	7	15	8	49	0
3.838	1	13	384	9	15	8	49	0
3.84	1	13	385	1	15	8	49	0
3.842	1	13	385	3	15	8	49	0
3.844	1	13	385	5	15	8	49	0
3.846	1	13	385	7	15	8	49	0
3.848	1	13	385	9	15	8	49	0
3.849	1	13	385	10	15	8	49	0
3.851	1	13	386	2	15	8	49	0
3.853	1	13	386	4	15	8	49	0
3.855	1	13	386	6	15	8	49	0
3.857	1	13	386	8	15	8	49	0
3.859	1	13	386	10	15	8	49	0
3.861	1	13	387	2	15	8	49	0
3.863	1	13	387	4	15	8	49	0
3.864	1	13	387	5	15	8	49	0
3.866	1	13	387	7	15	8	49	0
3.868	1	13	387	9	15	8	49	0
3.87	1	13	388	1	15	8	49	0
3.872	1	13	388	3	15	8	49	0
3.874	1	13	388	5	15	8	49	0
3.876	1	13	388	7	15	8	49	0
3.878	1	13	388	9	15	8	49	0
3.879	1	13	388	10	15	8	49	0
3.881	1	13	389	2	15	8	49	0
3.883	1	13	389	4	15	8	49	0
3.885	1	13	389	6	15	8	49	0
3.887	1	13	389	8	15	8	49	0
3.889	1	13	389	10	15	8	49	0
3.891	1	13	390	2	15	8	49	0
3.893	1	13	390	4	15	8	49	0
3.894	1	13	390	5	15	8	49	0
3.896	1	13	390	7	15	8	49	0
3.898	1	13	390	9	15	8	49	0
3.9	1	13	391	1	15	8	49	0
3.902	1	13	391	3	15	8	49	0
3.904	1	13	391	5	15	8	49	0
3.906	1	13	391	7	15	8	49	0
3.908	1	13	391	9	15	8	49	0
3.909	1	13	391	10	15	8	49	0
3.911	1	13	392	2	15	8	49	0
3.913	1	13	392	4	15	8	49	0
3.915	1	13	392	6	15	8	49	0
3.917	1	13	392	8	15	8	49	0
3.919	1	13	392	10	15	8	49	0
3.921	1	13	393	2	15	8	49	0
3.923	1	13	393	4	15	8	49	0
3.924	1	13	393	5	15	8	49	0
3.926	1	13	393	7	15	8	49	0
3.928	1	13	393	9	15	8	49	0
3.93	1	13	394	1	15	8	49	0
3.932	1	13	394	3	15	8	49	0
3.934	1	13	394	5	15	8	49	0
3.936	1	13	394	7	15	8	49	0
3.938	1	13	394	9	15	8	49	0
3.939	1	13	394	10	15	8	49	0
3.941	1	13	395	2	15	8	49	0
3.943	1	13	395	4	15	8	49	0
3.945	1	13	395	6	15	8	49	0
3.947	1	13	395	8	15	8	49	0
3.949	1	13	395	10	15	8	49	0
3.951	1	13	396	2	15	8	49	0
3.953	1	13	396	4	15	8	49	0
3.954	1	13	396	5	15	8	49	0
3.956	1	13	396	7	15	8	49	0
3.958	1	13	396	9	15	8	49	0
3.96	1	13	397	1	15	8	49	0
3.962	1	13	397	3	15	8	49	0
3.964	1	13	397	5	15	8	49	0
3.966	1	13	397	7	15	8	49	0
3.968	1	13	397	9	15	8	49	0
3.969	1	13	397	10	15	8	49	0
3.971	1	13	398	2	15	8	49	0
3.973	1	13	398	4	15	8	49	0
3.975	1	13	398	6	15	8	49	0
3.977	1	13	398	8	15	8	49	0
3.979	1	13	398	10	15	8	49	0
3.981	1	13	399	2	15	8	49	0
3.983	1	13	399	4	15	8	49	0
3.984	1	13	399	5	15	8	49	0
3.986	1	13	399	7	15	8	49	0
3.988	1	13	399	9	15	8	49	0
3.99	1	13	400	1	15	8	49	0
3.992	1	13	400	3	15	8	49	0
3.994	1	13	400	5	15	8	49	0
3.996	1	13	400	7	15	8	49	0
3.998	1	13	400	9	15	8	49	0
3.999	1	13	400	10	15	8	49	0
4.001	1	13	401	2	15	8	49	0
4.003	1	13	401	4	15	8	49	0
4.005	1	13	401	6	15	8	49	0
4.007	1	13	401	8	15	8	49	0
4.009	1	13	401	10	15	8	49	0
4.011	1	13	402	2	15	8	49	0
4.013	1	13	402	4	15	8	49	0
4.014	1	13	402	5	15	8	49	0
4.016	1	13	402	7	15	8	49	0
4.018	1	13	402	9	15	8	49	0
4.02	1	13	403	1	15	8	49	0
4.022	1	13	403	3	15	8	49	0
4.024	1	13	403	5	15	8	49	0
4.026	1	13	403	7	15	8	49	0
4.028	1	13	403	9	15	8	49	0
4.029	1	13	403	10	15	8	49	0
4.031	1	13	404	2	15	8	49	0
4.033	1	13	404	4	15	8	49	0
4.035	1	13	404	6	15	8	49	0
4.037	1	13	404	8	15	8	49	0
4.039	1	13	404	10	15	8	49	0
4.041	1	13	405	2	15	8	49	0
4.043	1	13	405	4	15	8	49	0
4.044	1	13	405	5	15	8	49	0
4.046	1	13	405	7	15	8	49	0
4.048	1	13	405	9	15	8	49	0
4.05	1	13	406	1	15	8	49	0
4.052	1	13	406	3	15	8	49	0
4.054	1	13	406	5	15	8	49	0
4.056	1	13	406	7	15	8	49	0
4.058	1	13	406	9	15	8	49	0
4.059	1	13	406	10	15	8	49	0
4.061	1	13	407	2	15	8	49	0
4.063	1	13	407	4	15	8	49	0
4.065	1	13	407	6	15	8	49	0
4.067	1	13	407	8	15	8	49	0
4.069	1	13	407	10	15	8	49	0
4.071	1	13	408	2	15	8	49	0
4.073	1	13	408	4	15	8	49	0
4.074	1	13	408	5	15	8	49	0
4.076	1	13	408	7	15	8	49	0
4.078	1	13	408	9	15	8	49	0
4.08	1	13	409	1	15	8	49	0
4.082	1	13	409	3	15	8	49	0
4.084	1	13	409	5	15	8	49	0
4.086	1	13	409	7	15	8	49	0
4.088	1	13	409	9	15	8	49	0
4.089	1	13	409	10	15	8	49	0
4.091	1	13	410	2	15	8	49	0
4.093	1	13	410	4	15	8	49	0
4.095	1	13	410	6	15	8	49	0
4.097	1	13	410	8	15	8	49	0
4.099	1	13	410	10	15	8	49	0
4.101	1	13	411	2	15	8	49	0
4.103	1	13	411	4	15	8	49	0
4.104	1	13	411	5	15	8	49	0
4.106	1	13	411	7	15	8	49	0
4.108	1	13	411	9	15	8	49	0
4.11	1	13	412	1	15	8	49	0
4.112	1	13	412	3	15	8	49	0
4.114	1	13	412	5	15	8	49	0
4.116	1	13	412	7	15	8	49	0
4.118	1	13	412	9	15	8	49	0
4.119	1	13	412	10	15	8	49	0
4.121	1	13	413	2	15	8	49	0
4.123	1	13	413	4	15	8	49	0
4.125	1	13	413	6	15	8	49	0
4.127	1	13	413	8	15	8	49	0
4.129	1	13	413	10	15	8	49	0
4.131	1	13	414	2	15	8	49	0
4.133	1	13	414	4	15	8	49	0
4.134	1	13	414	5	15	8	49	0
4.136	1	13	414	7	15	8	49	0
4.138	1	13	414	9	15	8	49	0
4.14	1	13	415	1	15	8	49	0
4.142	1	13	415	3	15	8	49	0
4.144	1	13	415	5	15	8	49	0
4.146	1	13	415	7	15	8	49	0
4.148	1	13	415	9	15	8	49	0
4.149	1	13	415	10	15	8	49	0
4.151	1	13	416	2	15	8	49	0
4.153	1	13	416	4	15	8	49	0
4.155	1	13	416	6	15	8	49	0
4.157	1	13	416	8	15	8	49	0
4.159	1	13	416	10	15	8	49	0
4.161	1	13	417	2	15	8	49	0
4.163	1	13	417	4	15	8	49	0
4.164	1	13	417	5	15	8	49	0
4.166	1	13	417	7	15	8	49	0
4.168	1	13	417	9	15	8	49	0
4.17	1	13	418	1	15	8	49	0
4.172	1	13	418	3	15	8	49	0
4.174	1	13	418	5	15	8	49	0
4.176	1	13	418	7	15	8	49	0
4.178	1	13	418	9	15	8	49	0
4.179	1	13	418	10	15	8	49	0
4.181	1	13	419	2	15	8	49	0
4.183	1	13	419	4	15	8	49	0
4.185	1	13	419	6	15	8	49	0
4.187	1	13	419	8	15	8	49	0
4.189	1	13	419	10	15	8	49	0
4.191	1	13	420	2	15	8	49	0
4.193	1	13	420	4	15	8	49	0
4.194	1	13	420	5	15	8	49	0
4.196	1	13	420	7	15	8	49	0
4.198	1	13	420	9	15	8	49	0
4.2	1	13	421	1	15	8	49	0
4.202	1	13	421	3	15	8	49	0
4.204	1	13	421	5	15	8	49	0
4.206	1	13	421	7	15	8	49	0
4.208	1	13	421	9	15	8	49	0
4.209	1	13	421	10	15	8	49	0
4.211	1	13	422	2	15	8	49	0
4.213	1	13	422	4	15	8	49	0
4.215	1	13	422	6	15	8	49	0
4.217	1	13	422	8	15	8	49	0
4.219	1	13	422	10	15	8	49	0
4.221	1	13	423	2	15	8	49	0
4.223	1	13	423	4	15	8	49	0
4.224	1	13	423	5	15	8	49	0
4.226	1	13	423	7	15	8	49	0
4.228	1	13	423	9	15	8	49	0
4.23	1	13	424	1	15	8	49	0
4.232	1	13	424	3	15	8	49	0
4.234	1	13	424	5	15	8	49	0
4.236	1	13	424	7	15	8	49	0
4.238	1	13	424	9	15	8	49	0
4.239	1	13	424	10	15	8	49	0
4.241	1	13	425	2	15	8	49	0
4.243	1	13	425	4	15	8	49	0
4.245	1	13	425	6	15	8	49	0
4.247	1	13	425	8	15	8	49	0
4.249	1	13	425	10	15	8	49	0
4.251	1	13	426	2	15	8	49	0
4.253	1	13	426	4	15	8	49	0
4.254	1	13	426	5	15	8	49	0
4.256	1	13	426	7	15	8	49	0
4.258	1	13	426	9	15	8	49	0
4.26	1	13	427	1	15	8	49	0
4.262	1	13	427	3	15	8	49	0
4.264	1	13	427	5	15	8	49	0
4.266	1	13	427	7	15	8	49	0
4.268	1	13	427	9	15	8	49	0
4.269	1	13	427	10	15	8	49	0
4.271	1	13	428	2	15	8	49	0
4.273	1	13	428	4	15	8	49	0
4.275	1	13	428	6	15	8	49	0
4.277	1	13	428	8	15	8	49	0
4.279	1	13	428	10	15	8	49	0
4.281	1	13	429	2	15	8	49	0
4.283	1	13	429	4	15	8	49	0
4.284	1	13	429	5	15	8	49	0
4.286	1	13	429	7	15	8	49	0
4.288	1	13	429	9	15	8	49	0
4.29	1	13	430	1	15	8	49	0
4.292	1	13	430	3	15	8	49	0
4.294	1	13	430	5	15	8	49	0
4.296	1	13	430	7	15	8	49	0
4.298	1	13	430	9	15	8	49	0
4.299	1	13	430	10	15	8	49	0
4.301	1	13	431	2	15	8	49	0
4.303	1	13	431	4	15	8	49	0
4.305	1	13	431	6	15	8	49	0
4.307	1	13	431	8	15	8	49	0
4.309	1	13	431	10	15	8	49	0
4.311	1	13	432	2	15	8	49	0
4.313	1	13	432	4	15	8	49	0
4.314	1	13	432	5	15	8	49	0
4.316	1	13	432	7	15	8	49	0
4.318	1	13	432	9	15	8	49	0
4.32	1	13	433	1	15	8	49	0
4.322	1	13	433	3	15	8	49	0
4.324	1	13	433	5	15	8	49	0
4.326	1	13	433	7	15	8	49	0
4.328	1	13	433	9	15	8	49	0
4.329	1	13	433	10	15	8	49	0
4.331	1	13	434	2	15	8	49	0
4.333	1	13	434	4	15	8	49	0
4.335	1	13	434	6	15	8	49	0
4.337	1	13	434	8	15	8	49	0
4.339	1	13	434	10	15	8	49	0
4.341	1	13	435	2	15	8	49	0
4.343	1	13	435	4	15	8	49	0
4.344	1	13	435	5	15	8	49	0
4.346	1	13	435	7	15	8	49	0
4.348	1	13	435	9	15	8	49	0
4.35	1	13	436	1	15	8	49	0
4.352	1	13	436	3	15	8	49	0
4.354	1	13	436	5	15	8	49	0
4.356	1	13	436	7	15	8	49	0
4.358	1	13	436	9	15	8	49	0
4.359	1	13	436	10	15	8	49	0
4.361	1	13	437	2	15	8	49	0
4.363	1	13	437	4	15	8	49	0
4.365	1	13	437	6	15	8	49	0
4.367	1	13	437	8	15	8	49	0
4.369	1	13	437	10	15	8	49	0
4.371	1	13	438	2	15	8	49	0
4.373	1	13	438	4	15	8	49	0
4.374	1	13	438	5	15	8	49	0
4.376	1	13	438	7	15	8	49	0
4.378	1	13	438	9	15	8	49	0
4.38	1	13	439	1	15	8	49	0
4.382	1	13	439	3	15	8	49	0
4.384	1	13	439	5	15	8	49	0
4.386	1	13	439	7	15	8	49	0
4.388	1	13	439	9	15	8	49	0
4.389	1	13	439	10	15	8	49	0
4.391	1	13	440	2	15	8	49	0
4.393	1	13	440	4	15	8	49	0
4.395	1	13	440	6	15	8	49	0
4.397	1	13	440	8	15	8	49	0
4.399	1	13	440	10	15	8	49	0
4.401	1	13	441	2	15	8	49	0
4.403	1	13	441	4	15	8	49	0
4.404	1	13	441	5	15	8	49	0
4.406	1	13	441	7	15	8	49	0
4.408	1	13	441	9	15	8	49	0
4.41	1	13	442	1	15	8	49	0
4.412	1	13	442	3	15	8	49	0
4.414	1	13	442	5	15	8	49	0
4.416	1	13	442	7	15	8	49	0
4.418	1	13	442	9	15	8	49	0
4.419	1	13	442	10	15	8	49	0
4.421	1	13	443	2	15	8	49	0
4.423	1	13	443	4	15	8	49	0
4.425	1	13	443	6	15	8	49	0
4.427	1	13	443	8	15	8	49	0
4.429	1	13	443	10	15	8	49	0
4.431	1	13	444	2	15	8	49	0
4.433	1	13	444	4	15	8	49	0
4.434	1	13	444	5	15	8	49	0
4.436	1	13	444	7	15	8	49	0
4.438	1	13	444	9	15	8	49	0
4.44	1	13	445	1	15	8	49	0
4.442	1	13	445	3	15	8	49	0
4.444	1	13	445	5	15	8	49	0
4.446	1	13	445	7	15	8	49	0
4.448	1	13	445	9	15	8	49	0
4.449	1	13	445	10	15	8	49	0
4.451	1	13	446	2	15	8	49	0
4.453	1	13	446	4	15	8	49	0
4.455	1	13	446	6	15	8	49	0
4.457	1	13	446	8	15	8	49	0
4.459	1	13	446	10	15	8	49	0
4.461	1	13	447	2	15	8	49	0
4.463	1	13	447	4	15	8	49	0
4.464	1	13	447	5	15	8	49	0
4.466	1	13	447	7	15	8	49	0
4.468	1	13	447	9	15	8	49	0
4.47	1	13	448	1	15	8	49	0
4.472	1	13	448	3	15	8	49	0
4.474	1	13	448	5	15	8	49	0
4.476	1	13	448	7	15	8	49	0
4.478	1	13	448	9	15	8	49	0
4.479	1	13	448	10	15	8	49	0
4.481	1	13	449	2	15	8	49	0
4.483	1	13	449	4	15	8	49	0
4.485	1	13	449	6	15	8	49	0
4.487	1	13	449	8	15	8	49	0
4.489	1	13	449	10	15	8	49	0
4.491	1	13	450	2	15	8	49	0
4.493	1	13	450	4	15	8	49	0
4.494	1	13	450	5	15	8	49	0
4.496	1	13	450	7	15	8	49	0
4.498	1	13	450	9	15	8	49	0
4.5	1	13	451	1	15	8	49	0
4.502	1	13	451	3	15	8	49	0
4.504	1	13	451	5	15	8	49	0
4.506	1	13	451	7	15	8	49	0
4.508	1	13	451	9	15	8	49	0
4.509	1	13	451	10	15	8	49	0
4.511	1	13	452	2	15	8	49	0
4.513	1	13	452	4	15	8	49	0
4.515	1	13	452	6	15	8	49	0
4.517	1	13	452	8	15	8	49	0
4.519	1	13	452	10	15	8	49	0
4.521	1	13	453	2	15	8	49	0
4.523	1	13	453	4	15	8	49	0
4.524	1	13	453	5	15	8	49	0
4.526	1	13	453	7	15	8	49	0
4.528	1	13	453	9	15	8	49	0
4.53	1	13	454	1	15	8	49	0
4.532	1	13	454	3	15	8	49	0
4.534	1	13	454	5	15	8	49	0
4.536	1	13	454	7	15	8	49	0
4.538	1	13	454	9	15	8	49	0
4.539	1	13	454	10	15	8	49	0
4.541	1	13	455	2	15	8	49	0
4.543	1	13	455	4	15	8	49	0
4.545	1	13	455	6	15	8	49	0
4.547	1	13	455	8	15	8	49	0
4.549	1	13	455	10	15	8	49	0
4.551	1	13	456	2	15	8	49	0
4.553	1	13	456	4	15	8	49	0
4.554	1	13	456	5	15	8	49	0
4.556	1	13	456	7	15	8	49	0
4.558	1	13	456	9	15	8	49	0
4.56	1	13	457	1	15	8	49	0
4.562	1	13	457	3	15	8	49	0
4.564	1	13	457	5	15	8	49	0
4.566	1	13	457	7	15	8	49	0
4.568	1	13	457	9	15	8	49	0
4.569	1	13	457	10	15	8	49	0
4.571	1	13	458	2	15	8	49	0
4.573	1	13	458	4	15	8	49	0
4.575	1	13	458	6	15	8	49	0
4.577	1	13	458	8	15	8	49	0
4.579	1	13	458	10	15	8	49	0
4.581	1	13	459	2	15	8	49	0
4.583	1	13	459	4	15	8	49	0
4.584	1	13	459	5	15	8	49	0
4.586	1	13	459	7	15	8	49	0
4.588	1	13	459	9	15	8	49	0
4.59	1	13	460	1	15	8	49	0
4.592	1	13	460	3	15	8	49	0
4.594	1	13	460	5	15	8	49	0
4.596	1	13	460	7	15	8	49	0
4.598	1	13	460	9	15	8	49	0
4.599	1	13	460	10	15	8	49	0
4.601	1	13	461	2	15	8	49	0
4.603	1	13	461	4	15	8	49	0
4.605	1	13	461	6	15	8	49	0
4.607	1	13	461	8	15	8	49	0
4.609	1	13	461	10	15	8	49	0
4.611	1	13	462	2	15	8	49	0
4.613	1	13	462	4	15	8	49	0
4.614	1	13	462	5	15	8	49	0
4.616	1	13	462	7	15	8	49	0
4.618	1	13	462	9	15	8	49	0
4.62	1	13	463	1	15	8	49	0
4.622	1	13	463	3	15	8	49	0
4.624	1	13	463	5	15	8	49	0
4.626	1	13	463	7	15	8	49	0
4.628	1	13	463	9	15	8	49	0
4.629	1	13	463	10	15	8	49	0
4.631	1	13	464	2	15	8	49	0
4.633	1	13	464	4	15	8	49	0
4.635	1	13	464	6	15	8	49	0
4.637	1	13	464	8	15	8	49	0
4.639	1	13	464	10	15	8	49	0
4.641	1	13	465	2	15	8	49	0
4.643	1	13	465	4	15	8	49	0
4.644	1	13	465	5	15	8	49	0
4.646	1	13	465	7	15	8	49	0
4.648	1	13	465	9	15	8	49	0
4.65	1	13	466	1	15	8	49	0
4.652	1	13	466	3	15	8	49	0
4.654	1	13	466	5	15	8	49	0
4.656	1	13	466	7	15	8	49	0
4.658	1	13	466	9	15	8	49	0
4.659	1	13	466	10	15	8	49	0
4.661	1	13	467	2	15	8	49	0
4.663	1	13	467	4	15	8	49	0
4.665	1	13	467	6	15	8	49	0
4.667	1	13	467	8	15	8	49	0
4.669	1	13	467	10	15	8	49	0
4.671	1	13	468	2	15	8	49	0
4.673	1	13	468	4	15	8	49	0
4.674	1	13	468	5	15	8	49	0
4.676	1	13	468	7	15	8	49	0
4.678	1	13	468	9	15	8	49	0
4.68	1	13	469	1	15	8	49	0
4.682	1	13	469	3	15	8	49	0
4.684	1	13	469	5	15	8	49	0
4.686	1	13	469	7	15	8	49	0
4.688	1	13	469	9	15	8	49	0
4.689	1	13	469	10	15	8	49	0
4.691	1	13	470	2	15	8	49	0
4.693	1	13	470	4	15	8	49	0
4.695	1	13	470	6	15	8	49	0
4.697	1	13	470	8	15	8	49	0
4.699	1	13	470	10	15	8	49	0
4.701	1	13	471	2	15	8	49	0
4.703	1	13	471	4	15	8	49	0
4.704	1	13	471	5	15	8	49	0
4.706	1	13	471	7	15	8	49	0
4.708	1	13	471	9	15	8	49	0
4.71	1	13	472	1	15	8	49	0
4.712	1	13	472	3	15	8	49	0
4.714	1	13	472	5	15	8	49	0
4.716	1	13	472	7	15	8	49	0
4.718	1	13	472	9	15	8	49	0
4.719	1	13	472	10	15	8	49	0
4.721	1	13	473	2	15	8	49	0
4.723	1	13	473	4	15	8	49	0
4.725	1	13	473	6	15	8	49	0
4.727	1	13	473	8	15	8	49	0
4.729	1	13	473	10	15	8	49	0
4.731	1	13	474	2	15	8	49	0
4.733	1	13	474	4	15	8	49	0
4.734	1	13	474	5	15	8	49	0
4.736	1	13	474	7	15	8	49	0
4.738	1	13	474	9	15	8	49	0
4.74	1	13	475	1	15	8	49	0
4.742	1	13	475	3	15	8	49	0
4.744	1	13	475	5	15	8	49	0
4.746	1	13	475	7	15	8	49	0
4.748	1	13	475	9	15	8	49	0
4.749	1	13	475	10	15	8	49	0
4.751	1	13	476	2	15	8	49	0
4.753	1	13	476	4	15	8	49	0
4.755	1	13	476	6	15	8	49	0
4.757	1	13	476	8	15	8	49	0
4.759	1	13	476	10	15	8	49	0
4.761	1	13	477	2	15	8	49	0
4.763	1	13	477	4	15	8	49	0
4.764	1	13	477	5	15	8	49	0
4.766	1	13	477	7	15	8	49	0
4.768	1	13	477	9	15	8	49	0
4.77	1	13	478	1	15	8	49	0
4.772	1	13	478	3	15	8	49	0
4.774	1	13	478	5	15	8	49	0
4.776	1	13	478	7	15	8	49	0
4.778	1	13	478	9	15	8	49	0
4.779	1	13	478	10	15	8	49	0
4.781	1	13	479	2	15	8	49	0
4.783	1	13	479	4	15	8	49	0
4.785	1	13	479	6	15	8	49	0
4.787	1	13	479	8	15	8	49	0
4.789	1	13	479	10	15	8	49	0
4.791	1	13	480	2	15	8	49	0
4.793	1	13	480	4	15	8	49	0
4.794	1	13	480	5	15	8	49	0
4.796	1	13	480	7	15	8	49	0
4.798	1	13	480	9	15	8	49	0
4.8	1	13	481	1	15	8	49	0
4.802	1	13	481	3	15	8	49	0
4.804	1	13	481	5	15	8	49	0
4.806	1	13	481	7	15	8	49	0
4.808	1	13	481	9	15	8	49	0
4.809	1	13	481	10	15	8	49	0
4.811	1	13	482	2	15	8	49	0
4.813	1	13	482	4	15	8	49	0
4.815	1	13	482	6	15	8	49	0
4.817	1	13	482	8	15	8	49	0
4.819	1	13	482	10	15	8	49	0
4.821	1	13	483	2	15	8	49	0
4.823	1	13	483	4	15	8	49	0
4.824	1	13	483	5	15	8	49	0
4.826	1	13	483	7	15	8	49	0
4.828	1	13	483	9	15	8	49	0
4.83	1	13	484	1	15	8	49	0
4.832	1	13	484	3	15	8	49	0
4.834	1	13	484	5	15	8	49	0
4.836	1	13	484	7	15	8	49	0
4.838	1	13	484	9	15	8	49	0
4.839	1	13	484	10	15	8	49	0
4.841	1	13	485	2	15	8	49	0
4.843	1	13	485	4	15	8	49	0
4.845	1	13	485	6	15	8	49	0
4.847	1	13	485	8	15	8	49	0
4.849	1	13	485	10	15	8	49	0
4.851	1	13	486	2	15	8	49	0
4.853	1	13	486	4	15	8	49	0
4.854	1	13	486	5	15	8	49	0
4.856	1	13	486	7	15	8	49	0
4.858	1	13	486	9	15	8	49	0
4.86	1	13	487	1	15	8	49	0
4.862	1	13	487	3	15	8	49	0
4.864	1	13	487	5	15	8	49	0
4.866	1	13	487	7	15	8	49	0
4.868	1	13	487	9	15	8	49	0
4.869	1	13	487	10	15	8	49	0
4.871	1	13	488	2	15	8	49	0
4.873	1	13	488	4	15	8	49	0
4.875	1	13	488	6	15	8	49	0
4.877	1	13	488	8	15	8	49	0
4.879	1	13	488	10	15	8	49	0
4.881	1	13	489	2	15	8	49	0
4.883	1	13	489	4	15	8	49	0
4.884	1	13	489	5	15	8	49	0
4.886	1	13	489	7	15	8	49	0
4.888	1	13	489	9	15	8	49	0
4.89	1	13	490	1	15	8	49	0
4.892	1	13	490	3	15	8	49	0
4.894	1	13	490	5	15	8	49	0
4.896	1	13	490	7	15	8	49	0
4.898	1	13	490	9	15	8	49	0
4.899	1	13	490	10	15	8	49	0
4.901	1	13	491	2	15	8	49	0
4.903	1	13	491	4	15	8	49	0
4.905	1	13	491	6	15	8	49	0
4.907	1	13	491	8	15	8	49	0
4.909	1	13	491	10	15	8	49	0
4.911	1	13	492	2	15	8	49	0
4.913	1	13	492	4	15	8	49	0
4.914	1	13	492	5	15	8	49	0
4.916	1	13	492	7	15	8	49	0
4.918	1	13	492	9	15	8	49	0
4.92	1	13	493	1	15	8	49	0
4.922	1	13	493	3	15	8	49	0
4.924	1	13	493	5	15	8	49	0
4.926	1	13	493	7	15	8	49	0
4.928	1	13	493	9	15	8	49	0
4.929	1	13	493	10	15	8	49	0
4.931	1	13	494	2	15	8	49	0
4.933	1	13	494	4	15	8	49	0
4.935	1	13	494	6	15	8	49	0
4.937	1	13	494	8	15	8	49	0
4.939	1	13	494	10	15	8	49	0
4.941	1	13	495	2	15	8	49	0
4.943	1	13	495	4	15	8	49	0
4.944	1	13	495	5	15	8	49	0
4.946	1	13	495	7	15	8	49	0
4.948	1	13	495	9	15	8	49	0
4.95	1	13	496	1	15	8	49	0
4.952	1	13	496	3	15	8	49	0
4.954	1	13	496	5	15	8	49	0
4.956	1	13	496	7	15	8	49	0
4.958	1	13	496	9	15	8	49	0
4.959	1	13	496	10	15	8	49	0
4.961	1	13	497	2	15	8	49	0
4.963	1	13	497	4	15	8	49	0
4.965	1	13	497	6	15	8	49	0
4.967	1	13	497	8	15	8	49	0
4.969	1	13	497	10	15	8	49	0
4.971	1	13	498	2	15	8	49	0
4.973	1	13	498	4	15	8	49	0
4.974	1	13	498	5	15	8	49	0
4.976	1	13	498	7	15	8	49	0
4.978	1	13	498	9	15	8	49	0
4.98	1	13	499	1	15	8	49	0
4.982	1	13	499	3	15	8	49	0
4.984	1	13	499	5	15	8	49	0
4.986	1	13	499	7	15	8	49	0
4.988	1	13	499	9	15	8	49	0
4.989	1	13	499	10	15	8	49	0
4.991	1	13	500	2	15	8	49	0
4.993	1	13	500	4	15	8	49	0
4.995	1	13	500	6	15	8	49	0
4.997	1	13	500	8	15	8	49	0
4.999	1	13	500	10	15	8	49	0
