% time	cellId	IMSI	frame	sframe	RNTI	mcs	size	ccId
0.031	1	12	4	2	12	0	7	0
0.032	1	12	4	3	12	0	7	0
0.033	1	12	4	4	12	0	7	0
0.034	1	12	4	5	12	0	7	0
0.036	1	12	4	7	12	0	7	0
0.037	1	12	4	8	12	0	7	0
0.038	1	12	4	9	12	0	7	0
0.04	1	12	5	1	12	0	7	0
0.041	1	12	5	2	12	0	7	0
0.043	1	12	5	4	12	0	7	0
0.045	1	12	5	6	12	0	7	0
0.047	1	12	5	8	12	0	7	0
0.048	1	12	5	9	12	0	7	0
0.05	1	12	6	1	12	0	7	0
0.052	1	12	6	3	12	10	63	0
0.054	1	12	6	5	12	10	63	0
0.056	1	12	6	7	12	10	63	0
0.058	1	12	6	9	12	10	63	0
0.06	1	12	7	1	12	10	63	0
0.062	1	12	7	3	12	10	63	0
0.063	1	12	7	4	12	10	63	0
0.065	1	12	7	6	12	10	63	0
0.067	1	12	7	8	12	10	63	0
0.069	1	12	7	10	12	10	63	0
0.071	1	12	8	2	12	10	63	0
0.073	1	12	8	4	12	10	63	0
0.075	1	12	8	6	12	10	63	0
0.077	1	12	8	8	12	10	63	0
0.078	1	12	8	9	12	10	63	0
0.08	1	12	9	1	12	10	63	0
0.082	1	12	9	3	12	10	63	0
0.084	1	12	9	5	12	10	63	0
0.086	1	12	9	7	12	10	63	0
0.088	1	12	9	9	12	10	63	0
0.09	1	12	10	1	12	10	63	0
0.092	1	12	10	3	12	10	63	0
0.093	1	12	10	4	12	10	63	0
0.095	1	12	10	6	12	10	63	0
0.097	1	12	10	8	12	10	63	0
0.099	1	12	10	10	12	10	63	0
0.101	1	12	11	2	12	10	63	0
0.103	1	12	11	4	12	10	63	0
0.105	1	12	11	6	12	10	63	0
0.107	1	12	11	8	12	10	63	0
0.108	1	12	11	9	12	10	63	0
0.11	1	12	12	1	12	10	63	0
0.112	1	12	12	3	12	10	63	0
0.114	1	12	12	5	12	10	63	0
0.116	1	12	12	7	12	10	63	0
0.118	1	12	12	9	12	10	63	0
0.12	1	12	13	1	12	10	63	0
0.122	1	12	13	3	12	10	63	0
0.123	1	12	13	4	12	10	63	0
0.125	1	12	13	6	12	10	63	0
0.127	1	12	13	8	12	10	63	0
0.129	1	12	13	10	12	10	63	0
0.131	1	12	14	2	12	10	63	0
0.133	1	12	14	4	12	10	63	0
0.135	1	12	14	6	12	10	63	0
0.137	1	12	14	8	12	10	63	0
0.138	1	12	14	9	12	10	63	0
0.14	1	12	15	1	12	10	63	0
0.142	1	12	15	3	12	10	63	0
0.144	1	12	15	5	12	10	63	0
0.146	1	12	15	7	12	10	63	0
0.148	1	12	15	9	12	10	63	0
0.15	1	12	16	1	12	10	63	0
0.152	1	12	16	3	12	10	63	0
0.153	1	12	16	4	12	10	63	0
0.155	1	12	16	6	12	10	63	0
0.157	1	12	16	8	12	10	63	0
0.159	1	12	16	10	12	10	63	0
0.161	1	12	17	2	12	10	63	0
0.163	1	12	17	4	12	10	63	0
0.165	1	12	17	6	12	10	63	0
0.167	1	12	17	8	12	10	63	0
0.168	1	12	17	9	12	10	63	0
0.17	1	12	18	1	12	10	63	0
0.172	1	12	18	3	12	10	63	0
0.174	1	12	18	5	12	10	63	0
0.176	1	12	18	7	12	10	63	0
0.178	1	12	18	9	12	10	63	0
0.18	1	12	19	1	12	10	63	0
0.182	1	12	19	3	12	10	63	0
0.183	1	12	19	4	12	10	63	0
0.185	1	12	19	6	12	10	63	0
0.187	1	12	19	8	12	10	63	0
0.189	1	12	19	10	12	10	63	0
0.191	1	12	20	2	12	10	63	0
0.193	1	12	20	4	12	10	63	0
0.195	1	12	20	6	12	10	63	0
0.197	1	12	20	8	12	10	63	0
0.198	1	12	20	9	12	10	63	0
0.2	1	12	21	1	12	10	63	0
0.202	1	12	21	3	12	10	63	0
0.204	1	12	21	5	12	10	63	0
0.206	1	12	21	7	12	10	63	0
0.208	1	12	21	9	12	10	63	0
0.21	1	12	22	1	12	10	63	0
0.212	1	12	22	3	12	10	63	0
0.213	1	12	22	4	12	10	63	0
0.215	1	12	22	6	12	10	63	0
0.217	1	12	22	8	12	10	63	0
0.219	1	12	22	10	12	10	63	0
0.221	1	12	23	2	12	10	63	0
0.223	1	12	23	4	12	10	63	0
0.225	1	12	23	6	12	10	63	0
0.227	1	12	23	8	12	10	63	0
0.228	1	12	23	9	12	10	63	0
0.23	1	12	24	1	12	10	63	0
0.232	1	12	24	3	12	10	63	0
0.234	1	12	24	5	12	10	63	0
0.236	1	12	24	7	12	10	63	0
0.238	1	12	24	9	12	10	63	0
0.24	1	12	25	1	12	10	63	0
0.242	1	12	25	3	12	10	63	0
0.243	1	12	25	4	12	10	63	0
0.245	1	12	25	6	12	10	63	0
0.247	1	12	25	8	12	10	63	0
0.249	1	12	25	10	12	10	63	0
0.251	1	12	26	2	12	10	63	0
0.253	1	12	26	4	12	10	63	0
0.255	1	12	26	6	12	10	63	0
0.257	1	12	26	8	12	10	63	0
0.258	1	12	26	9	12	10	63	0
0.26	1	12	27	1	12	10	63	0
0.262	1	12	27	3	12	10	63	0
0.264	1	12	27	5	12	10	63	0
0.266	1	12	27	7	12	10	63	0
0.268	1	12	27	9	12	10	63	0
0.27	1	12	28	1	12	10	63	0
0.272	1	12	28	3	12	10	63	0
0.273	1	12	28	4	12	10	63	0
0.275	1	12	28	6	12	10	63	0
0.277	1	12	28	8	12	10	63	0
0.279	1	12	28	10	12	10	63	0
0.281	1	12	29	2	12	10	63	0
0.283	1	12	29	4	12	10	63	0
0.285	1	12	29	6	12	10	63	0
0.287	1	12	29	8	12	10	63	0
0.288	1	12	29	9	12	10	63	0
0.29	1	12	30	1	12	10	63	0
0.292	1	12	30	3	12	10	63	0
0.294	1	12	30	5	12	10	63	0
0.296	1	12	30	7	12	10	63	0
0.298	1	12	30	9	12	10	63	0
0.3	1	12	31	1	12	10	63	0
0.302	1	12	31	3	12	10	63	0
0.303	1	12	31	4	12	10	63	0
0.305	1	12	31	6	12	10	63	0
0.307	1	12	31	8	12	10	63	0
0.309	1	12	31	10	12	10	63	0
0.311	1	12	32	2	12	10	63	0
0.313	1	12	32	4	12	10	63	0
0.315	1	12	32	6	12	10	63	0
0.317	1	12	32	8	12	10	63	0
0.318	1	12	32	9	12	10	63	0
0.32	1	12	33	1	12	10	63	0
0.322	1	12	33	3	12	10	63	0
0.324	1	12	33	5	12	10	63	0
0.326	1	12	33	7	12	10	63	0
0.328	1	12	33	9	12	10	63	0
0.33	1	12	34	1	12	10	63	0
0.332	1	12	34	3	12	10	63	0
0.333	1	12	34	4	12	10	63	0
0.335	1	12	34	6	12	10	63	0
0.337	1	12	34	8	12	10	63	0
0.339	1	12	34	10	12	10	63	0
0.341	1	12	35	2	12	10	63	0
0.343	1	12	35	4	12	10	63	0
0.345	1	12	35	6	12	10	63	0
0.347	1	12	35	8	12	10	63	0
0.348	1	12	35	9	12	10	63	0
0.35	1	12	36	1	12	10	63	0
0.352	1	12	36	3	12	10	63	0
0.354	1	12	36	5	12	10	63	0
0.356	1	12	36	7	12	10	63	0
0.358	1	12	36	9	12	10	63	0
0.36	1	12	37	1	12	10	63	0
0.362	1	12	37	3	12	10	63	0
0.363	1	12	37	4	12	10	63	0
0.365	1	12	37	6	12	10	63	0
0.367	1	12	37	8	12	10	63	0
0.369	1	12	37	10	12	10	63	0
0.371	1	12	38	2	12	10	63	0
0.373	1	12	38	4	12	10	63	0
0.375	1	12	38	6	12	10	63	0
0.377	1	12	38	8	12	10	63	0
0.378	1	12	38	9	12	10	63	0
0.38	1	12	39	1	12	10	63	0
0.382	1	12	39	3	12	10	63	0
0.384	1	12	39	5	12	10	63	0
0.386	1	12	39	7	12	10	63	0
0.388	1	12	39	9	12	10	63	0
0.39	1	12	40	1	12	10	63	0
0.392	1	12	40	3	12	10	63	0
0.393	1	12	40	4	12	10	63	0
0.395	1	12	40	6	12	10	63	0
0.397	1	12	40	8	12	10	63	0
0.399	1	12	40	10	12	10	63	0
0.401	1	12	41	2	12	10	63	0
0.403	1	12	41	4	12	10	63	0
0.405	1	12	41	6	12	10	63	0
0.407	1	12	41	8	12	10	63	0
0.408	1	12	41	9	12	10	63	0
0.41	1	12	42	1	12	10	63	0
0.412	1	12	42	3	12	10	63	0
0.414	1	12	42	5	12	10	63	0
0.416	1	12	42	7	12	10	63	0
0.418	1	12	42	9	12	10	63	0
0.42	1	12	43	1	12	10	63	0
0.422	1	12	43	3	12	10	63	0
0.423	1	12	43	4	12	10	63	0
0.425	1	12	43	6	12	10	63	0
0.427	1	12	43	8	12	10	63	0
0.429	1	12	43	10	12	10	63	0
0.431	1	12	44	2	12	10	63	0
0.433	1	12	44	4	12	10	63	0
0.435	1	12	44	6	12	10	63	0
0.437	1	12	44	8	12	10	63	0
0.438	1	12	44	9	12	10	63	0
0.44	1	12	45	1	12	10	63	0
0.442	1	12	45	3	12	10	63	0
0.444	1	12	45	5	12	10	63	0
0.446	1	12	45	7	12	10	63	0
0.448	1	12	45	9	12	10	63	0
0.45	1	12	46	1	12	10	63	0
0.452	1	12	46	3	12	10	63	0
0.453	1	12	46	4	12	10	63	0
0.455	1	12	46	6	12	10	63	0
0.457	1	12	46	8	12	10	63	0
0.459	1	12	46	10	12	10	63	0
0.461	1	12	47	2	12	10	63	0
0.463	1	12	47	4	12	10	63	0
0.465	1	12	47	6	12	10	63	0
0.467	1	12	47	8	12	10	63	0
0.468	1	12	47	9	12	10	63	0
0.47	1	12	48	1	12	10	63	0
0.472	1	12	48	3	12	10	63	0
0.474	1	12	48	5	12	10	63	0
0.476	1	12	48	7	12	10	63	0
0.478	1	12	48	9	12	10	63	0
0.48	1	12	49	1	12	10	63	0
0.482	1	12	49	3	12	10	63	0
0.483	1	12	49	4	12	10	63	0
0.485	1	12	49	6	12	10	63	0
0.487	1	12	49	8	12	10	63	0
0.489	1	12	49	10	12	10	63	0
0.491	1	12	50	2	12	10	63	0
0.493	1	12	50	4	12	10	63	0
0.495	1	12	50	6	12	10	63	0
0.497	1	12	50	8	12	10	63	0
0.498	1	12	50	9	12	10	63	0
0.5	1	12	51	1	12	10	63	0
0.502	1	12	51	3	12	10	63	0
0.504	1	12	51	5	12	10	63	0
0.506	1	12	51	7	12	10	63	0
0.508	1	12	51	9	12	10	63	0
0.51	1	12	52	1	12	10	63	0
0.512	1	12	52	3	12	10	63	0
0.513	1	12	52	4	12	10	63	0
0.515	1	12	52	6	12	10	63	0
0.517	1	12	52	8	12	10	63	0
0.519	1	12	52	10	12	10	63	0
0.521	1	12	53	2	12	10	63	0
0.523	1	12	53	4	12	10	63	0
0.525	1	12	53	6	12	10	63	0
0.527	1	12	53	8	12	10	63	0
0.528	1	12	53	9	12	10	63	0
0.53	1	12	54	1	12	10	63	0
0.532	1	12	54	3	12	10	63	0
0.534	1	12	54	5	12	10	63	0
0.536	1	12	54	7	12	10	63	0
0.538	1	12	54	9	12	10	63	0
0.54	1	12	55	1	12	10	63	0
0.542	1	12	55	3	12	10	63	0
0.543	1	12	55	4	12	10	63	0
0.545	1	12	55	6	12	10	63	0
0.547	1	12	55	8	12	10	63	0
0.549	1	12	55	10	12	10	63	0
0.551	1	12	56	2	12	10	63	0
0.553	1	12	56	4	12	10	63	0
0.555	1	12	56	6	12	10	63	0
0.557	1	12	56	8	12	10	63	0
0.558	1	12	56	9	12	10	63	0
0.56	1	12	57	1	12	10	63	0
0.562	1	12	57	3	12	10	63	0
0.564	1	12	57	5	12	10	63	0
0.566	1	12	57	7	12	10	63	0
0.568	1	12	57	9	12	10	63	0
0.57	1	12	58	1	12	10	63	0
0.572	1	12	58	3	12	10	63	0
0.573	1	12	58	4	12	10	63	0
0.575	1	12	58	6	12	10	63	0
0.577	1	12	58	8	12	10	63	0
0.579	1	12	58	10	12	10	63	0
0.581	1	12	59	2	12	10	63	0
0.583	1	12	59	4	12	10	63	0
0.585	1	12	59	6	12	10	63	0
0.587	1	12	59	8	12	10	63	0
0.588	1	12	59	9	12	10	63	0
0.59	1	12	60	1	12	10	63	0
0.592	1	12	60	3	12	10	63	0
0.594	1	12	60	5	12	10	63	0
0.596	1	12	60	7	12	10	63	0
0.598	1	12	60	9	12	10	63	0
0.6	1	12	61	1	12	10	63	0
0.602	1	12	61	3	12	10	63	0
0.603	1	12	61	4	12	10	63	0
0.605	1	12	61	6	12	10	63	0
0.607	1	12	61	8	12	10	63	0
0.609	1	12	61	10	12	10	63	0
0.611	1	12	62	2	12	10	63	0
0.613	1	12	62	4	12	10	63	0
0.615	1	12	62	6	12	10	63	0
0.617	1	12	62	8	12	10	63	0
0.618	1	12	62	9	12	10	63	0
0.62	1	12	63	1	12	10	63	0
0.622	1	12	63	3	12	10	63	0
0.624	1	12	63	5	12	10	63	0
0.626	1	12	63	7	12	10	63	0
0.628	1	12	63	9	12	10	63	0
0.63	1	12	64	1	12	10	63	0
0.632	1	12	64	3	12	10	63	0
0.633	1	12	64	4	12	10	63	0
0.635	1	12	64	6	12	10	63	0
0.637	1	12	64	8	12	10	63	0
0.639	1	12	64	10	12	10	63	0
0.641	1	12	65	2	12	10	63	0
0.643	1	12	65	4	12	10	63	0
0.645	1	12	65	6	12	10	63	0
0.647	1	12	65	8	12	10	63	0
0.648	1	12	65	9	12	10	63	0
0.65	1	12	66	1	12	10	63	0
0.652	1	12	66	3	12	10	63	0
0.654	1	12	66	5	12	10	63	0
0.656	1	12	66	7	12	10	63	0
0.658	1	12	66	9	12	10	63	0
0.66	1	12	67	1	12	10	63	0
0.662	1	12	67	3	12	10	63	0
0.663	1	12	67	4	12	10	63	0
0.665	1	12	67	6	12	10	63	0
0.667	1	12	67	8	12	10	63	0
0.669	1	12	67	10	12	10	63	0
0.671	1	12	68	2	12	10	63	0
0.673	1	12	68	4	12	10	63	0
0.675	1	12	68	6	12	10	63	0
0.677	1	12	68	8	12	10	63	0
0.678	1	12	68	9	12	10	63	0
0.68	1	12	69	1	12	10	63	0
0.682	1	12	69	3	12	10	63	0
0.684	1	12	69	5	12	10	63	0
0.686	1	12	69	7	12	10	63	0
0.688	1	12	69	9	12	10	63	0
0.69	1	12	70	1	12	10	63	0
0.692	1	12	70	3	12	10	63	0
0.693	1	12	70	4	12	10	63	0
0.695	1	12	70	6	12	10	63	0
0.697	1	12	70	8	12	10	63	0
0.699	1	12	70	10	12	10	63	0
0.701	1	12	71	2	12	10	63	0
0.703	1	12	71	4	12	10	63	0
0.705	1	12	71	6	12	10	63	0
0.707	1	12	71	8	12	10	63	0
0.708	1	12	71	9	12	10	63	0
0.71	1	12	72	1	12	10	63	0
0.712	1	12	72	3	12	10	63	0
0.714	1	12	72	5	12	10	63	0
0.716	1	12	72	7	12	10	63	0
0.718	1	12	72	9	12	10	63	0
0.72	1	12	73	1	12	10	63	0
0.722	1	12	73	3	12	10	63	0
0.723	1	12	73	4	12	10	63	0
0.725	1	12	73	6	12	10	63	0
0.727	1	12	73	8	12	10	63	0
0.729	1	12	73	10	12	10	63	0
0.731	1	12	74	2	12	10	63	0
0.733	1	12	74	4	12	10	63	0
0.735	1	12	74	6	12	10	63	0
0.737	1	12	74	8	12	10	63	0
0.738	1	12	74	9	12	10	63	0
0.74	1	12	75	1	12	10	63	0
0.742	1	12	75	3	12	10	63	0
0.744	1	12	75	5	12	10	63	0
0.746	1	12	75	7	12	10	63	0
0.748	1	12	75	9	12	10	63	0
0.75	1	12	76	1	12	10	63	0
0.752	1	12	76	3	12	10	63	0
0.753	1	12	76	4	12	10	63	0
0.755	1	12	76	6	12	10	63	0
0.757	1	12	76	8	12	10	63	0
0.759	1	12	76	10	12	10	63	0
0.761	1	12	77	2	12	10	63	0
0.763	1	12	77	4	12	10	63	0
0.765	1	12	77	6	12	10	63	0
0.767	1	12	77	8	12	10	63	0
0.768	1	12	77	9	12	10	63	0
0.77	1	12	78	1	12	10	63	0
0.772	1	12	78	3	12	10	63	0
0.774	1	12	78	5	12	10	63	0
0.776	1	12	78	7	12	10	63	0
0.778	1	12	78	9	12	10	63	0
0.78	1	12	79	1	12	10	63	0
0.782	1	12	79	3	12	10	63	0
0.783	1	12	79	4	12	10	63	0
0.785	1	12	79	6	12	10	63	0
0.787	1	12	79	8	12	10	63	0
0.789	1	12	79	10	12	10	63	0
0.791	1	12	80	2	12	10	63	0
0.793	1	12	80	4	12	10	63	0
0.795	1	12	80	6	12	10	63	0
0.797	1	12	80	8	12	10	63	0
0.798	1	12	80	9	12	10	63	0
0.8	1	12	81	1	12	10	63	0
0.802	1	12	81	3	12	10	63	0
0.804	1	12	81	5	12	10	63	0
0.806	1	12	81	7	12	10	63	0
0.808	1	12	81	9	12	10	63	0
0.81	1	12	82	1	12	10	63	0
0.812	1	12	82	3	12	10	63	0
0.813	1	12	82	4	12	10	63	0
0.815	1	12	82	6	12	10	63	0
0.817	1	12	82	8	12	10	63	0
0.819	1	12	82	10	12	10	63	0
0.821	1	12	83	2	12	10	63	0
0.823	1	12	83	4	12	10	63	0
0.825	1	12	83	6	12	10	63	0
0.827	1	12	83	8	12	10	63	0
0.828	1	12	83	9	12	10	63	0
0.83	1	12	84	1	12	10	63	0
0.832	1	12	84	3	12	10	63	0
0.834	1	12	84	5	12	10	63	0
0.836	1	12	84	7	12	10	63	0
0.838	1	12	84	9	12	10	63	0
0.84	1	12	85	1	12	10	63	0
0.842	1	12	85	3	12	10	63	0
0.843	1	12	85	4	12	10	63	0
0.845	1	12	85	6	12	10	63	0
0.847	1	12	85	8	12	10	63	0
0.849	1	12	85	10	12	10	63	0
0.851	1	12	86	2	12	10	63	0
0.853	1	12	86	4	12	10	63	0
0.855	1	12	86	6	12	10	63	0
0.857	1	12	86	8	12	10	63	0
0.858	1	12	86	9	12	10	63	0
0.86	1	12	87	1	12	10	63	0
0.862	1	12	87	3	12	10	63	0
0.864	1	12	87	5	12	10	63	0
0.866	1	12	87	7	12	10	63	0
0.868	1	12	87	9	12	10	63	0
0.87	1	12	88	1	12	10	63	0
0.872	1	12	88	3	12	10	63	0
0.873	1	12	88	4	12	10	63	0
0.875	1	12	88	6	12	10	63	0
0.877	1	12	88	8	12	10	63	0
0.879	1	12	88	10	12	10	63	0
0.881	1	12	89	2	12	10	63	0
0.883	1	12	89	4	12	10	63	0
0.885	1	12	89	6	12	10	63	0
0.887	1	12	89	8	12	10	63	0
0.888	1	12	89	9	12	10	63	0
0.89	1	12	90	1	12	10	63	0
0.892	1	12	90	3	12	10	63	0
0.894	1	12	90	5	12	10	63	0
0.896	1	12	90	7	12	10	63	0
0.898	1	12	90	9	12	10	63	0
0.9	1	12	91	1	12	10	63	0
0.902	1	12	91	3	12	10	63	0
0.903	1	12	91	4	12	10	63	0
0.905	1	12	91	6	12	10	63	0
0.907	1	12	91	8	12	10	63	0
0.909	1	12	91	10	12	10	63	0
0.911	1	12	92	2	12	10	63	0
0.913	1	12	92	4	12	10	63	0
0.915	1	12	92	6	12	10	63	0
0.917	1	12	92	8	12	10	63	0
0.918	1	12	92	9	12	10	63	0
0.92	1	12	93	1	12	10	63	0
0.922	1	12	93	3	12	10	63	0
0.924	1	12	93	5	12	10	63	0
0.926	1	12	93	7	12	10	63	0
0.928	1	12	93	9	12	10	63	0
0.93	1	12	94	1	12	10	63	0
0.932	1	12	94	3	12	10	63	0
0.933	1	12	94	4	12	10	63	0
0.935	1	12	94	6	12	10	63	0
0.937	1	12	94	8	12	10	63	0
0.939	1	12	94	10	12	10	63	0
0.941	1	12	95	2	12	10	63	0
0.943	1	12	95	4	12	10	63	0
0.945	1	12	95	6	12	10	63	0
0.947	1	12	95	8	12	10	63	0
0.948	1	12	95	9	12	10	63	0
0.95	1	12	96	1	12	10	63	0
0.952	1	12	96	3	12	10	63	0
0.954	1	12	96	5	12	10	63	0
0.956	1	12	96	7	12	10	63	0
0.958	1	12	96	9	12	10	63	0
0.96	1	12	97	1	12	10	63	0
0.962	1	12	97	3	12	10	63	0
0.963	1	12	97	4	12	10	63	0
0.965	1	12	97	6	12	10	63	0
0.967	1	12	97	8	12	10	63	0
0.969	1	12	97	10	12	10	63	0
0.971	1	12	98	2	12	10	63	0
0.973	1	12	98	4	12	10	63	0
0.975	1	12	98	6	12	10	63	0
0.977	1	12	98	8	12	10	63	0
0.978	1	12	98	9	12	10	63	0
0.98	1	12	99	1	12	10	63	0
0.982	1	12	99	3	12	10	63	0
0.984	1	12	99	5	12	10	63	0
0.986	1	12	99	7	12	10	63	0
0.988	1	12	99	9	12	10	63	0
0.99	1	12	100	1	12	10	63	0
0.992	1	12	100	3	12	10	63	0
0.993	1	12	100	4	12	10	63	0
0.995	1	12	100	6	12	10	63	0
0.997	1	12	100	8	12	10	63	0
0.999	1	12	100	10	12	10	63	0
1.001	1	12	101	2	12	10	63	0
1.003	1	12	101	4	12	10	63	0
1.005	1	12	101	6	12	10	63	0
1.007	1	12	101	8	12	10	63	0
1.008	1	12	101	9	12	10	63	0
1.01	1	12	102	1	12	10	63	0
1.012	1	12	102	3	12	10	63	0
1.014	1	12	102	5	12	10	63	0
1.016	1	12	102	7	12	10	63	0
1.018	1	12	102	9	12	10	63	0
1.02	1	12	103	1	12	10	63	0
1.022	1	12	103	3	12	10	63	0
1.023	1	12	103	4	12	10	63	0
1.025	1	12	103	6	12	10	63	0
1.027	1	12	103	8	12	10	63	0
1.029	1	12	103	10	12	10	63	0
1.031	1	12	104	2	12	10	63	0
1.033	1	12	104	4	12	10	63	0
1.035	1	12	104	6	12	10	63	0
1.037	1	12	104	8	12	10	63	0
1.038	1	12	104	9	12	10	63	0
1.04	1	12	105	1	12	10	63	0
1.042	1	12	105	3	12	10	63	0
1.044	1	12	105	5	12	10	63	0
1.046	1	12	105	7	12	10	63	0
1.048	1	12	105	9	12	10	63	0
1.05	1	12	106	1	12	10	63	0
1.052	1	12	106	3	12	10	63	0
1.053	1	12	106	4	12	10	63	0
1.055	1	12	106	6	12	10	63	0
1.057	1	12	106	8	12	10	63	0
1.059	1	12	106	10	12	10	63	0
1.061	1	12	107	2	12	10	63	0
1.063	1	12	107	4	12	10	63	0
1.065	1	12	107	6	12	10	63	0
1.067	1	12	107	8	12	10	63	0
1.068	1	12	107	9	12	10	63	0
1.07	1	12	108	1	12	10	63	0
1.072	1	12	108	3	12	10	63	0
1.074	1	12	108	5	12	10	63	0
1.076	1	12	108	7	12	10	63	0
1.078	1	12	108	9	12	10	63	0
1.08	1	12	109	1	12	10	63	0
1.082	1	12	109	3	12	10	63	0
1.083	1	12	109	4	12	10	63	0
1.085	1	12	109	6	12	10	63	0
1.087	1	12	109	8	12	10	63	0
1.089	1	12	109	10	12	10	63	0
1.091	1	12	110	2	12	10	63	0
1.093	1	12	110	4	12	10	63	0
1.095	1	12	110	6	12	10	63	0
1.097	1	12	110	8	12	10	63	0
1.098	1	12	110	9	12	10	63	0
1.1	1	12	111	1	12	10	63	0
1.102	1	12	111	3	12	10	63	0
1.104	1	12	111	5	12	10	63	0
1.106	1	12	111	7	12	10	63	0
1.108	1	12	111	9	12	10	63	0
1.11	1	12	112	1	12	10	63	0
1.112	1	12	112	3	12	10	63	0
1.113	1	12	112	4	12	10	63	0
1.115	1	12	112	6	12	10	63	0
1.117	1	12	112	8	12	10	63	0
1.119	1	12	112	10	12	10	63	0
1.121	1	12	113	2	12	10	63	0
1.123	1	12	113	4	12	10	63	0
1.125	1	12	113	6	12	10	63	0
1.127	1	12	113	8	12	10	63	0
1.128	1	12	113	9	12	10	63	0
1.13	1	12	114	1	12	10	63	0
1.132	1	12	114	3	12	10	63	0
1.134	1	12	114	5	12	10	63	0
1.136	1	12	114	7	12	10	63	0
1.138	1	12	114	9	12	10	63	0
1.14	1	12	115	1	12	10	63	0
1.142	1	12	115	3	12	10	63	0
1.143	1	12	115	4	12	10	63	0
1.145	1	12	115	6	12	10	63	0
1.147	1	12	115	8	12	10	63	0
1.149	1	12	115	10	12	10	63	0
1.151	1	12	116	2	12	10	63	0
1.153	1	12	116	4	12	10	63	0
1.155	1	12	116	6	12	10	63	0
1.157	1	12	116	8	12	10	63	0
1.158	1	12	116	9	12	10	63	0
1.16	1	12	117	1	12	10	63	0
1.162	1	12	117	3	12	10	63	0
1.164	1	12	117	5	12	10	63	0
1.166	1	12	117	7	12	10	63	0
1.168	1	12	117	9	12	10	63	0
1.17	1	12	118	1	12	10	63	0
1.172	1	12	118	3	12	10	63	0
1.173	1	12	118	4	12	10	63	0
1.175	1	12	118	6	12	10	63	0
1.177	1	12	118	8	12	10	63	0
1.179	1	12	118	10	12	10	63	0
1.181	1	12	119	2	12	10	63	0
1.183	1	12	119	4	12	10	63	0
1.185	1	12	119	6	12	10	63	0
1.187	1	12	119	8	12	10	63	0
1.188	1	12	119	9	12	10	63	0
1.19	1	12	120	1	12	10	63	0
1.192	1	12	120	3	12	10	63	0
1.194	1	12	120	5	12	10	63	0
1.196	1	12	120	7	12	10	63	0
1.198	1	12	120	9	12	10	63	0
1.2	1	12	121	1	12	10	63	0
1.202	1	12	121	3	12	10	63	0
1.203	1	12	121	4	12	10	63	0
1.205	1	12	121	6	12	10	63	0
1.207	1	12	121	8	12	10	63	0
1.209	1	12	121	10	12	10	63	0
1.211	1	12	122	2	12	10	63	0
1.213	1	12	122	4	12	10	63	0
1.215	1	12	122	6	12	10	63	0
1.217	1	12	122	8	12	10	63	0
1.218	1	12	122	9	12	10	63	0
1.22	1	12	123	1	12	10	63	0
1.222	1	12	123	3	12	10	63	0
1.224	1	12	123	5	12	10	63	0
1.226	1	12	123	7	12	10	63	0
1.228	1	12	123	9	12	10	63	0
1.23	1	12	124	1	12	10	63	0
1.232	1	12	124	3	12	10	63	0
1.233	1	12	124	4	12	10	63	0
1.235	1	12	124	6	12	10	63	0
1.237	1	12	124	8	12	10	63	0
1.239	1	12	124	10	12	10	63	0
1.241	1	12	125	2	12	10	63	0
1.243	1	12	125	4	12	10	63	0
1.245	1	12	125	6	12	10	63	0
1.247	1	12	125	8	12	10	63	0
1.248	1	12	125	9	12	10	63	0
1.25	1	12	126	1	12	10	63	0
1.252	1	12	126	3	12	10	63	0
1.254	1	12	126	5	12	10	63	0
1.256	1	12	126	7	12	10	63	0
1.258	1	12	126	9	12	10	63	0
1.26	1	12	127	1	12	10	63	0
1.262	1	12	127	3	12	10	63	0
1.263	1	12	127	4	12	10	63	0
1.265	1	12	127	6	12	10	63	0
1.267	1	12	127	8	12	10	63	0
1.269	1	12	127	10	12	10	63	0
1.271	1	12	128	2	12	10	63	0
1.273	1	12	128	4	12	10	63	0
1.275	1	12	128	6	12	10	63	0
1.277	1	12	128	8	12	10	63	0
1.278	1	12	128	9	12	10	63	0
1.28	1	12	129	1	12	10	63	0
1.282	1	12	129	3	12	10	63	0
1.284	1	12	129	5	12	10	63	0
1.286	1	12	129	7	12	10	63	0
1.288	1	12	129	9	12	10	63	0
1.29	1	12	130	1	12	10	63	0
1.292	1	12	130	3	12	10	63	0
1.293	1	12	130	4	12	10	63	0
1.295	1	12	130	6	12	10	63	0
1.297	1	12	130	8	12	10	63	0
1.299	1	12	130	10	12	10	63	0
1.301	1	12	131	2	12	10	63	0
1.303	1	12	131	4	12	10	63	0
1.305	1	12	131	6	12	10	63	0
1.307	1	12	131	8	12	10	63	0
1.308	1	12	131	9	12	10	63	0
1.31	1	12	132	1	12	10	63	0
1.312	1	12	132	3	12	10	63	0
1.314	1	12	132	5	12	10	63	0
1.316	1	12	132	7	12	10	63	0
1.318	1	12	132	9	12	10	63	0
1.32	1	12	133	1	12	10	63	0
1.322	1	12	133	3	12	10	63	0
1.323	1	12	133	4	12	10	63	0
1.325	1	12	133	6	12	10	63	0
1.327	1	12	133	8	12	10	63	0
1.329	1	12	133	10	12	10	63	0
1.331	1	12	134	2	12	10	63	0
1.333	1	12	134	4	12	10	63	0
1.335	1	12	134	6	12	10	63	0
1.337	1	12	134	8	12	10	63	0
1.338	1	12	134	9	12	10	63	0
1.34	1	12	135	1	12	10	63	0
1.342	1	12	135	3	12	10	63	0
1.344	1	12	135	5	12	10	63	0
1.346	1	12	135	7	12	10	63	0
1.348	1	12	135	9	12	10	63	0
1.35	1	12	136	1	12	10	63	0
1.352	1	12	136	3	12	10	63	0
1.353	1	12	136	4	12	10	63	0
1.355	1	12	136	6	12	10	63	0
1.357	1	12	136	8	12	10	63	0
1.359	1	12	136	10	12	10	63	0
1.361	1	12	137	2	12	10	63	0
1.363	1	12	137	4	12	10	63	0
1.365	1	12	137	6	12	10	63	0
1.367	1	12	137	8	12	10	63	0
1.368	1	12	137	9	12	10	63	0
1.37	1	12	138	1	12	10	63	0
1.372	1	12	138	3	12	10	63	0
1.374	1	12	138	5	12	10	63	0
1.376	1	12	138	7	12	10	63	0
1.378	1	12	138	9	12	10	63	0
1.38	1	12	139	1	12	10	63	0
1.382	1	12	139	3	12	10	63	0
1.383	1	12	139	4	12	10	63	0
1.385	1	12	139	6	12	10	63	0
1.387	1	12	139	8	12	10	63	0
1.389	1	12	139	10	12	10	63	0
1.391	1	12	140	2	12	10	63	0
1.393	1	12	140	4	12	10	63	0
1.395	1	12	140	6	12	10	63	0
1.397	1	12	140	8	12	10	63	0
1.398	1	12	140	9	12	10	63	0
1.4	1	12	141	1	12	10	63	0
1.402	1	12	141	3	12	10	63	0
1.404	1	12	141	5	12	10	63	0
1.406	1	12	141	7	12	10	63	0
1.408	1	12	141	9	12	10	63	0
1.41	1	12	142	1	12	10	63	0
1.412	1	12	142	3	12	10	63	0
1.413	1	12	142	4	12	10	63	0
1.415	1	12	142	6	12	10	63	0
1.417	1	12	142	8	12	10	63	0
1.419	1	12	142	10	12	10	63	0
1.421	1	12	143	2	12	10	63	0
1.423	1	12	143	4	12	10	63	0
1.425	1	12	143	6	12	10	63	0
1.427	1	12	143	8	12	10	63	0
1.428	1	12	143	9	12	10	63	0
1.43	1	12	144	1	12	10	63	0
1.432	1	12	144	3	12	10	63	0
1.434	1	12	144	5	12	10	63	0
1.436	1	12	144	7	12	10	63	0
1.438	1	12	144	9	12	10	63	0
1.44	1	12	145	1	12	10	63	0
1.442	1	12	145	3	12	10	63	0
1.443	1	12	145	4	12	10	63	0
1.445	1	12	145	6	12	10	63	0
1.447	1	12	145	8	12	10	63	0
1.449	1	12	145	10	12	10	63	0
1.451	1	12	146	2	12	10	63	0
1.453	1	12	146	4	12	10	63	0
1.455	1	12	146	6	12	10	63	0
1.457	1	12	146	8	12	10	63	0
1.458	1	12	146	9	12	10	63	0
1.46	1	12	147	1	12	10	63	0
1.462	1	12	147	3	12	10	63	0
1.464	1	12	147	5	12	10	63	0
1.466	1	12	147	7	12	10	63	0
1.468	1	12	147	9	12	10	63	0
1.47	1	12	148	1	12	10	63	0
1.472	1	12	148	3	12	10	63	0
1.473	1	12	148	4	12	10	63	0
1.475	1	12	148	6	12	10	63	0
1.477	1	12	148	8	12	10	63	0
1.479	1	12	148	10	12	10	63	0
1.481	1	12	149	2	12	10	63	0
1.483	1	12	149	4	12	10	63	0
1.485	1	12	149	6	12	10	63	0
1.487	1	12	149	8	12	10	63	0
1.488	1	12	149	9	12	10	63	0
1.49	1	12	150	1	12	10	63	0
1.492	1	12	150	3	12	10	63	0
1.494	1	12	150	5	12	10	63	0
1.496	1	12	150	7	12	10	63	0
1.498	1	12	150	9	12	10	63	0
1.5	1	12	151	1	12	10	63	0
1.502	1	12	151	3	12	10	63	0
1.503	1	12	151	4	12	10	63	0
1.505	1	12	151	6	12	10	63	0
1.507	1	12	151	8	12	10	63	0
1.509	1	12	151	10	12	10	63	0
1.511	1	12	152	2	12	10	63	0
1.513	1	12	152	4	12	10	63	0
1.515	1	12	152	6	12	10	63	0
1.517	1	12	152	8	12	10	63	0
1.518	1	12	152	9	12	10	63	0
1.52	1	12	153	1	12	10	63	0
1.522	1	12	153	3	12	10	63	0
1.524	1	12	153	5	12	10	63	0
1.526	1	12	153	7	12	10	63	0
1.528	1	12	153	9	12	10	63	0
1.53	1	12	154	1	12	10	63	0
1.532	1	12	154	3	12	10	63	0
1.533	1	12	154	4	12	10	63	0
1.535	1	12	154	6	12	10	63	0
1.537	1	12	154	8	12	10	63	0
1.539	1	12	154	10	12	10	63	0
1.541	1	12	155	2	12	10	63	0
1.543	1	12	155	4	12	10	63	0
1.545	1	12	155	6	12	10	63	0
1.547	1	12	155	8	12	10	63	0
1.548	1	12	155	9	12	10	63	0
1.55	1	12	156	1	12	10	63	0
1.552	1	12	156	3	12	10	63	0
1.554	1	12	156	5	12	10	63	0
1.556	1	12	156	7	12	10	63	0
1.558	1	12	156	9	12	10	63	0
1.56	1	12	157	1	12	10	63	0
1.562	1	12	157	3	12	10	63	0
1.563	1	12	157	4	12	10	63	0
1.565	1	12	157	6	12	10	63	0
1.567	1	12	157	8	12	10	63	0
1.569	1	12	157	10	12	10	63	0
1.571	1	12	158	2	12	10	63	0
1.573	1	12	158	4	12	10	63	0
1.575	1	12	158	6	12	10	63	0
1.577	1	12	158	8	12	10	63	0
1.578	1	12	158	9	12	10	63	0
1.58	1	12	159	1	12	10	63	0
1.582	1	12	159	3	12	10	63	0
1.584	1	12	159	5	12	10	63	0
1.586	1	12	159	7	12	10	63	0
1.588	1	12	159	9	12	10	63	0
1.59	1	12	160	1	12	10	63	0
1.592	1	12	160	3	12	10	63	0
1.593	1	12	160	4	12	10	63	0
1.595	1	12	160	6	12	10	63	0
1.597	1	12	160	8	12	10	63	0
1.599	1	12	160	10	12	10	63	0
1.601	1	12	161	2	12	10	63	0
1.603	1	12	161	4	12	10	63	0
1.605	1	12	161	6	12	10	63	0
1.607	1	12	161	8	12	10	63	0
1.608	1	12	161	9	12	10	63	0
1.61	1	12	162	1	12	10	63	0
1.612	1	12	162	3	12	10	63	0
1.614	1	12	162	5	12	10	63	0
1.616	1	12	162	7	12	10	63	0
1.618	1	12	162	9	12	10	63	0
1.62	1	12	163	1	12	10	63	0
1.622	1	12	163	3	12	10	63	0
1.623	1	12	163	4	12	10	63	0
1.625	1	12	163	6	12	10	63	0
1.627	1	12	163	8	12	10	63	0
1.629	1	12	163	10	12	10	63	0
1.631	1	12	164	2	12	10	63	0
1.633	1	12	164	4	12	10	63	0
1.635	1	12	164	6	12	10	63	0
1.637	1	12	164	8	12	10	63	0
1.638	1	12	164	9	12	10	63	0
1.64	1	12	165	1	12	10	63	0
1.642	1	12	165	3	12	10	63	0
1.644	1	12	165	5	12	10	63	0
1.646	1	12	165	7	12	10	63	0
1.648	1	12	165	9	12	10	63	0
1.65	1	12	166	1	12	10	63	0
1.652	1	12	166	3	12	10	63	0
1.653	1	12	166	4	12	10	63	0
1.655	1	12	166	6	12	10	63	0
1.657	1	12	166	8	12	10	63	0
1.659	1	12	166	10	12	10	63	0
1.661	1	12	167	2	12	10	63	0
1.663	1	12	167	4	12	10	63	0
1.665	1	12	167	6	12	10	63	0
1.667	1	12	167	8	12	10	63	0
1.668	1	12	167	9	12	10	63	0
1.67	1	12	168	1	12	10	63	0
1.672	1	12	168	3	12	10	63	0
1.674	1	12	168	5	12	10	63	0
1.676	1	12	168	7	12	10	63	0
1.678	1	12	168	9	12	10	63	0
1.68	1	12	169	1	12	10	63	0
1.682	1	12	169	3	12	10	63	0
1.683	1	12	169	4	12	10	63	0
1.685	1	12	169	6	12	10	63	0
1.687	1	12	169	8	12	10	63	0
1.689	1	12	169	10	12	10	63	0
1.691	1	12	170	2	12	10	63	0
1.693	1	12	170	4	12	10	63	0
1.695	1	12	170	6	12	10	63	0
1.697	1	12	170	8	12	10	63	0
1.698	1	12	170	9	12	10	63	0
1.7	1	12	171	1	12	10	63	0
1.702	1	12	171	3	12	10	63	0
1.704	1	12	171	5	12	10	63	0
1.706	1	12	171	7	12	10	63	0
1.708	1	12	171	9	12	10	63	0
1.71	1	12	172	1	12	10	63	0
1.712	1	12	172	3	12	10	63	0
1.713	1	12	172	4	12	10	63	0
1.715	1	12	172	6	12	10	63	0
1.717	1	12	172	8	12	10	63	0
1.719	1	12	172	10	12	10	63	0
1.721	1	12	173	2	12	10	63	0
1.723	1	12	173	4	12	10	63	0
1.725	1	12	173	6	12	10	63	0
1.727	1	12	173	8	12	10	63	0
1.728	1	12	173	9	12	10	63	0
1.73	1	12	174	1	12	10	63	0
1.732	1	12	174	3	12	10	63	0
1.734	1	12	174	5	12	10	63	0
1.736	1	12	174	7	12	10	63	0
1.738	1	12	174	9	12	10	63	0
1.74	1	12	175	1	12	10	63	0
1.742	1	12	175	3	12	10	63	0
1.743	1	12	175	4	12	10	63	0
1.745	1	12	175	6	12	10	63	0
1.747	1	12	175	8	12	10	63	0
1.749	1	12	175	10	12	10	63	0
1.751	1	12	176	2	12	10	63	0
1.753	1	12	176	4	12	10	63	0
1.755	1	12	176	6	12	10	63	0
1.757	1	12	176	8	12	10	63	0
1.758	1	12	176	9	12	10	63	0
1.76	1	12	177	1	12	10	63	0
1.762	1	12	177	3	12	10	63	0
1.764	1	12	177	5	12	10	63	0
1.766	1	12	177	7	12	10	63	0
1.768	1	12	177	9	12	10	63	0
1.77	1	12	178	1	12	10	63	0
1.772	1	12	178	3	12	10	63	0
1.773	1	12	178	4	12	10	63	0
1.775	1	12	178	6	12	10	63	0
1.777	1	12	178	8	12	10	63	0
1.779	1	12	178	10	12	10	63	0
1.781	1	12	179	2	12	10	63	0
1.783	1	12	179	4	12	10	63	0
1.785	1	12	179	6	12	10	63	0
1.787	1	12	179	8	12	10	63	0
1.788	1	12	179	9	12	10	63	0
1.79	1	12	180	1	12	10	63	0
1.792	1	12	180	3	12	10	63	0
1.794	1	12	180	5	12	10	63	0
1.796	1	12	180	7	12	10	63	0
1.798	1	12	180	9	12	10	63	0
1.8	1	12	181	1	12	10	63	0
1.802	1	12	181	3	12	10	63	0
1.803	1	12	181	4	12	10	63	0
1.805	1	12	181	6	12	10	63	0
1.807	1	12	181	8	12	10	63	0
1.809	1	12	181	10	12	10	63	0
1.811	1	12	182	2	12	10	63	0
1.813	1	12	182	4	12	10	63	0
1.815	1	12	182	6	12	10	63	0
1.817	1	12	182	8	12	10	63	0
1.818	1	12	182	9	12	10	63	0
1.82	1	12	183	1	12	10	63	0
1.822	1	12	183	3	12	10	63	0
1.824	1	12	183	5	12	10	63	0
1.826	1	12	183	7	12	10	63	0
1.828	1	12	183	9	12	10	63	0
1.83	1	12	184	1	12	10	63	0
1.832	1	12	184	3	12	10	63	0
1.833	1	12	184	4	12	10	63	0
1.835	1	12	184	6	12	10	63	0
1.837	1	12	184	8	12	10	63	0
1.839	1	12	184	10	12	10	63	0
1.841	1	12	185	2	12	10	63	0
1.843	1	12	185	4	12	10	63	0
1.845	1	12	185	6	12	10	63	0
1.847	1	12	185	8	12	10	63	0
1.848	1	12	185	9	12	10	63	0
1.85	1	12	186	1	12	10	63	0
1.852	1	12	186	3	12	10	63	0
1.854	1	12	186	5	12	10	63	0
1.856	1	12	186	7	12	10	63	0
1.858	1	12	186	9	12	10	63	0
1.86	1	12	187	1	12	10	63	0
1.862	1	12	187	3	12	10	63	0
1.863	1	12	187	4	12	10	63	0
1.865	1	12	187	6	12	10	63	0
1.867	1	12	187	8	12	10	63	0
1.869	1	12	187	10	12	10	63	0
1.871	1	12	188	2	12	10	63	0
1.873	1	12	188	4	12	10	63	0
1.875	1	12	188	6	12	10	63	0
1.877	1	12	188	8	12	10	63	0
1.878	1	12	188	9	12	10	63	0
1.88	1	12	189	1	12	10	63	0
1.882	1	12	189	3	12	10	63	0
1.884	1	12	189	5	12	10	63	0
1.886	1	12	189	7	12	10	63	0
1.888	1	12	189	9	12	10	63	0
1.89	1	12	190	1	12	10	63	0
1.892	1	12	190	3	12	10	63	0
1.893	1	12	190	4	12	10	63	0
1.895	1	12	190	6	12	10	63	0
1.897	1	12	190	8	12	10	63	0
1.899	1	12	190	10	12	10	63	0
1.901	1	12	191	2	12	10	63	0
1.903	1	12	191	4	12	10	63	0
1.905	1	12	191	6	12	10	63	0
1.907	1	12	191	8	12	10	63	0
1.908	1	12	191	9	12	10	63	0
1.91	1	12	192	1	12	10	63	0
1.912	1	12	192	3	12	10	63	0
1.914	1	12	192	5	12	10	63	0
1.916	1	12	192	7	12	10	63	0
1.918	1	12	192	9	12	10	63	0
1.92	1	12	193	1	12	10	63	0
1.922	1	12	193	3	12	10	63	0
1.923	1	12	193	4	12	10	63	0
1.925	1	12	193	6	12	10	63	0
1.927	1	12	193	8	12	10	63	0
1.929	1	12	193	10	12	10	63	0
1.931	1	12	194	2	12	10	63	0
1.933	1	12	194	4	12	10	63	0
1.935	1	12	194	6	12	10	63	0
1.937	1	12	194	8	12	10	63	0
1.938	1	12	194	9	12	10	63	0
1.94	1	12	195	1	12	10	63	0
1.942	1	12	195	3	12	10	63	0
1.944	1	12	195	5	12	10	63	0
1.946	1	12	195	7	12	10	63	0
1.948	1	12	195	9	12	10	63	0
1.95	1	12	196	1	12	10	63	0
1.952	1	12	196	3	12	10	63	0
1.953	1	12	196	4	12	10	63	0
1.955	1	12	196	6	12	10	63	0
1.957	1	12	196	8	12	10	63	0
1.959	1	12	196	10	12	10	63	0
1.961	1	12	197	2	12	10	63	0
1.963	1	12	197	4	12	10	63	0
1.965	1	12	197	6	12	10	63	0
1.967	1	12	197	8	12	10	63	0
1.968	1	12	197	9	12	10	63	0
1.97	1	12	198	1	12	10	63	0
1.972	1	12	198	3	12	10	63	0
1.974	1	12	198	5	12	10	63	0
1.976	1	12	198	7	12	10	63	0
1.978	1	12	198	9	12	10	63	0
1.98	1	12	199	1	12	10	63	0
1.982	1	12	199	3	12	10	63	0
1.983	1	12	199	4	12	10	63	0
1.985	1	12	199	6	12	10	63	0
1.987	1	12	199	8	12	10	63	0
1.989	1	12	199	10	12	10	63	0
1.991	1	12	200	2	12	10	63	0
1.993	1	12	200	4	12	10	63	0
1.995	1	12	200	6	12	10	63	0
1.997	1	12	200	8	12	10	63	0
1.998	1	12	200	9	12	10	63	0
2	1	12	201	1	12	10	63	0
2.002	1	12	201	3	12	10	63	0
2.004	1	12	201	5	12	10	63	0
2.006	1	12	201	7	12	10	63	0
2.008	1	12	201	9	12	10	63	0
2.01	1	12	202	1	12	10	63	0
2.012	1	12	202	3	12	10	63	0
2.013	1	12	202	4	12	10	63	0
2.015	1	12	202	6	12	10	63	0
2.017	1	12	202	8	12	10	63	0
2.019	1	12	202	10	12	10	63	0
2.021	1	12	203	2	12	10	63	0
2.023	1	12	203	4	12	10	63	0
2.025	1	12	203	6	12	10	63	0
2.027	1	12	203	8	12	10	63	0
2.028	1	12	203	9	12	10	63	0
2.03	1	12	204	1	12	10	63	0
2.032	1	12	204	3	12	10	63	0
2.034	1	12	204	5	12	10	63	0
2.036	1	12	204	7	12	10	63	0
2.038	1	12	204	9	12	10	63	0
2.04	1	12	205	1	12	10	63	0
2.042	1	12	205	3	12	10	63	0
2.043	1	12	205	4	12	10	63	0
2.045	1	12	205	6	12	10	63	0
2.047	1	12	205	8	12	10	63	0
2.049	1	12	205	10	12	10	63	0
2.051	1	12	206	2	12	10	63	0
2.053	1	12	206	4	12	10	63	0
2.055	1	12	206	6	12	10	63	0
2.057	1	12	206	8	12	10	63	0
2.058	1	12	206	9	12	10	63	0
2.06	1	12	207	1	12	10	63	0
2.062	1	12	207	3	12	10	63	0
2.064	1	12	207	5	12	10	63	0
2.066	1	12	207	7	12	10	63	0
2.068	1	12	207	9	12	10	63	0
2.07	1	12	208	1	12	10	63	0
2.072	1	12	208	3	12	10	63	0
2.073	1	12	208	4	12	10	63	0
2.075	1	12	208	6	12	10	63	0
2.077	1	12	208	8	12	10	63	0
2.079	1	12	208	10	12	10	63	0
2.081	1	12	209	2	12	10	63	0
2.083	1	12	209	4	12	10	63	0
2.085	1	12	209	6	12	10	63	0
2.087	1	12	209	8	12	10	63	0
2.088	1	12	209	9	12	10	63	0
2.09	1	12	210	1	12	10	63	0
2.092	1	12	210	3	12	10	63	0
2.094	1	12	210	5	12	10	63	0
2.096	1	12	210	7	12	10	63	0
2.098	1	12	210	9	12	10	63	0
2.1	1	12	211	1	12	10	63	0
2.102	1	12	211	3	12	10	63	0
2.103	1	12	211	4	12	10	63	0
2.105	1	12	211	6	12	10	63	0
2.107	1	12	211	8	12	10	63	0
2.109	1	12	211	10	12	10	63	0
2.111	1	12	212	2	12	10	63	0
2.113	1	12	212	4	12	10	63	0
2.115	1	12	212	6	12	10	63	0
2.117	1	12	212	8	12	10	63	0
2.118	1	12	212	9	12	10	63	0
2.12	1	12	213	1	12	10	63	0
2.122	1	12	213	3	12	10	63	0
2.124	1	12	213	5	12	10	63	0
2.126	1	12	213	7	12	10	63	0
2.128	1	12	213	9	12	10	63	0
2.13	1	12	214	1	12	10	63	0
2.132	1	12	214	3	12	10	63	0
2.133	1	12	214	4	12	10	63	0
2.135	1	12	214	6	12	10	63	0
2.137	1	12	214	8	12	10	63	0
2.139	1	12	214	10	12	10	63	0
2.141	1	12	215	2	12	10	63	0
2.143	1	12	215	4	12	10	63	0
2.145	1	12	215	6	12	10	63	0
2.147	1	12	215	8	12	10	63	0
2.148	1	12	215	9	12	10	63	0
2.15	1	12	216	1	12	10	63	0
2.152	1	12	216	3	12	10	63	0
2.154	1	12	216	5	12	10	63	0
2.156	1	12	216	7	12	10	63	0
2.158	1	12	216	9	12	10	63	0
2.16	1	12	217	1	12	10	63	0
2.162	1	12	217	3	12	10	63	0
2.163	1	12	217	4	12	10	63	0
2.165	1	12	217	6	12	10	63	0
2.167	1	12	217	8	12	10	63	0
2.169	1	12	217	10	12	10	63	0
2.171	1	12	218	2	12	10	63	0
2.173	1	12	218	4	12	10	63	0
2.175	1	12	218	6	12	10	63	0
2.177	1	12	218	8	12	10	63	0
2.178	1	12	218	9	12	10	63	0
2.18	1	12	219	1	12	10	63	0
2.182	1	12	219	3	12	10	63	0
2.184	1	12	219	5	12	10	63	0
2.186	1	12	219	7	12	10	63	0
2.188	1	12	219	9	12	10	63	0
2.19	1	12	220	1	12	10	63	0
2.192	1	12	220	3	12	10	63	0
2.193	1	12	220	4	12	10	63	0
2.195	1	12	220	6	12	10	63	0
2.197	1	12	220	8	12	10	63	0
2.199	1	12	220	10	12	10	63	0
2.201	1	12	221	2	12	10	63	0
2.203	1	12	221	4	12	10	63	0
2.205	1	12	221	6	12	10	63	0
2.207	1	12	221	8	12	10	63	0
2.208	1	12	221	9	12	10	63	0
2.21	1	12	222	1	12	10	63	0
2.212	1	12	222	3	12	10	63	0
2.214	1	12	222	5	12	10	63	0
2.216	1	12	222	7	12	10	63	0
2.218	1	12	222	9	12	10	63	0
2.22	1	12	223	1	12	10	63	0
2.222	1	12	223	3	12	10	63	0
2.223	1	12	223	4	12	10	63	0
2.225	1	12	223	6	12	10	63	0
2.227	1	12	223	8	12	10	63	0
2.229	1	12	223	10	12	10	63	0
2.231	1	12	224	2	12	10	63	0
2.233	1	12	224	4	12	10	63	0
2.235	1	12	224	6	12	10	63	0
2.237	1	12	224	8	12	10	63	0
2.238	1	12	224	9	12	10	63	0
2.24	1	12	225	1	12	10	63	0
2.242	1	12	225	3	12	10	63	0
2.244	1	12	225	5	12	10	63	0
2.246	1	12	225	7	12	10	63	0
2.248	1	12	225	9	12	10	63	0
2.25	1	12	226	1	12	10	63	0
2.252	1	12	226	3	12	10	63	0
2.253	1	12	226	4	12	10	63	0
2.255	1	12	226	6	12	10	63	0
2.257	1	12	226	8	12	10	63	0
2.259	1	12	226	10	12	10	63	0
2.261	1	12	227	2	12	10	63	0
2.263	1	12	227	4	12	10	63	0
2.265	1	12	227	6	12	10	63	0
2.267	1	12	227	8	12	10	63	0
2.268	1	12	227	9	12	10	63	0
2.27	1	12	228	1	12	10	63	0
2.272	1	12	228	3	12	10	63	0
2.274	1	12	228	5	12	10	63	0
2.276	1	12	228	7	12	10	63	0
2.278	1	12	228	9	12	10	63	0
2.28	1	12	229	1	12	10	63	0
2.282	1	12	229	3	12	10	63	0
2.283	1	12	229	4	12	10	63	0
2.285	1	12	229	6	12	10	63	0
2.287	1	12	229	8	12	10	63	0
2.289	1	12	229	10	12	10	63	0
2.291	1	12	230	2	12	10	63	0
2.293	1	12	230	4	12	10	63	0
2.295	1	12	230	6	12	10	63	0
2.297	1	12	230	8	12	10	63	0
2.298	1	12	230	9	12	10	63	0
2.3	1	12	231	1	12	10	63	0
2.302	1	12	231	3	12	10	63	0
2.304	1	12	231	5	12	10	63	0
2.306	1	12	231	7	12	10	63	0
2.308	1	12	231	9	12	10	63	0
2.31	1	12	232	1	12	10	63	0
2.312	1	12	232	3	12	10	63	0
2.313	1	12	232	4	12	10	63	0
2.315	1	12	232	6	12	10	63	0
2.317	1	12	232	8	12	10	63	0
2.319	1	12	232	10	12	10	63	0
2.321	1	12	233	2	12	10	63	0
2.323	1	12	233	4	12	10	63	0
2.325	1	12	233	6	12	10	63	0
2.327	1	12	233	8	12	10	63	0
2.328	1	12	233	9	12	10	63	0
2.33	1	12	234	1	12	10	63	0
2.332	1	12	234	3	12	10	63	0
2.334	1	12	234	5	12	10	63	0
2.336	1	12	234	7	12	10	63	0
2.338	1	12	234	9	12	10	63	0
2.34	1	12	235	1	12	10	63	0
2.342	1	12	235	3	12	10	63	0
2.343	1	12	235	4	12	10	63	0
2.345	1	12	235	6	12	10	63	0
2.347	1	12	235	8	12	10	63	0
2.349	1	12	235	10	12	10	63	0
2.351	1	12	236	2	12	10	63	0
2.353	1	12	236	4	12	10	63	0
2.355	1	12	236	6	12	10	63	0
2.357	1	12	236	8	12	10	63	0
2.358	1	12	236	9	12	10	63	0
2.36	1	12	237	1	12	10	63	0
2.362	1	12	237	3	12	10	63	0
2.364	1	12	237	5	12	10	63	0
2.366	1	12	237	7	12	10	63	0
2.368	1	12	237	9	12	10	63	0
2.37	1	12	238	1	12	10	63	0
2.372	1	12	238	3	12	10	63	0
2.373	1	12	238	4	12	10	63	0
2.375	1	12	238	6	12	10	63	0
2.377	1	12	238	8	12	10	63	0
2.379	1	12	238	10	12	10	63	0
2.381	1	12	239	2	12	10	63	0
2.383	1	12	239	4	12	10	63	0
2.385	1	12	239	6	12	10	63	0
2.387	1	12	239	8	12	10	63	0
2.388	1	12	239	9	12	10	63	0
2.39	1	12	240	1	12	10	63	0
2.392	1	12	240	3	12	10	63	0
2.394	1	12	240	5	12	10	63	0
2.396	1	12	240	7	12	10	63	0
2.398	1	12	240	9	12	10	63	0
2.4	1	12	241	1	12	10	63	0
2.402	1	12	241	3	12	10	63	0
2.403	1	12	241	4	12	10	63	0
2.405	1	12	241	6	12	10	63	0
2.407	1	12	241	8	12	10	63	0
2.409	1	12	241	10	12	10	63	0
2.411	1	12	242	2	12	10	63	0
2.413	1	12	242	4	12	10	63	0
2.415	1	12	242	6	12	10	63	0
2.417	1	12	242	8	12	10	63	0
2.418	1	12	242	9	12	10	63	0
2.42	1	12	243	1	12	10	63	0
2.422	1	12	243	3	12	10	63	0
2.424	1	12	243	5	12	10	63	0
2.426	1	12	243	7	12	10	63	0
2.428	1	12	243	9	12	10	63	0
2.43	1	12	244	1	12	10	63	0
2.432	1	12	244	3	12	10	63	0
2.433	1	12	244	4	12	10	63	0
2.435	1	12	244	6	12	10	63	0
2.437	1	12	244	8	12	10	63	0
2.439	1	12	244	10	12	10	63	0
2.441	1	12	245	2	12	10	63	0
2.443	1	12	245	4	12	10	63	0
2.445	1	12	245	6	12	10	63	0
2.447	1	12	245	8	12	10	63	0
2.448	1	12	245	9	12	10	63	0
2.45	1	12	246	1	12	10	63	0
2.452	1	12	246	3	12	10	63	0
2.454	1	12	246	5	12	10	63	0
2.456	1	12	246	7	12	10	63	0
2.458	1	12	246	9	12	10	63	0
2.46	1	12	247	1	12	10	63	0
2.462	1	12	247	3	12	10	63	0
2.463	1	12	247	4	12	10	63	0
2.465	1	12	247	6	12	10	63	0
2.467	1	12	247	8	12	10	63	0
2.469	1	12	247	10	12	10	63	0
2.471	1	12	248	2	12	10	63	0
2.473	1	12	248	4	12	10	63	0
2.475	1	12	248	6	12	10	63	0
2.477	1	12	248	8	12	10	63	0
2.478	1	12	248	9	12	10	63	0
2.48	1	12	249	1	12	10	63	0
2.482	1	12	249	3	12	10	63	0
2.484	1	12	249	5	12	10	63	0
2.486	1	12	249	7	12	10	63	0
2.488	1	12	249	9	12	10	63	0
2.49	1	12	250	1	12	10	63	0
2.492	1	12	250	3	12	10	63	0
2.493	1	12	250	4	12	10	63	0
2.495	1	12	250	6	12	10	63	0
2.497	1	12	250	8	12	10	63	0
2.499	1	12	250	10	12	10	63	0
2.501	1	12	251	2	12	10	63	0
2.503	1	12	251	4	12	10	63	0
2.505	1	12	251	6	12	10	63	0
2.507	1	12	251	8	12	10	63	0
2.508	1	12	251	9	12	10	63	0
2.51	1	12	252	1	12	10	63	0
2.512	1	12	252	3	12	10	63	0
2.514	1	12	252	5	12	10	63	0
2.516	1	12	252	7	12	10	63	0
2.518	1	12	252	9	12	10	63	0
2.52	1	12	253	1	12	10	63	0
2.522	1	12	253	3	12	10	63	0
2.523	1	12	253	4	12	10	63	0
2.525	1	12	253	6	12	10	63	0
2.527	1	12	253	8	12	10	63	0
2.529	1	12	253	10	12	10	63	0
2.531	1	12	254	2	12	10	63	0
2.533	1	12	254	4	12	10	63	0
2.535	1	12	254	6	12	10	63	0
2.537	1	12	254	8	12	10	63	0
2.538	1	12	254	9	12	10	63	0
2.54	1	12	255	1	12	10	63	0
2.542	1	12	255	3	12	10	63	0
2.544	1	12	255	5	12	10	63	0
2.546	1	12	255	7	12	10	63	0
2.548	1	12	255	9	12	10	63	0
2.55	1	12	256	1	12	10	63	0
2.552	1	12	256	3	12	10	63	0
2.553	1	12	256	4	12	10	63	0
2.555	1	12	256	6	12	10	63	0
2.557	1	12	256	8	12	10	63	0
2.559	1	12	256	10	12	10	63	0
2.561	1	12	257	2	12	10	63	0
2.563	1	12	257	4	12	10	63	0
2.565	1	12	257	6	12	10	63	0
2.567	1	12	257	8	12	10	63	0
2.568	1	12	257	9	12	10	63	0
2.57	1	12	258	1	12	10	63	0
2.572	1	12	258	3	12	10	63	0
2.574	1	12	258	5	12	10	63	0
2.576	1	12	258	7	12	10	63	0
2.578	1	12	258	9	12	10	63	0
2.58	1	12	259	1	12	10	63	0
2.582	1	12	259	3	12	10	63	0
2.583	1	12	259	4	12	10	63	0
2.585	1	12	259	6	12	10	63	0
2.587	1	12	259	8	12	10	63	0
2.589	1	12	259	10	12	10	63	0
2.591	1	12	260	2	12	10	63	0
2.593	1	12	260	4	12	10	63	0
2.595	1	12	260	6	12	10	63	0
2.597	1	12	260	8	12	10	63	0
2.598	1	12	260	9	12	10	63	0
2.6	1	12	261	1	12	10	63	0
2.602	1	12	261	3	12	10	63	0
2.604	1	12	261	5	12	10	63	0
2.606	1	12	261	7	12	10	63	0
2.608	1	12	261	9	12	10	63	0
2.61	1	12	262	1	12	10	63	0
2.612	1	12	262	3	12	10	63	0
2.613	1	12	262	4	12	10	63	0
2.615	1	12	262	6	12	10	63	0
2.617	1	12	262	8	12	10	63	0
2.619	1	12	262	10	12	10	63	0
2.621	1	12	263	2	12	10	63	0
2.623	1	12	263	4	12	10	63	0
2.625	1	12	263	6	12	10	63	0
2.627	1	12	263	8	12	10	63	0
2.628	1	12	263	9	12	10	63	0
2.63	1	12	264	1	12	10	63	0
2.632	1	12	264	3	12	10	63	0
2.634	1	12	264	5	12	10	63	0
2.636	1	12	264	7	12	10	63	0
2.638	1	12	264	9	12	10	63	0
2.64	1	12	265	1	12	10	63	0
2.642	1	12	265	3	12	10	63	0
2.643	1	12	265	4	12	10	63	0
2.645	1	12	265	6	12	10	63	0
2.647	1	12	265	8	12	10	63	0
2.649	1	12	265	10	12	10	63	0
2.651	1	12	266	2	12	10	63	0
2.653	1	12	266	4	12	10	63	0
2.655	1	12	266	6	12	10	63	0
2.657	1	12	266	8	12	10	63	0
2.658	1	12	266	9	12	10	63	0
2.66	1	12	267	1	12	10	63	0
2.662	1	12	267	3	12	10	63	0
2.664	1	12	267	5	12	10	63	0
2.666	1	12	267	7	12	10	63	0
2.668	1	12	267	9	12	10	63	0
2.67	1	12	268	1	12	10	63	0
2.672	1	12	268	3	12	10	63	0
2.673	1	12	268	4	12	10	63	0
2.675	1	12	268	6	12	10	63	0
2.677	1	12	268	8	12	10	63	0
2.679	1	12	268	10	12	10	63	0
2.681	1	12	269	2	12	10	63	0
2.683	1	12	269	4	12	10	63	0
2.685	1	12	269	6	12	10	63	0
2.687	1	12	269	8	12	10	63	0
2.688	1	12	269	9	12	10	63	0
2.69	1	12	270	1	12	10	63	0
2.692	1	12	270	3	12	10	63	0
2.694	1	12	270	5	12	10	63	0
2.696	1	12	270	7	12	10	63	0
2.698	1	12	270	9	12	10	63	0
2.7	1	12	271	1	12	10	63	0
2.702	1	12	271	3	12	10	63	0
2.703	1	12	271	4	12	10	63	0
2.705	1	12	271	6	12	10	63	0
2.707	1	12	271	8	12	10	63	0
2.709	1	12	271	10	12	10	63	0
2.711	1	12	272	2	12	10	63	0
2.713	1	12	272	4	12	10	63	0
2.715	1	12	272	6	12	10	63	0
2.717	1	12	272	8	12	10	63	0
2.718	1	12	272	9	12	10	63	0
2.72	1	12	273	1	12	10	63	0
2.722	1	12	273	3	12	10	63	0
2.724	1	12	273	5	12	10	63	0
2.726	1	12	273	7	12	10	63	0
2.728	1	12	273	9	12	10	63	0
2.73	1	12	274	1	12	10	63	0
2.732	1	12	274	3	12	10	63	0
2.733	1	12	274	4	12	10	63	0
2.735	1	12	274	6	12	10	63	0
2.737	1	12	274	8	12	10	63	0
2.739	1	12	274	10	12	10	63	0
2.741	1	12	275	2	12	10	63	0
2.743	1	12	275	4	12	10	63	0
2.745	1	12	275	6	12	10	63	0
2.747	1	12	275	8	12	10	63	0
2.748	1	12	275	9	12	10	63	0
2.75	1	12	276	1	12	10	63	0
2.752	1	12	276	3	12	10	63	0
2.754	1	12	276	5	12	10	63	0
2.756	1	12	276	7	12	10	63	0
2.758	1	12	276	9	12	10	63	0
2.76	1	12	277	1	12	10	63	0
2.762	1	12	277	3	12	10	63	0
2.763	1	12	277	4	12	10	63	0
2.765	1	12	277	6	12	10	63	0
2.767	1	12	277	8	12	10	63	0
2.769	1	12	277	10	12	10	63	0
2.771	1	12	278	2	12	10	63	0
2.773	1	12	278	4	12	10	63	0
2.775	1	12	278	6	12	10	63	0
2.777	1	12	278	8	12	10	63	0
2.778	1	12	278	9	12	10	63	0
2.78	1	12	279	1	12	10	63	0
2.782	1	12	279	3	12	10	63	0
2.784	1	12	279	5	12	10	63	0
2.786	1	12	279	7	12	10	63	0
2.788	1	12	279	9	12	10	63	0
2.79	1	12	280	1	12	10	63	0
2.792	1	12	280	3	12	10	63	0
2.793	1	12	280	4	12	10	63	0
2.795	1	12	280	6	12	10	63	0
2.797	1	12	280	8	12	10	63	0
2.799	1	12	280	10	12	10	63	0
2.801	1	12	281	2	12	10	63	0
2.803	1	12	281	4	12	10	63	0
2.805	1	12	281	6	12	10	63	0
2.807	1	12	281	8	12	10	63	0
2.808	1	12	281	9	12	10	63	0
2.81	1	12	282	1	12	10	63	0
2.812	1	12	282	3	12	10	63	0
2.814	1	12	282	5	12	10	63	0
2.816	1	12	282	7	12	10	63	0
2.818	1	12	282	9	12	10	63	0
2.82	1	12	283	1	12	10	63	0
2.822	1	12	283	3	12	10	63	0
2.823	1	12	283	4	12	10	63	0
2.825	1	12	283	6	12	10	63	0
2.827	1	12	283	8	12	10	63	0
2.829	1	12	283	10	12	10	63	0
2.831	1	12	284	2	12	10	63	0
2.833	1	12	284	4	12	10	63	0
2.835	1	12	284	6	12	10	63	0
2.837	1	12	284	8	12	10	63	0
2.838	1	12	284	9	12	10	63	0
2.84	1	12	285	1	12	10	63	0
2.842	1	12	285	3	12	10	63	0
2.844	1	12	285	5	12	10	63	0
2.846	1	12	285	7	12	10	63	0
2.848	1	12	285	9	12	10	63	0
2.85	1	12	286	1	12	10	63	0
2.852	1	12	286	3	12	10	63	0
2.853	1	12	286	4	12	10	63	0
2.855	1	12	286	6	12	10	63	0
2.857	1	12	286	8	12	10	63	0
2.859	1	12	286	10	12	10	63	0
2.861	1	12	287	2	12	10	63	0
2.863	1	12	287	4	12	10	63	0
2.865	1	12	287	6	12	10	63	0
2.867	1	12	287	8	12	10	63	0
2.868	1	12	287	9	12	10	63	0
2.87	1	12	288	1	12	10	63	0
2.872	1	12	288	3	12	10	63	0
2.874	1	12	288	5	12	10	63	0
2.876	1	12	288	7	12	10	63	0
2.878	1	12	288	9	12	10	63	0
2.88	1	12	289	1	12	10	63	0
2.882	1	12	289	3	12	10	63	0
2.883	1	12	289	4	12	10	63	0
2.885	1	12	289	6	12	10	63	0
2.887	1	12	289	8	12	10	63	0
2.889	1	12	289	10	12	10	63	0
2.891	1	12	290	2	12	10	63	0
2.893	1	12	290	4	12	10	63	0
2.895	1	12	290	6	12	10	63	0
2.897	1	12	290	8	12	10	63	0
2.898	1	12	290	9	12	10	63	0
2.9	1	12	291	1	12	10	63	0
2.902	1	12	291	3	12	10	63	0
2.904	1	12	291	5	12	10	63	0
2.906	1	12	291	7	12	10	63	0
2.908	1	12	291	9	12	10	63	0
2.91	1	12	292	1	12	10	63	0
2.912	1	12	292	3	12	10	63	0
2.913	1	12	292	4	12	10	63	0
2.915	1	12	292	6	12	10	63	0
2.917	1	12	292	8	12	10	63	0
2.919	1	12	292	10	12	10	63	0
2.921	1	12	293	2	12	10	63	0
2.923	1	12	293	4	12	10	63	0
2.925	1	12	293	6	12	10	63	0
2.927	1	12	293	8	12	10	63	0
2.928	1	12	293	9	12	10	63	0
2.93	1	12	294	1	12	10	63	0
2.932	1	12	294	3	12	10	63	0
2.934	1	12	294	5	12	10	63	0
2.936	1	12	294	7	12	10	63	0
2.938	1	12	294	9	12	10	63	0
2.94	1	12	295	1	12	10	63	0
2.942	1	12	295	3	12	10	63	0
2.943	1	12	295	4	12	10	63	0
2.945	1	12	295	6	12	10	63	0
2.947	1	12	295	8	12	10	63	0
2.949	1	12	295	10	12	10	63	0
2.951	1	12	296	2	12	10	63	0
2.953	1	12	296	4	12	10	63	0
2.955	1	12	296	6	12	10	63	0
2.957	1	12	296	8	12	10	63	0
2.958	1	12	296	9	12	10	63	0
2.96	1	12	297	1	12	10	63	0
2.962	1	12	297	3	12	10	63	0
2.964	1	12	297	5	12	10	63	0
2.966	1	12	297	7	12	10	63	0
2.968	1	12	297	9	12	10	63	0
2.97	1	12	298	1	12	10	63	0
2.972	1	12	298	3	12	10	63	0
2.973	1	12	298	4	12	10	63	0
2.975	1	12	298	6	12	10	63	0
2.977	1	12	298	8	12	10	63	0
2.979	1	12	298	10	12	10	63	0
2.981	1	12	299	2	12	10	63	0
2.983	1	12	299	4	12	10	63	0
2.985	1	12	299	6	12	10	63	0
2.987	1	12	299	8	12	10	63	0
2.988	1	12	299	9	12	10	63	0
2.99	1	12	300	1	12	10	63	0
2.992	1	12	300	3	12	10	63	0
2.994	1	12	300	5	12	10	63	0
2.996	1	12	300	7	12	10	63	0
2.998	1	12	300	9	12	10	63	0
3	1	12	301	1	12	10	63	0
3.002	1	12	301	3	12	10	63	0
3.003	1	12	301	4	12	10	63	0
3.005	1	12	301	6	12	10	63	0
3.007	1	12	301	8	12	10	63	0
3.009	1	12	301	10	12	10	63	0
3.011	1	12	302	2	12	10	63	0
3.013	1	12	302	4	12	10	63	0
3.015	1	12	302	6	12	10	63	0
3.017	1	12	302	8	12	10	63	0
3.018	1	12	302	9	12	10	63	0
3.02	1	12	303	1	12	10	63	0
3.022	1	12	303	3	12	10	63	0
3.024	1	12	303	5	12	10	63	0
3.026	1	12	303	7	12	10	63	0
3.028	1	12	303	9	12	10	63	0
3.03	1	12	304	1	12	10	63	0
3.032	1	12	304	3	12	10	63	0
3.033	1	12	304	4	12	10	63	0
3.035	1	12	304	6	12	10	63	0
3.037	1	12	304	8	12	10	63	0
3.039	1	12	304	10	12	10	63	0
3.041	1	12	305	2	12	10	63	0
3.043	1	12	305	4	12	10	63	0
3.045	1	12	305	6	12	10	63	0
3.047	1	12	305	8	12	10	63	0
3.048	1	12	305	9	12	10	63	0
3.05	1	12	306	1	12	10	63	0
3.052	1	12	306	3	12	10	63	0
3.054	1	12	306	5	12	10	63	0
3.056	1	12	306	7	12	10	63	0
3.058	1	12	306	9	12	10	63	0
3.06	1	12	307	1	12	10	63	0
3.062	1	12	307	3	12	10	63	0
3.063	1	12	307	4	12	10	63	0
3.065	1	12	307	6	12	10	63	0
3.067	1	12	307	8	12	10	63	0
3.069	1	12	307	10	12	10	63	0
3.071	1	12	308	2	12	10	63	0
3.073	1	12	308	4	12	10	63	0
3.075	1	12	308	6	12	10	63	0
3.077	1	12	308	8	12	10	63	0
3.078	1	12	308	9	12	10	63	0
3.08	1	12	309	1	12	10	63	0
3.082	1	12	309	3	12	10	63	0
3.084	1	12	309	5	12	10	63	0
3.086	1	12	309	7	12	10	63	0
3.088	1	12	309	9	12	10	63	0
3.09	1	12	310	1	12	10	63	0
3.092	1	12	310	3	12	10	63	0
3.093	1	12	310	4	12	10	63	0
3.095	1	12	310	6	12	10	63	0
3.097	1	12	310	8	12	10	63	0
3.099	1	12	310	10	12	10	63	0
3.101	1	12	311	2	12	10	63	0
3.103	1	12	311	4	12	10	63	0
3.105	1	12	311	6	12	10	63	0
3.107	1	12	311	8	12	10	63	0
3.108	1	12	311	9	12	10	63	0
3.11	1	12	312	1	12	10	63	0
3.112	1	12	312	3	12	10	63	0
3.114	1	12	312	5	12	10	63	0
3.116	1	12	312	7	12	10	63	0
3.118	1	12	312	9	12	10	63	0
3.12	1	12	313	1	12	10	63	0
3.122	1	12	313	3	12	10	63	0
3.123	1	12	313	4	12	10	63	0
3.125	1	12	313	6	12	10	63	0
3.127	1	12	313	8	12	10	63	0
3.129	1	12	313	10	12	10	63	0
3.131	1	12	314	2	12	10	63	0
3.133	1	12	314	4	12	10	63	0
3.135	1	12	314	6	12	10	63	0
3.137	1	12	314	8	12	10	63	0
3.138	1	12	314	9	12	10	63	0
3.14	1	12	315	1	12	10	63	0
3.142	1	12	315	3	12	10	63	0
3.144	1	12	315	5	12	10	63	0
3.146	1	12	315	7	12	10	63	0
3.148	1	12	315	9	12	10	63	0
3.15	1	12	316	1	12	10	63	0
3.152	1	12	316	3	12	10	63	0
3.153	1	12	316	4	12	10	63	0
3.155	1	12	316	6	12	10	63	0
3.157	1	12	316	8	12	10	63	0
3.159	1	12	316	10	12	10	63	0
3.161	1	12	317	2	12	10	63	0
3.163	1	12	317	4	12	10	63	0
3.165	1	12	317	6	12	10	63	0
3.167	1	12	317	8	12	10	63	0
3.168	1	12	317	9	12	10	63	0
3.17	1	12	318	1	12	10	63	0
3.172	1	12	318	3	12	10	63	0
3.174	1	12	318	5	12	10	63	0
3.176	1	12	318	7	12	10	63	0
3.178	1	12	318	9	12	10	63	0
3.18	1	12	319	1	12	10	63	0
3.182	1	12	319	3	12	10	63	0
3.183	1	12	319	4	12	10	63	0
3.185	1	12	319	6	12	10	63	0
3.187	1	12	319	8	12	10	63	0
3.189	1	12	319	10	12	10	63	0
3.191	1	12	320	2	12	10	63	0
3.193	1	12	320	4	12	10	63	0
3.195	1	12	320	6	12	10	63	0
3.197	1	12	320	8	12	10	63	0
3.198	1	12	320	9	12	10	63	0
3.2	1	12	321	1	12	10	63	0
3.202	1	12	321	3	12	10	63	0
3.204	1	12	321	5	12	10	63	0
3.206	1	12	321	7	12	10	63	0
3.208	1	12	321	9	12	10	63	0
3.21	1	12	322	1	12	10	63	0
3.212	1	12	322	3	12	10	63	0
3.213	1	12	322	4	12	10	63	0
3.215	1	12	322	6	12	10	63	0
3.217	1	12	322	8	12	10	63	0
3.219	1	12	322	10	12	10	63	0
3.221	1	12	323	2	12	10	63	0
3.223	1	12	323	4	12	10	63	0
3.225	1	12	323	6	12	10	63	0
3.227	1	12	323	8	12	10	63	0
3.228	1	12	323	9	12	10	63	0
3.23	1	12	324	1	12	10	63	0
3.232	1	12	324	3	12	10	63	0
3.234	1	12	324	5	12	10	63	0
3.236	1	12	324	7	12	10	63	0
3.238	1	12	324	9	12	10	63	0
3.24	1	12	325	1	12	10	63	0
3.242	1	12	325	3	12	10	63	0
3.243	1	12	325	4	12	10	63	0
3.245	1	12	325	6	12	10	63	0
3.247	1	12	325	8	12	10	63	0
3.249	1	12	325	10	12	10	63	0
3.251	1	12	326	2	12	10	63	0
3.253	1	12	326	4	12	10	63	0
3.255	1	12	326	6	12	10	63	0
3.257	1	12	326	8	12	10	63	0
3.258	1	12	326	9	12	10	63	0
3.26	1	12	327	1	12	10	63	0
3.262	1	12	327	3	12	10	63	0
3.264	1	12	327	5	12	10	63	0
3.266	1	12	327	7	12	10	63	0
3.268	1	12	327	9	12	10	63	0
3.27	1	12	328	1	12	10	63	0
3.272	1	12	328	3	12	10	63	0
3.273	1	12	328	4	12	10	63	0
3.275	1	12	328	6	12	10	63	0
3.277	1	12	328	8	12	10	63	0
3.279	1	12	328	10	12	10	63	0
3.281	1	12	329	2	12	10	63	0
3.283	1	12	329	4	12	10	63	0
3.285	1	12	329	6	12	10	63	0
3.287	1	12	329	8	12	10	63	0
3.288	1	12	329	9	12	10	63	0
3.29	1	12	330	1	12	10	63	0
3.292	1	12	330	3	12	10	63	0
3.294	1	12	330	5	12	10	63	0
3.296	1	12	330	7	12	10	63	0
3.298	1	12	330	9	12	10	63	0
3.3	1	12	331	1	12	10	63	0
3.302	1	12	331	3	12	10	63	0
3.303	1	12	331	4	12	10	63	0
3.305	1	12	331	6	12	10	63	0
3.307	1	12	331	8	12	10	63	0
3.309	1	12	331	10	12	10	63	0
3.311	1	12	332	2	12	10	63	0
3.313	1	12	332	4	12	10	63	0
3.315	1	12	332	6	12	10	63	0
3.317	1	12	332	8	12	10	63	0
3.318	1	12	332	9	12	10	63	0
3.32	1	12	333	1	12	10	63	0
3.322	1	12	333	3	12	10	63	0
3.324	1	12	333	5	12	10	63	0
3.326	1	12	333	7	12	10	63	0
3.328	1	12	333	9	12	10	63	0
3.33	1	12	334	1	12	10	63	0
3.332	1	12	334	3	12	10	63	0
3.333	1	12	334	4	12	10	63	0
3.335	1	12	334	6	12	10	63	0
3.337	1	12	334	8	12	10	63	0
3.339	1	12	334	10	12	10	63	0
3.341	1	12	335	2	12	10	63	0
3.343	1	12	335	4	12	10	63	0
3.345	1	12	335	6	12	10	63	0
3.347	1	12	335	8	12	10	63	0
3.348	1	12	335	9	12	10	63	0
3.35	1	12	336	1	12	10	63	0
3.352	1	12	336	3	12	10	63	0
3.354	1	12	336	5	12	10	63	0
3.356	1	12	336	7	12	10	63	0
3.358	1	12	336	9	12	10	63	0
3.36	1	12	337	1	12	10	63	0
3.362	1	12	337	3	12	10	63	0
3.363	1	12	337	4	12	10	63	0
3.365	1	12	337	6	12	10	63	0
3.367	1	12	337	8	12	10	63	0
3.369	1	12	337	10	12	10	63	0
3.371	1	12	338	2	12	10	63	0
3.373	1	12	338	4	12	10	63	0
3.375	1	12	338	6	12	10	63	0
3.377	1	12	338	8	12	10	63	0
3.378	1	12	338	9	12	10	63	0
3.38	1	12	339	1	12	10	63	0
3.382	1	12	339	3	12	10	63	0
3.384	1	12	339	5	12	10	63	0
3.386	1	12	339	7	12	10	63	0
3.388	1	12	339	9	12	10	63	0
3.39	1	12	340	1	12	10	63	0
3.392	1	12	340	3	12	10	63	0
3.393	1	12	340	4	12	10	63	0
3.395	1	12	340	6	12	10	63	0
3.397	1	12	340	8	12	10	63	0
3.399	1	12	340	10	12	10	63	0
3.401	1	12	341	2	12	10	63	0
3.403	1	12	341	4	12	10	63	0
3.405	1	12	341	6	12	10	63	0
3.407	1	12	341	8	12	10	63	0
3.408	1	12	341	9	12	10	63	0
3.41	1	12	342	1	12	10	63	0
3.412	1	12	342	3	12	10	63	0
3.414	1	12	342	5	12	10	63	0
3.416	1	12	342	7	12	10	63	0
3.418	1	12	342	9	12	10	63	0
3.42	1	12	343	1	12	10	63	0
3.422	1	12	343	3	12	10	63	0
3.423	1	12	343	4	12	10	63	0
3.425	1	12	343	6	12	10	63	0
3.427	1	12	343	8	12	10	63	0
3.429	1	12	343	10	12	10	63	0
3.431	1	12	344	2	12	10	63	0
3.433	1	12	344	4	12	10	63	0
3.435	1	12	344	6	12	10	63	0
3.437	1	12	344	8	12	10	63	0
3.438	1	12	344	9	12	10	63	0
3.44	1	12	345	1	12	10	63	0
3.442	1	12	345	3	12	10	63	0
3.444	1	12	345	5	12	10	63	0
3.446	1	12	345	7	12	10	63	0
3.448	1	12	345	9	12	10	63	0
3.45	1	12	346	1	12	10	63	0
3.452	1	12	346	3	12	10	63	0
3.453	1	12	346	4	12	10	63	0
3.455	1	12	346	6	12	10	63	0
3.457	1	12	346	8	12	10	63	0
3.459	1	12	346	10	12	10	63	0
3.461	1	12	347	2	12	10	63	0
3.463	1	12	347	4	12	10	63	0
3.465	1	12	347	6	12	10	63	0
3.467	1	12	347	8	12	10	63	0
3.468	1	12	347	9	12	10	63	0
3.47	1	12	348	1	12	10	63	0
3.472	1	12	348	3	12	10	63	0
3.474	1	12	348	5	12	10	63	0
3.476	1	12	348	7	12	10	63	0
3.478	1	12	348	9	12	10	63	0
3.48	1	12	349	1	12	10	63	0
3.482	1	12	349	3	12	10	63	0
3.483	1	12	349	4	12	10	63	0
3.485	1	12	349	6	12	10	63	0
3.487	1	12	349	8	12	10	63	0
3.489	1	12	349	10	12	10	63	0
3.491	1	12	350	2	12	10	63	0
3.493	1	12	350	4	12	10	63	0
3.495	1	12	350	6	12	10	63	0
3.497	1	12	350	8	12	10	63	0
3.498	1	12	350	9	12	10	63	0
3.5	1	12	351	1	12	10	63	0
3.502	1	12	351	3	12	10	63	0
3.504	1	12	351	5	12	10	63	0
3.506	1	12	351	7	12	10	63	0
3.508	1	12	351	9	12	10	63	0
3.51	1	12	352	1	12	10	63	0
3.512	1	12	352	3	12	10	63	0
3.513	1	12	352	4	12	10	63	0
3.515	1	12	352	6	12	10	63	0
3.517	1	12	352	8	12	10	63	0
3.519	1	12	352	10	12	10	63	0
3.521	1	12	353	2	12	10	63	0
3.523	1	12	353	4	12	10	63	0
3.525	1	12	353	6	12	10	63	0
3.527	1	12	353	8	12	10	63	0
3.528	1	12	353	9	12	10	63	0
3.53	1	12	354	1	12	10	63	0
3.532	1	12	354	3	12	10	63	0
3.534	1	12	354	5	12	10	63	0
3.536	1	12	354	7	12	10	63	0
3.538	1	12	354	9	12	10	63	0
3.54	1	12	355	1	12	10	63	0
3.542	1	12	355	3	12	10	63	0
3.543	1	12	355	4	12	10	63	0
3.545	1	12	355	6	12	10	63	0
3.547	1	12	355	8	12	10	63	0
3.549	1	12	355	10	12	10	63	0
3.551	1	12	356	2	12	10	63	0
3.553	1	12	356	4	12	10	63	0
3.555	1	12	356	6	12	10	63	0
3.557	1	12	356	8	12	10	63	0
3.558	1	12	356	9	12	10	63	0
3.56	1	12	357	1	12	10	63	0
3.562	1	12	357	3	12	10	63	0
3.564	1	12	357	5	12	10	63	0
3.566	1	12	357	7	12	10	63	0
3.568	1	12	357	9	12	10	63	0
3.57	1	12	358	1	12	10	63	0
3.572	1	12	358	3	12	10	63	0
3.573	1	12	358	4	12	10	63	0
3.575	1	12	358	6	12	10	63	0
3.577	1	12	358	8	12	10	63	0
3.579	1	12	358	10	12	10	63	0
3.581	1	12	359	2	12	10	63	0
3.583	1	12	359	4	12	10	63	0
3.585	1	12	359	6	12	10	63	0
3.587	1	12	359	8	12	10	63	0
3.588	1	12	359	9	12	10	63	0
3.59	1	12	360	1	12	10	63	0
3.592	1	12	360	3	12	10	63	0
3.594	1	12	360	5	12	10	63	0
3.596	1	12	360	7	12	10	63	0
3.598	1	12	360	9	12	10	63	0
3.6	1	12	361	1	12	10	63	0
3.602	1	12	361	3	12	10	63	0
3.603	1	12	361	4	12	10	63	0
3.605	1	12	361	6	12	10	63	0
3.607	1	12	361	8	12	10	63	0
3.609	1	12	361	10	12	10	63	0
3.611	1	12	362	2	12	10	63	0
3.613	1	12	362	4	12	10	63	0
3.615	1	12	362	6	12	10	63	0
3.617	1	12	362	8	12	10	63	0
3.618	1	12	362	9	12	10	63	0
3.62	1	12	363	1	12	10	63	0
3.622	1	12	363	3	12	10	63	0
3.624	1	12	363	5	12	10	63	0
3.626	1	12	363	7	12	10	63	0
3.628	1	12	363	9	12	10	63	0
3.63	1	12	364	1	12	10	63	0
3.632	1	12	364	3	12	10	63	0
3.633	1	12	364	4	12	10	63	0
3.635	1	12	364	6	12	10	63	0
3.637	1	12	364	8	12	10	63	0
3.639	1	12	364	10	12	10	63	0
3.641	1	12	365	2	12	10	63	0
3.643	1	12	365	4	12	10	63	0
3.645	1	12	365	6	12	10	63	0
3.647	1	12	365	8	12	10	63	0
3.648	1	12	365	9	12	10	63	0
3.65	1	12	366	1	12	10	63	0
3.652	1	12	366	3	12	10	63	0
3.654	1	12	366	5	12	10	63	0
3.656	1	12	366	7	12	10	63	0
3.658	1	12	366	9	12	10	63	0
3.66	1	12	367	1	12	10	63	0
3.662	1	12	367	3	12	10	63	0
3.663	1	12	367	4	12	10	63	0
3.665	1	12	367	6	12	10	63	0
3.667	1	12	367	8	12	10	63	0
3.669	1	12	367	10	12	10	63	0
3.671	1	12	368	2	12	10	63	0
3.673	1	12	368	4	12	10	63	0
3.675	1	12	368	6	12	10	63	0
3.677	1	12	368	8	12	10	63	0
3.678	1	12	368	9	12	10	63	0
3.68	1	12	369	1	12	10	63	0
3.682	1	12	369	3	12	10	63	0
3.684	1	12	369	5	12	10	63	0
3.686	1	12	369	7	12	10	63	0
3.688	1	12	369	9	12	10	63	0
3.69	1	12	370	1	12	10	63	0
3.692	1	12	370	3	12	10	63	0
3.693	1	12	370	4	12	10	63	0
3.695	1	12	370	6	12	10	63	0
3.697	1	12	370	8	12	10	63	0
3.699	1	12	370	10	12	10	63	0
3.701	1	12	371	2	12	10	63	0
3.703	1	12	371	4	12	10	63	0
3.705	1	12	371	6	12	10	63	0
3.707	1	12	371	8	12	10	63	0
3.708	1	12	371	9	12	10	63	0
3.71	1	12	372	1	12	10	63	0
3.712	1	12	372	3	12	10	63	0
3.714	1	12	372	5	12	10	63	0
3.716	1	12	372	7	12	10	63	0
3.718	1	12	372	9	12	10	63	0
3.72	1	12	373	1	12	10	63	0
3.722	1	12	373	3	12	10	63	0
3.723	1	12	373	4	12	10	63	0
3.725	1	12	373	6	12	10	63	0
3.727	1	12	373	8	12	10	63	0
3.729	1	12	373	10	12	10	63	0
3.731	1	12	374	2	12	10	63	0
3.733	1	12	374	4	12	10	63	0
3.735	1	12	374	6	12	10	63	0
3.737	1	12	374	8	12	10	63	0
3.738	1	12	374	9	12	10	63	0
3.74	1	12	375	1	12	10	63	0
3.742	1	12	375	3	12	10	63	0
3.744	1	12	375	5	12	10	63	0
3.746	1	12	375	7	12	10	63	0
3.748	1	12	375	9	12	10	63	0
3.75	1	12	376	1	12	10	63	0
3.752	1	12	376	3	12	10	63	0
3.753	1	12	376	4	12	10	63	0
3.755	1	12	376	6	12	10	63	0
3.757	1	12	376	8	12	10	63	0
3.759	1	12	376	10	12	10	63	0
3.761	1	12	377	2	12	10	63	0
3.763	1	12	377	4	12	10	63	0
3.765	1	12	377	6	12	10	63	0
3.767	1	12	377	8	12	10	63	0
3.768	1	12	377	9	12	10	63	0
3.77	1	12	378	1	12	10	63	0
3.772	1	12	378	3	12	10	63	0
3.774	1	12	378	5	12	10	63	0
3.776	1	12	378	7	12	10	63	0
3.778	1	12	378	9	12	10	63	0
3.78	1	12	379	1	12	10	63	0
3.782	1	12	379	3	12	10	63	0
3.783	1	12	379	4	12	10	63	0
3.785	1	12	379	6	12	10	63	0
3.787	1	12	379	8	12	10	63	0
3.789	1	12	379	10	12	10	63	0
3.791	1	12	380	2	12	10	63	0
3.793	1	12	380	4	12	10	63	0
3.795	1	12	380	6	12	10	63	0
3.797	1	12	380	8	12	10	63	0
3.798	1	12	380	9	12	10	63	0
3.8	1	12	381	1	12	10	63	0
3.802	1	12	381	3	12	10	63	0
3.804	1	12	381	5	12	10	63	0
3.806	1	12	381	7	12	10	63	0
3.808	1	12	381	9	12	10	63	0
3.81	1	12	382	1	12	10	63	0
3.812	1	12	382	3	12	10	63	0
3.813	1	12	382	4	12	10	63	0
3.815	1	12	382	6	12	10	63	0
3.817	1	12	382	8	12	10	63	0
3.819	1	12	382	10	12	10	63	0
3.821	1	12	383	2	12	10	63	0
3.823	1	12	383	4	12	10	63	0
3.825	1	12	383	6	12	10	63	0
3.827	1	12	383	8	12	10	63	0
3.828	1	12	383	9	12	10	63	0
3.83	1	12	384	1	12	10	63	0
3.832	1	12	384	3	12	10	63	0
3.834	1	12	384	5	12	10	63	0
3.836	1	12	384	7	12	10	63	0
3.838	1	12	384	9	12	10	63	0
3.84	1	12	385	1	12	10	63	0
3.842	1	12	385	3	12	10	63	0
3.843	1	12	385	4	12	10	63	0
3.845	1	12	385	6	12	10	63	0
3.847	1	12	385	8	12	10	63	0
3.849	1	12	385	10	12	10	63	0
3.851	1	12	386	2	12	10	63	0
3.853	1	12	386	4	12	10	63	0
3.855	1	12	386	6	12	10	63	0
3.857	1	12	386	8	12	10	63	0
3.858	1	12	386	9	12	10	63	0
3.86	1	12	387	1	12	10	63	0
3.862	1	12	387	3	12	10	63	0
3.864	1	12	387	5	12	10	63	0
3.866	1	12	387	7	12	10	63	0
3.868	1	12	387	9	12	10	63	0
3.87	1	12	388	1	12	10	63	0
3.872	1	12	388	3	12	10	63	0
3.873	1	12	388	4	12	10	63	0
3.875	1	12	388	6	12	10	63	0
3.877	1	12	388	8	12	10	63	0
3.879	1	12	388	10	12	10	63	0
3.881	1	12	389	2	12	10	63	0
3.883	1	12	389	4	12	10	63	0
3.885	1	12	389	6	12	10	63	0
3.887	1	12	389	8	12	10	63	0
3.888	1	12	389	9	12	10	63	0
3.89	1	12	390	1	12	10	63	0
3.892	1	12	390	3	12	10	63	0
3.894	1	12	390	5	12	10	63	0
3.896	1	12	390	7	12	10	63	0
3.898	1	12	390	9	12	10	63	0
3.9	1	12	391	1	12	10	63	0
3.902	1	12	391	3	12	10	63	0
3.903	1	12	391	4	12	10	63	0
3.905	1	12	391	6	12	10	63	0
3.907	1	12	391	8	12	10	63	0
3.909	1	12	391	10	12	10	63	0
3.911	1	12	392	2	12	10	63	0
3.913	1	12	392	4	12	10	63	0
3.915	1	12	392	6	12	10	63	0
3.917	1	12	392	8	12	10	63	0
3.918	1	12	392	9	12	10	63	0
3.92	1	12	393	1	12	10	63	0
3.922	1	12	393	3	12	10	63	0
3.924	1	12	393	5	12	10	63	0
3.926	1	12	393	7	12	10	63	0
3.928	1	12	393	9	12	10	63	0
3.93	1	12	394	1	12	10	63	0
3.932	1	12	394	3	12	10	63	0
3.933	1	12	394	4	12	10	63	0
3.935	1	12	394	6	12	10	63	0
3.937	1	12	394	8	12	10	63	0
3.939	1	12	394	10	12	10	63	0
3.941	1	12	395	2	12	10	63	0
3.943	1	12	395	4	12	10	63	0
3.945	1	12	395	6	12	10	63	0
3.947	1	12	395	8	12	10	63	0
3.948	1	12	395	9	12	10	63	0
3.95	1	12	396	1	12	10	63	0
3.952	1	12	396	3	12	10	63	0
3.954	1	12	396	5	12	10	63	0
3.956	1	12	396	7	12	10	63	0
3.958	1	12	396	9	12	10	63	0
3.96	1	12	397	1	12	10	63	0
3.962	1	12	397	3	12	10	63	0
3.963	1	12	397	4	12	10	63	0
3.965	1	12	397	6	12	10	63	0
3.967	1	12	397	8	12	10	63	0
3.969	1	12	397	10	12	10	63	0
3.971	1	12	398	2	12	10	63	0
3.973	1	12	398	4	12	10	63	0
3.975	1	12	398	6	12	10	63	0
3.977	1	12	398	8	12	10	63	0
3.978	1	12	398	9	12	10	63	0
3.98	1	12	399	1	12	10	63	0
3.982	1	12	399	3	12	10	63	0
3.984	1	12	399	5	12	10	63	0
3.986	1	12	399	7	12	10	63	0
3.988	1	12	399	9	12	10	63	0
3.99	1	12	400	1	12	10	63	0
3.992	1	12	400	3	12	10	63	0
3.993	1	12	400	4	12	10	63	0
3.995	1	12	400	6	12	10	63	0
3.997	1	12	400	8	12	10	63	0
3.999	1	12	400	10	12	10	63	0
4.001	1	12	401	2	12	10	63	0
4.003	1	12	401	4	12	10	63	0
4.005	1	12	401	6	12	10	63	0
4.007	1	12	401	8	12	10	63	0
4.008	1	12	401	9	12	10	63	0
4.01	1	12	402	1	12	10	63	0
4.012	1	12	402	3	12	10	63	0
4.014	1	12	402	5	12	10	63	0
4.016	1	12	402	7	12	10	63	0
4.018	1	12	402	9	12	10	63	0
4.02	1	12	403	1	12	10	63	0
4.022	1	12	403	3	12	10	63	0
4.023	1	12	403	4	12	10	63	0
4.025	1	12	403	6	12	10	63	0
4.027	1	12	403	8	12	10	63	0
4.029	1	12	403	10	12	10	63	0
4.031	1	12	404	2	12	10	63	0
4.033	1	12	404	4	12	10	63	0
4.035	1	12	404	6	12	10	63	0
4.037	1	12	404	8	12	10	63	0
4.038	1	12	404	9	12	10	63	0
4.04	1	12	405	1	12	10	63	0
4.042	1	12	405	3	12	10	63	0
4.044	1	12	405	5	12	10	63	0
4.046	1	12	405	7	12	10	63	0
4.048	1	12	405	9	12	10	63	0
4.05	1	12	406	1	12	10	63	0
4.052	1	12	406	3	12	10	63	0
4.053	1	12	406	4	12	10	63	0
4.055	1	12	406	6	12	10	63	0
4.057	1	12	406	8	12	10	63	0
4.059	1	12	406	10	12	10	63	0
4.061	1	12	407	2	12	10	63	0
4.063	1	12	407	4	12	10	63	0
4.065	1	12	407	6	12	10	63	0
4.067	1	12	407	8	12	10	63	0
4.068	1	12	407	9	12	10	63	0
4.07	1	12	408	1	12	10	63	0
4.072	1	12	408	3	12	10	63	0
4.074	1	12	408	5	12	10	63	0
4.076	1	12	408	7	12	10	63	0
4.078	1	12	408	9	12	10	63	0
4.08	1	12	409	1	12	10	63	0
4.082	1	12	409	3	12	10	63	0
4.083	1	12	409	4	12	10	63	0
4.085	1	12	409	6	12	10	63	0
4.087	1	12	409	8	12	10	63	0
4.089	1	12	409	10	12	10	63	0
4.091	1	12	410	2	12	10	63	0
4.093	1	12	410	4	12	10	63	0
4.095	1	12	410	6	12	10	63	0
4.097	1	12	410	8	12	10	63	0
4.098	1	12	410	9	12	10	63	0
4.1	1	12	411	1	12	10	63	0
4.102	1	12	411	3	12	10	63	0
4.104	1	12	411	5	12	10	63	0
4.106	1	12	411	7	12	10	63	0
4.108	1	12	411	9	12	10	63	0
4.11	1	12	412	1	12	10	63	0
4.112	1	12	412	3	12	10	63	0
4.113	1	12	412	4	12	10	63	0
4.115	1	12	412	6	12	10	63	0
4.117	1	12	412	8	12	10	63	0
4.119	1	12	412	10	12	10	63	0
4.121	1	12	413	2	12	10	63	0
4.123	1	12	413	4	12	10	63	0
4.125	1	12	413	6	12	10	63	0
4.127	1	12	413	8	12	10	63	0
4.128	1	12	413	9	12	10	63	0
4.13	1	12	414	1	12	10	63	0
4.132	1	12	414	3	12	10	63	0
4.134	1	12	414	5	12	10	63	0
4.136	1	12	414	7	12	10	63	0
4.138	1	12	414	9	12	10	63	0
4.14	1	12	415	1	12	10	63	0
4.142	1	12	415	3	12	10	63	0
4.143	1	12	415	4	12	10	63	0
4.145	1	12	415	6	12	10	63	0
4.147	1	12	415	8	12	10	63	0
4.149	1	12	415	10	12	10	63	0
4.151	1	12	416	2	12	10	63	0
4.153	1	12	416	4	12	10	63	0
4.155	1	12	416	6	12	10	63	0
4.157	1	12	416	8	12	10	63	0
4.158	1	12	416	9	12	10	63	0
4.16	1	12	417	1	12	10	63	0
4.162	1	12	417	3	12	10	63	0
4.164	1	12	417	5	12	10	63	0
4.166	1	12	417	7	12	10	63	0
4.168	1	12	417	9	12	10	63	0
4.17	1	12	418	1	12	10	63	0
4.172	1	12	418	3	12	10	63	0
4.173	1	12	418	4	12	10	63	0
4.175	1	12	418	6	12	10	63	0
4.177	1	12	418	8	12	10	63	0
4.179	1	12	418	10	12	10	63	0
4.181	1	12	419	2	12	10	63	0
4.183	1	12	419	4	12	10	63	0
4.185	1	12	419	6	12	10	63	0
4.187	1	12	419	8	12	10	63	0
4.188	1	12	419	9	12	10	63	0
4.19	1	12	420	1	12	10	63	0
4.192	1	12	420	3	12	10	63	0
4.194	1	12	420	5	12	10	63	0
4.196	1	12	420	7	12	10	63	0
4.198	1	12	420	9	12	10	63	0
4.2	1	12	421	1	12	10	63	0
4.202	1	12	421	3	12	10	63	0
4.203	1	12	421	4	12	10	63	0
4.205	1	12	421	6	12	10	63	0
4.207	1	12	421	8	12	10	63	0
4.209	1	12	421	10	12	10	63	0
4.211	1	12	422	2	12	10	63	0
4.213	1	12	422	4	12	10	63	0
4.215	1	12	422	6	12	10	63	0
4.217	1	12	422	8	12	10	63	0
4.218	1	12	422	9	12	10	63	0
4.22	1	12	423	1	12	10	63	0
4.222	1	12	423	3	12	10	63	0
4.224	1	12	423	5	12	10	63	0
4.226	1	12	423	7	12	10	63	0
4.228	1	12	423	9	12	10	63	0
4.23	1	12	424	1	12	10	63	0
4.232	1	12	424	3	12	10	63	0
4.233	1	12	424	4	12	10	63	0
4.235	1	12	424	6	12	10	63	0
4.237	1	12	424	8	12	10	63	0
4.239	1	12	424	10	12	10	63	0
4.241	1	12	425	2	12	10	63	0
4.243	1	12	425	4	12	10	63	0
4.245	1	12	425	6	12	10	63	0
4.247	1	12	425	8	12	10	63	0
4.248	1	12	425	9	12	10	63	0
4.25	1	12	426	1	12	10	63	0
4.252	1	12	426	3	12	10	63	0
4.254	1	12	426	5	12	10	63	0
4.256	1	12	426	7	12	10	63	0
4.258	1	12	426	9	12	10	63	0
4.26	1	12	427	1	12	10	63	0
4.262	1	12	427	3	12	10	63	0
4.263	1	12	427	4	12	10	63	0
4.265	1	12	427	6	12	10	63	0
4.267	1	12	427	8	12	10	63	0
4.269	1	12	427	10	12	10	63	0
4.271	1	12	428	2	12	10	63	0
4.273	1	12	428	4	12	10	63	0
4.275	1	12	428	6	12	10	63	0
4.277	1	12	428	8	12	10	63	0
4.278	1	12	428	9	12	10	63	0
4.28	1	12	429	1	12	10	63	0
4.282	1	12	429	3	12	10	63	0
4.284	1	12	429	5	12	10	63	0
4.286	1	12	429	7	12	10	63	0
4.288	1	12	429	9	12	10	63	0
4.29	1	12	430	1	12	10	63	0
4.292	1	12	430	3	12	10	63	0
4.293	1	12	430	4	12	10	63	0
4.295	1	12	430	6	12	10	63	0
4.297	1	12	430	8	12	10	63	0
4.299	1	12	430	10	12	10	63	0
4.301	1	12	431	2	12	10	63	0
4.303	1	12	431	4	12	10	63	0
4.305	1	12	431	6	12	10	63	0
4.307	1	12	431	8	12	10	63	0
4.308	1	12	431	9	12	10	63	0
4.31	1	12	432	1	12	10	63	0
4.312	1	12	432	3	12	10	63	0
4.314	1	12	432	5	12	10	63	0
4.316	1	12	432	7	12	10	63	0
4.318	1	12	432	9	12	10	63	0
4.32	1	12	433	1	12	10	63	0
4.322	1	12	433	3	12	10	63	0
4.323	1	12	433	4	12	10	63	0
4.325	1	12	433	6	12	10	63	0
4.327	1	12	433	8	12	10	63	0
4.329	1	12	433	10	12	10	63	0
4.331	1	12	434	2	12	10	63	0
4.333	1	12	434	4	12	10	63	0
4.335	1	12	434	6	12	10	63	0
4.337	1	12	434	8	12	10	63	0
4.338	1	12	434	9	12	10	63	0
4.34	1	12	435	1	12	10	63	0
4.342	1	12	435	3	12	10	63	0
4.344	1	12	435	5	12	10	63	0
4.346	1	12	435	7	12	10	63	0
4.348	1	12	435	9	12	10	63	0
4.35	1	12	436	1	12	10	63	0
4.352	1	12	436	3	12	10	63	0
4.353	1	12	436	4	12	10	63	0
4.355	1	12	436	6	12	10	63	0
4.357	1	12	436	8	12	10	63	0
4.359	1	12	436	10	12	10	63	0
4.361	1	12	437	2	12	10	63	0
4.363	1	12	437	4	12	10	63	0
4.365	1	12	437	6	12	10	63	0
4.367	1	12	437	8	12	10	63	0
4.368	1	12	437	9	12	10	63	0
4.37	1	12	438	1	12	10	63	0
4.372	1	12	438	3	12	10	63	0
4.374	1	12	438	5	12	10	63	0
4.376	1	12	438	7	12	10	63	0
4.378	1	12	438	9	12	10	63	0
4.38	1	12	439	1	12	10	63	0
4.382	1	12	439	3	12	10	63	0
4.383	1	12	439	4	12	10	63	0
4.385	1	12	439	6	12	10	63	0
4.387	1	12	439	8	12	10	63	0
4.389	1	12	439	10	12	10	63	0
4.391	1	12	440	2	12	10	63	0
4.393	1	12	440	4	12	10	63	0
4.395	1	12	440	6	12	10	63	0
4.397	1	12	440	8	12	10	63	0
4.398	1	12	440	9	12	10	63	0
4.4	1	12	441	1	12	10	63	0
4.402	1	12	441	3	12	10	63	0
4.404	1	12	441	5	12	10	63	0
4.406	1	12	441	7	12	10	63	0
4.408	1	12	441	9	12	10	63	0
4.41	1	12	442	1	12	10	63	0
4.412	1	12	442	3	12	10	63	0
4.413	1	12	442	4	12	10	63	0
4.415	1	12	442	6	12	10	63	0
4.417	1	12	442	8	12	10	63	0
4.419	1	12	442	10	12	10	63	0
4.421	1	12	443	2	12	10	63	0
4.423	1	12	443	4	12	10	63	0
4.425	1	12	443	6	12	10	63	0
4.427	1	12	443	8	12	10	63	0
4.428	1	12	443	9	12	10	63	0
4.43	1	12	444	1	12	10	63	0
4.432	1	12	444	3	12	10	63	0
4.434	1	12	444	5	12	10	63	0
4.436	1	12	444	7	12	10	63	0
4.438	1	12	444	9	12	10	63	0
4.44	1	12	445	1	12	10	63	0
4.442	1	12	445	3	12	10	63	0
4.443	1	12	445	4	12	10	63	0
4.445	1	12	445	6	12	10	63	0
4.447	1	12	445	8	12	10	63	0
4.449	1	12	445	10	12	10	63	0
4.451	1	12	446	2	12	10	63	0
4.453	1	12	446	4	12	10	63	0
4.455	1	12	446	6	12	10	63	0
4.457	1	12	446	8	12	10	63	0
4.458	1	12	446	9	12	10	63	0
4.46	1	12	447	1	12	10	63	0
4.462	1	12	447	3	12	10	63	0
4.464	1	12	447	5	12	10	63	0
4.466	1	12	447	7	12	10	63	0
4.468	1	12	447	9	12	10	63	0
4.47	1	12	448	1	12	10	63	0
4.472	1	12	448	3	12	10	63	0
4.473	1	12	448	4	12	10	63	0
4.475	1	12	448	6	12	10	63	0
4.477	1	12	448	8	12	10	63	0
4.479	1	12	448	10	12	10	63	0
4.481	1	12	449	2	12	10	63	0
4.483	1	12	449	4	12	10	63	0
4.485	1	12	449	6	12	10	63	0
4.487	1	12	449	8	12	10	63	0
4.488	1	12	449	9	12	10	63	0
4.49	1	12	450	1	12	10	63	0
4.492	1	12	450	3	12	10	63	0
4.494	1	12	450	5	12	10	63	0
4.496	1	12	450	7	12	10	63	0
4.498	1	12	450	9	12	10	63	0
4.5	1	12	451	1	12	10	63	0
4.502	1	12	451	3	12	10	63	0
4.503	1	12	451	4	12	10	63	0
4.505	1	12	451	6	12	10	63	0
4.507	1	12	451	8	12	10	63	0
4.509	1	12	451	10	12	10	63	0
4.511	1	12	452	2	12	10	63	0
4.513	1	12	452	4	12	10	63	0
4.515	1	12	452	6	12	10	63	0
4.517	1	12	452	8	12	10	63	0
4.518	1	12	452	9	12	10	63	0
4.52	1	12	453	1	12	10	63	0
4.522	1	12	453	3	12	10	63	0
4.524	1	12	453	5	12	10	63	0
4.526	1	12	453	7	12	10	63	0
4.528	1	12	453	9	12	10	63	0
4.53	1	12	454	1	12	10	63	0
4.532	1	12	454	3	12	10	63	0
4.533	1	12	454	4	12	10	63	0
4.535	1	12	454	6	12	10	63	0
4.537	1	12	454	8	12	10	63	0
4.539	1	12	454	10	12	10	63	0
4.541	1	12	455	2	12	10	63	0
4.543	1	12	455	4	12	10	63	0
4.545	1	12	455	6	12	10	63	0
4.547	1	12	455	8	12	10	63	0
4.548	1	12	455	9	12	10	63	0
4.55	1	12	456	1	12	10	63	0
4.552	1	12	456	3	12	10	63	0
4.554	1	12	456	5	12	10	63	0
4.556	1	12	456	7	12	10	63	0
4.558	1	12	456	9	12	10	63	0
4.56	1	12	457	1	12	10	63	0
4.562	1	12	457	3	12	10	63	0
4.563	1	12	457	4	12	10	63	0
4.565	1	12	457	6	12	10	63	0
4.567	1	12	457	8	12	10	63	0
4.569	1	12	457	10	12	10	63	0
4.571	1	12	458	2	12	10	63	0
4.573	1	12	458	4	12	10	63	0
4.575	1	12	458	6	12	10	63	0
4.577	1	12	458	8	12	10	63	0
4.578	1	12	458	9	12	10	63	0
4.58	1	12	459	1	12	10	63	0
4.582	1	12	459	3	12	10	63	0
4.584	1	12	459	5	12	10	63	0
4.586	1	12	459	7	12	10	63	0
4.588	1	12	459	9	12	10	63	0
4.59	1	12	460	1	12	10	63	0
4.592	1	12	460	3	12	10	63	0
4.593	1	12	460	4	12	10	63	0
4.595	1	12	460	6	12	10	63	0
4.597	1	12	460	8	12	10	63	0
4.599	1	12	460	10	12	10	63	0
4.601	1	12	461	2	12	10	63	0
4.603	1	12	461	4	12	10	63	0
4.605	1	12	461	6	12	10	63	0
4.607	1	12	461	8	12	10	63	0
4.608	1	12	461	9	12	10	63	0
4.61	1	12	462	1	12	10	63	0
4.612	1	12	462	3	12	10	63	0
4.614	1	12	462	5	12	10	63	0
4.616	1	12	462	7	12	10	63	0
4.618	1	12	462	9	12	10	63	0
4.62	1	12	463	1	12	10	63	0
4.622	1	12	463	3	12	10	63	0
4.623	1	12	463	4	12	10	63	0
4.625	1	12	463	6	12	10	63	0
4.627	1	12	463	8	12	10	63	0
4.629	1	12	463	10	12	10	63	0
4.631	1	12	464	2	12	10	63	0
4.633	1	12	464	4	12	10	63	0
4.635	1	12	464	6	12	10	63	0
4.637	1	12	464	8	12	10	63	0
4.638	1	12	464	9	12	10	63	0
4.64	1	12	465	1	12	10	63	0
4.642	1	12	465	3	12	10	63	0
4.644	1	12	465	5	12	10	63	0
4.646	1	12	465	7	12	10	63	0
4.648	1	12	465	9	12	10	63	0
4.65	1	12	466	1	12	10	63	0
4.652	1	12	466	3	12	10	63	0
4.653	1	12	466	4	12	10	63	0
4.655	1	12	466	6	12	10	63	0
4.657	1	12	466	8	12	10	63	0
4.659	1	12	466	10	12	10	63	0
4.661	1	12	467	2	12	10	63	0
4.663	1	12	467	4	12	10	63	0
4.665	1	12	467	6	12	10	63	0
4.667	1	12	467	8	12	10	63	0
4.668	1	12	467	9	12	10	63	0
4.67	1	12	468	1	12	10	63	0
4.672	1	12	468	3	12	10	63	0
4.674	1	12	468	5	12	10	63	0
4.676	1	12	468	7	12	10	63	0
4.678	1	12	468	9	12	10	63	0
4.68	1	12	469	1	12	10	63	0
4.682	1	12	469	3	12	10	63	0
4.683	1	12	469	4	12	10	63	0
4.685	1	12	469	6	12	10	63	0
4.687	1	12	469	8	12	10	63	0
4.689	1	12	469	10	12	10	63	0
4.691	1	12	470	2	12	10	63	0
4.693	1	12	470	4	12	10	63	0
4.695	1	12	470	6	12	10	63	0
4.697	1	12	470	8	12	10	63	0
4.698	1	12	470	9	12	10	63	0
4.7	1	12	471	1	12	10	63	0
4.702	1	12	471	3	12	10	63	0
4.704	1	12	471	5	12	10	63	0
4.706	1	12	471	7	12	10	63	0
4.708	1	12	471	9	12	10	63	0
4.71	1	12	472	1	12	10	63	0
4.712	1	12	472	3	12	10	63	0
4.713	1	12	472	4	12	10	63	0
4.715	1	12	472	6	12	10	63	0
4.717	1	12	472	8	12	10	63	0
4.719	1	12	472	10	12	10	63	0
4.721	1	12	473	2	12	10	63	0
4.723	1	12	473	4	12	10	63	0
4.725	1	12	473	6	12	10	63	0
4.727	1	12	473	8	12	10	63	0
4.728	1	12	473	9	12	10	63	0
4.73	1	12	474	1	12	10	63	0
4.732	1	12	474	3	12	10	63	0
4.734	1	12	474	5	12	10	63	0
4.736	1	12	474	7	12	10	63	0
4.738	1	12	474	9	12	10	63	0
4.74	1	12	475	1	12	10	63	0
4.742	1	12	475	3	12	10	63	0
4.743	1	12	475	4	12	10	63	0
4.745	1	12	475	6	12	10	63	0
4.747	1	12	475	8	12	10	63	0
4.749	1	12	475	10	12	10	63	0
4.751	1	12	476	2	12	10	63	0
4.753	1	12	476	4	12	10	63	0
4.755	1	12	476	6	12	10	63	0
4.757	1	12	476	8	12	10	63	0
4.758	1	12	476	9	12	10	63	0
4.76	1	12	477	1	12	10	63	0
4.762	1	12	477	3	12	10	63	0
4.764	1	12	477	5	12	10	63	0
4.766	1	12	477	7	12	10	63	0
4.768	1	12	477	9	12	10	63	0
4.77	1	12	478	1	12	10	63	0
4.772	1	12	478	3	12	10	63	0
4.773	1	12	478	4	12	10	63	0
4.775	1	12	478	6	12	10	63	0
4.777	1	12	478	8	12	10	63	0
4.779	1	12	478	10	12	10	63	0
4.781	1	12	479	2	12	10	63	0
4.783	1	12	479	4	12	10	63	0
4.785	1	12	479	6	12	10	63	0
4.787	1	12	479	8	12	10	63	0
4.788	1	12	479	9	12	10	63	0
4.79	1	12	480	1	12	10	63	0
4.792	1	12	480	3	12	10	63	0
4.794	1	12	480	5	12	10	63	0
4.796	1	12	480	7	12	10	63	0
4.798	1	12	480	9	12	10	63	0
4.8	1	12	481	1	12	10	63	0
4.802	1	12	481	3	12	10	63	0
4.803	1	12	481	4	12	10	63	0
4.805	1	12	481	6	12	10	63	0
4.807	1	12	481	8	12	10	63	0
4.809	1	12	481	10	12	10	63	0
4.811	1	12	482	2	12	10	63	0
4.813	1	12	482	4	12	10	63	0
4.815	1	12	482	6	12	10	63	0
4.817	1	12	482	8	12	10	63	0
4.818	1	12	482	9	12	10	63	0
4.82	1	12	483	1	12	10	63	0
4.822	1	12	483	3	12	10	63	0
4.824	1	12	483	5	12	10	63	0
4.826	1	12	483	7	12	10	63	0
4.828	1	12	483	9	12	10	63	0
4.83	1	12	484	1	12	10	63	0
4.832	1	12	484	3	12	10	63	0
4.833	1	12	484	4	12	10	63	0
4.835	1	12	484	6	12	10	63	0
4.837	1	12	484	8	12	10	63	0
4.839	1	12	484	10	12	10	63	0
4.841	1	12	485	2	12	10	63	0
4.843	1	12	485	4	12	10	63	0
4.845	1	12	485	6	12	10	63	0
4.847	1	12	485	8	12	10	63	0
4.848	1	12	485	9	12	10	63	0
4.85	1	12	486	1	12	10	63	0
4.852	1	12	486	3	12	10	63	0
4.854	1	12	486	5	12	10	63	0
4.856	1	12	486	7	12	10	63	0
4.858	1	12	486	9	12	10	63	0
4.86	1	12	487	1	12	10	63	0
4.862	1	12	487	3	12	10	63	0
4.863	1	12	487	4	12	10	63	0
4.865	1	12	487	6	12	10	63	0
4.867	1	12	487	8	12	10	63	0
4.869	1	12	487	10	12	10	63	0
4.871	1	12	488	2	12	10	63	0
4.873	1	12	488	4	12	10	63	0
4.875	1	12	488	6	12	10	63	0
4.877	1	12	488	8	12	10	63	0
4.878	1	12	488	9	12	10	63	0
4.88	1	12	489	1	12	10	63	0
4.882	1	12	489	3	12	10	63	0
4.884	1	12	489	5	12	10	63	0
4.886	1	12	489	7	12	10	63	0
4.888	1	12	489	9	12	10	63	0
4.89	1	12	490	1	12	10	63	0
4.892	1	12	490	3	12	10	63	0
4.893	1	12	490	4	12	10	63	0
4.895	1	12	490	6	12	10	63	0
4.897	1	12	490	8	12	10	63	0
4.899	1	12	490	10	12	10	63	0
4.901	1	12	491	2	12	10	63	0
4.903	1	12	491	4	12	10	63	0
4.905	1	12	491	6	12	10	63	0
4.907	1	12	491	8	12	10	63	0
4.908	1	12	491	9	12	10	63	0
4.91	1	12	492	1	12	10	63	0
4.912	1	12	492	3	12	10	63	0
4.914	1	12	492	5	12	10	63	0
4.916	1	12	492	7	12	10	63	0
4.918	1	12	492	9	12	10	63	0
4.92	1	12	493	1	12	10	63	0
4.922	1	12	493	3	12	10	63	0
4.923	1	12	493	4	12	10	63	0
4.925	1	12	493	6	12	10	63	0
4.927	1	12	493	8	12	10	63	0
4.929	1	12	493	10	12	10	63	0
4.931	1	12	494	2	12	10	63	0
4.933	1	12	494	4	12	10	63	0
4.935	1	12	494	6	12	10	63	0
4.937	1	12	494	8	12	10	63	0
4.938	1	12	494	9	12	10	63	0
4.94	1	12	495	1	12	10	63	0
4.942	1	12	495	3	12	10	63	0
4.944	1	12	495	5	12	10	63	0
4.946	1	12	495	7	12	10	63	0
4.948	1	12	495	9	12	10	63	0
4.95	1	12	496	1	12	10	63	0
4.952	1	12	496	3	12	10	63	0
4.953	1	12	496	4	12	10	63	0
4.955	1	12	496	6	12	10	63	0
4.957	1	12	496	8	12	10	63	0
4.959	1	12	496	10	12	10	63	0
4.961	1	12	497	2	12	10	63	0
4.963	1	12	497	4	12	10	63	0
4.965	1	12	497	6	12	10	63	0
4.967	1	12	497	8	12	10	63	0
4.968	1	12	497	9	12	10	63	0
4.97	1	12	498	1	12	10	63	0
4.972	1	12	498	3	12	10	63	0
4.974	1	12	498	5	12	10	63	0
4.976	1	12	498	7	12	10	63	0
4.978	1	12	498	9	12	10	63	0
4.98	1	12	499	1	12	10	63	0
4.982	1	12	499	3	12	10	63	0
4.983	1	12	499	4	12	10	63	0
4.985	1	12	499	6	12	10	63	0
4.987	1	12	499	8	12	10	63	0
4.989	1	12	499	10	12	10	63	0
4.991	1	12	500	2	12	10	63	0
4.993	1	12	500	4	12	10	63	0
4.995	1	12	500	6	12	10	63	0
4.997	1	12	500	8	12	10	63	0
4.998	1	12	500	9	12	10	63	0
