% time	cellId	IMSI	frame	sframe	RNTI	mcs	size	ccId
0.044	1	5	5	5	24	0	7	0
0.046	1	5	5	7	24	0	7	0
0.048	1	5	5	9	24	0	7	0
0.049	1	5	5	10	24	0	7	0
0.051	1	5	6	2	24	0	7	0
0.053	1	5	6	4	24	0	7	0
0.055	1	5	6	6	24	0	7	0
0.057	1	5	6	8	24	0	7	0
0.059	1	5	6	10	24	0	7	0
0.061	1	5	7	2	24	0	7	0
0.063	1	5	7	4	24	0	7	0
0.064	1	5	7	5	24	14	93	0
0.066	1	5	7	7	24	14	93	0
0.068	1	5	7	9	24	14	93	0
0.07	1	5	8	1	24	14	93	0
0.072	1	5	8	3	24	14	93	0
0.074	1	5	8	5	24	14	93	0
0.076	1	5	8	7	24	14	93	0
0.078	1	5	8	9	24	14	93	0
0.079	1	5	8	10	24	14	93	0
0.081	1	5	9	2	24	14	93	0
0.083	1	5	9	4	24	14	93	0
0.085	1	5	9	6	24	14	93	0
0.087	1	5	9	8	24	14	93	0
0.089	1	5	9	10	24	14	93	0
0.091	1	5	10	2	24	14	93	0
0.093	1	5	10	4	24	14	93	0
0.094	1	5	10	5	24	14	93	0
0.096	1	5	10	7	24	14	93	0
0.098	1	5	10	9	24	14	93	0
0.1	1	5	11	1	24	14	93	0
0.102	1	5	11	3	24	14	93	0
0.104	1	5	11	5	24	14	93	0
0.106	1	5	11	7	24	14	93	0
0.108	1	5	11	9	24	14	93	0
0.109	1	5	11	10	24	14	93	0
0.111	1	5	12	2	24	14	93	0
0.113	1	5	12	4	24	14	93	0
0.115	1	5	12	6	24	14	93	0
0.117	1	5	12	8	24	14	93	0
0.119	1	5	12	10	24	14	93	0
0.121	1	5	13	2	24	14	93	0
0.123	1	5	13	4	24	14	93	0
0.124	1	5	13	5	24	14	93	0
0.126	1	5	13	7	24	14	93	0
0.128	1	5	13	9	24	14	93	0
0.13	1	5	14	1	24	14	93	0
0.132	1	5	14	3	24	14	93	0
0.134	1	5	14	5	24	14	93	0
0.136	1	5	14	7	24	14	93	0
0.138	1	5	14	9	24	14	93	0
0.139	1	5	14	10	24	14	93	0
0.141	1	5	15	2	24	14	93	0
0.143	1	5	15	4	24	14	93	0
0.145	1	5	15	6	24	14	93	0
0.147	1	5	15	8	24	14	93	0
0.149	1	5	15	10	24	14	93	0
0.151	1	5	16	2	24	14	93	0
0.153	1	5	16	4	24	14	93	0
0.154	1	5	16	5	24	14	93	0
0.156	1	5	16	7	24	14	93	0
0.158	1	5	16	9	24	14	93	0
0.16	1	5	17	1	24	14	93	0
0.162	1	5	17	3	24	14	93	0
0.164	1	5	17	5	24	14	93	0
0.166	1	5	17	7	24	14	93	0
0.168	1	5	17	9	24	14	93	0
0.169	1	5	17	10	24	14	93	0
0.171	1	5	18	2	24	14	93	0
0.173	1	5	18	4	24	14	93	0
0.175	1	5	18	6	24	14	93	0
0.177	1	5	18	8	24	14	93	0
0.179	1	5	18	10	24	14	93	0
0.181	1	5	19	2	24	14	93	0
0.183	1	5	19	4	24	14	93	0
0.184	1	5	19	5	24	14	93	0
0.186	1	5	19	7	24	14	93	0
0.188	1	5	19	9	24	14	93	0
0.19	1	5	20	1	24	14	93	0
0.192	1	5	20	3	24	14	93	0
0.194	1	5	20	5	24	14	93	0
0.196	1	5	20	7	24	14	93	0
0.198	1	5	20	9	24	14	93	0
0.199	1	5	20	10	24	14	93	0
0.201	1	5	21	2	24	14	93	0
0.203	1	5	21	4	24	14	93	0
0.205	1	5	21	6	24	14	93	0
0.207	1	5	21	8	24	14	93	0
0.209	1	5	21	10	24	14	93	0
0.211	1	5	22	2	24	14	93	0
0.213	1	5	22	4	24	14	93	0
0.214	1	5	22	5	24	14	93	0
0.216	1	5	22	7	24	14	93	0
0.218	1	5	22	9	24	14	93	0
0.22	1	5	23	1	24	14	93	0
0.222	1	5	23	3	24	14	93	0
0.224	1	5	23	5	24	14	93	0
0.226	1	5	23	7	24	14	93	0
0.228	1	5	23	9	24	14	93	0
0.229	1	5	23	10	24	14	93	0
0.231	1	5	24	2	24	14	93	0
0.233	1	5	24	4	24	14	93	0
0.235	1	5	24	6	24	14	93	0
0.237	1	5	24	8	24	14	93	0
0.239	1	5	24	10	24	14	93	0
0.241	1	5	25	2	24	14	93	0
0.243	1	5	25	4	24	14	93	0
0.244	1	5	25	5	24	14	93	0
0.246	1	5	25	7	24	14	93	0
0.248	1	5	25	9	24	14	93	0
0.25	1	5	26	1	24	14	93	0
0.252	1	5	26	3	24	14	93	0
0.254	1	5	26	5	24	14	93	0
0.256	1	5	26	7	24	14	93	0
0.258	1	5	26	9	24	14	93	0
0.259	1	5	26	10	24	14	93	0
0.261	1	5	27	2	24	14	93	0
0.263	1	5	27	4	24	14	93	0
0.265	1	5	27	6	24	14	93	0
0.267	1	5	27	8	24	14	93	0
0.269	1	5	27	10	24	14	93	0
0.271	1	5	28	2	24	14	93	0
0.273	1	5	28	4	24	14	93	0
0.274	1	5	28	5	24	14	93	0
0.276	1	5	28	7	24	14	93	0
0.278	1	5	28	9	24	14	93	0
0.28	1	5	29	1	24	14	93	0
0.282	1	5	29	3	24	14	93	0
0.284	1	5	29	5	24	14	93	0
0.286	1	5	29	7	24	14	93	0
0.288	1	5	29	9	24	14	93	0
0.289	1	5	29	10	24	14	93	0
0.291	1	5	30	2	24	14	93	0
0.293	1	5	30	4	24	14	93	0
0.295	1	5	30	6	24	14	93	0
0.297	1	5	30	8	24	14	93	0
0.299	1	5	30	10	24	14	93	0
0.301	1	5	31	2	24	14	93	0
0.303	1	5	31	4	24	14	93	0
0.304	1	5	31	5	24	14	93	0
0.306	1	5	31	7	24	14	93	0
0.308	1	5	31	9	24	14	93	0
0.31	1	5	32	1	24	14	93	0
0.312	1	5	32	3	24	14	93	0
0.314	1	5	32	5	24	14	93	0
0.316	1	5	32	7	24	14	93	0
0.318	1	5	32	9	24	14	93	0
0.319	1	5	32	10	24	14	93	0
0.321	1	5	33	2	24	14	93	0
0.323	1	5	33	4	24	14	93	0
0.325	1	5	33	6	24	14	93	0
0.327	1	5	33	8	24	14	93	0
0.329	1	5	33	10	24	14	93	0
0.331	1	5	34	2	24	14	93	0
0.333	1	5	34	4	24	14	93	0
0.334	1	5	34	5	24	14	93	0
0.336	1	5	34	7	24	14	93	0
0.338	1	5	34	9	24	14	93	0
0.34	1	5	35	1	24	14	93	0
0.342	1	5	35	3	24	14	93	0
0.344	1	5	35	5	24	14	93	0
0.346	1	5	35	7	24	14	93	0
0.348	1	5	35	9	24	14	93	0
0.349	1	5	35	10	24	14	93	0
0.351	1	5	36	2	24	14	93	0
0.353	1	5	36	4	24	14	93	0
0.355	1	5	36	6	24	14	93	0
0.357	1	5	36	8	24	14	93	0
0.359	1	5	36	10	24	14	93	0
0.361	1	5	37	2	24	14	93	0
0.363	1	5	37	4	24	14	93	0
0.364	1	5	37	5	24	14	93	0
0.366	1	5	37	7	24	14	93	0
0.368	1	5	37	9	24	14	93	0
0.37	1	5	38	1	24	14	93	0
0.372	1	5	38	3	24	14	93	0
0.374	1	5	38	5	24	14	93	0
0.376	1	5	38	7	24	14	93	0
0.378	1	5	38	9	24	14	93	0
0.379	1	5	38	10	24	14	93	0
0.381	1	5	39	2	24	14	93	0
0.383	1	5	39	4	24	14	93	0
0.385	1	5	39	6	24	14	93	0
0.387	1	5	39	8	24	14	93	0
0.389	1	5	39	10	24	14	93	0
0.391	1	5	40	2	24	14	93	0
0.393	1	5	40	4	24	14	93	0
0.394	1	5	40	5	24	14	93	0
0.396	1	5	40	7	24	14	93	0
0.398	1	5	40	9	24	14	93	0
0.4	1	5	41	1	24	14	93	0
0.402	1	5	41	3	24	14	93	0
0.404	1	5	41	5	24	14	93	0
0.406	1	5	41	7	24	14	93	0
0.408	1	5	41	9	24	14	93	0
0.409	1	5	41	10	24	14	93	0
0.411	1	5	42	2	24	14	93	0
0.413	1	5	42	4	24	14	93	0
0.415	1	5	42	6	24	14	93	0
0.417	1	5	42	8	24	14	93	0
0.419	1	5	42	10	24	14	93	0
0.421	1	5	43	2	24	14	93	0
0.423	1	5	43	4	24	14	93	0
0.424	1	5	43	5	24	14	93	0
0.426	1	5	43	7	24	14	93	0
0.428	1	5	43	9	24	14	93	0
0.43	1	5	44	1	24	14	93	0
0.432	1	5	44	3	24	14	93	0
0.434	1	5	44	5	24	14	93	0
0.436	1	5	44	7	24	14	93	0
0.438	1	5	44	9	24	14	93	0
0.439	1	5	44	10	24	14	93	0
0.441	1	5	45	2	24	14	93	0
0.443	1	5	45	4	24	14	93	0
0.445	1	5	45	6	24	14	93	0
0.447	1	5	45	8	24	14	93	0
0.449	1	5	45	10	24	14	93	0
0.451	1	5	46	2	24	14	93	0
0.453	1	5	46	4	24	14	93	0
0.454	1	5	46	5	24	14	93	0
0.456	1	5	46	7	24	14	93	0
0.458	1	5	46	9	24	14	93	0
0.46	1	5	47	1	24	14	93	0
0.462	1	5	47	3	24	14	93	0
0.464	1	5	47	5	24	14	93	0
0.466	1	5	47	7	24	14	93	0
0.468	1	5	47	9	24	14	93	0
0.469	1	5	47	10	24	14	93	0
0.471	1	5	48	2	24	14	93	0
0.473	1	5	48	4	24	14	93	0
0.475	1	5	48	6	24	14	93	0
0.477	1	5	48	8	24	14	93	0
0.479	1	5	48	10	24	14	93	0
0.481	1	5	49	2	24	14	93	0
0.483	1	5	49	4	24	14	93	0
0.484	1	5	49	5	24	14	93	0
0.486	1	5	49	7	24	14	93	0
0.488	1	5	49	9	24	14	93	0
0.49	1	5	50	1	24	14	93	0
0.492	1	5	50	3	24	14	93	0
0.494	1	5	50	5	24	14	93	0
0.496	1	5	50	7	24	14	93	0
0.498	1	5	50	9	24	14	93	0
0.499	1	5	50	10	24	14	93	0
0.501	1	5	51	2	24	14	93	0
0.503	1	5	51	4	24	14	93	0
0.505	1	5	51	6	24	14	93	0
0.507	1	5	51	8	24	14	93	0
0.509	1	5	51	10	24	14	93	0
0.511	1	5	52	2	24	14	93	0
0.513	1	5	52	4	24	14	93	0
0.514	1	5	52	5	24	14	93	0
0.516	1	5	52	7	24	14	93	0
0.518	1	5	52	9	24	14	93	0
0.52	1	5	53	1	24	14	93	0
0.522	1	5	53	3	24	14	93	0
0.524	1	5	53	5	24	14	93	0
0.526	1	5	53	7	24	14	93	0
0.528	1	5	53	9	24	14	93	0
0.529	1	5	53	10	24	14	93	0
0.531	1	5	54	2	24	14	93	0
0.533	1	5	54	4	24	14	93	0
0.535	1	5	54	6	24	14	93	0
0.537	1	5	54	8	24	14	93	0
0.539	1	5	54	10	24	14	93	0
0.541	1	5	55	2	24	14	93	0
0.543	1	5	55	4	24	14	93	0
0.544	1	5	55	5	24	14	93	0
0.546	1	5	55	7	24	14	93	0
0.548	1	5	55	9	24	14	93	0
0.55	1	5	56	1	24	14	93	0
0.552	1	5	56	3	24	14	93	0
0.554	1	5	56	5	24	14	93	0
0.556	1	5	56	7	24	14	93	0
0.558	1	5	56	9	24	14	93	0
0.559	1	5	56	10	24	14	93	0
0.561	1	5	57	2	24	14	93	0
0.563	1	5	57	4	24	14	93	0
0.565	1	5	57	6	24	14	93	0
0.567	1	5	57	8	24	14	93	0
0.569	1	5	57	10	24	14	93	0
0.571	1	5	58	2	24	14	93	0
0.573	1	5	58	4	24	14	93	0
0.574	1	5	58	5	24	14	93	0
0.576	1	5	58	7	24	14	93	0
0.578	1	5	58	9	24	14	93	0
0.58	1	5	59	1	24	14	93	0
0.582	1	5	59	3	24	14	93	0
0.584	1	5	59	5	24	14	93	0
0.586	1	5	59	7	24	14	93	0
0.588	1	5	59	9	24	14	93	0
0.589	1	5	59	10	24	14	93	0
0.591	1	5	60	2	24	14	93	0
0.593	1	5	60	4	24	14	93	0
0.595	1	5	60	6	24	14	93	0
0.597	1	5	60	8	24	14	93	0
0.599	1	5	60	10	24	14	93	0
0.601	1	5	61	2	24	14	93	0
0.603	1	5	61	4	24	14	93	0
0.604	1	5	61	5	24	14	93	0
0.606	1	5	61	7	24	14	93	0
0.608	1	5	61	9	24	14	93	0
0.61	1	5	62	1	24	14	93	0
0.612	1	5	62	3	24	14	93	0
0.614	1	5	62	5	24	14	93	0
0.616	1	5	62	7	24	14	93	0
0.618	1	5	62	9	24	14	93	0
0.619	1	5	62	10	24	14	93	0
0.621	1	5	63	2	24	14	93	0
0.623	1	5	63	4	24	14	93	0
0.625	1	5	63	6	24	14	93	0
0.627	1	5	63	8	24	14	93	0
0.629	1	5	63	10	24	14	93	0
0.631	1	5	64	2	24	14	93	0
0.633	1	5	64	4	24	14	93	0
0.634	1	5	64	5	24	14	93	0
0.636	1	5	64	7	24	14	93	0
0.638	1	5	64	9	24	14	93	0
0.64	1	5	65	1	24	14	93	0
0.642	1	5	65	3	24	14	93	0
0.644	1	5	65	5	24	14	93	0
0.646	1	5	65	7	24	14	93	0
0.648	1	5	65	9	24	14	93	0
0.649	1	5	65	10	24	14	93	0
0.651	1	5	66	2	24	14	93	0
0.653	1	5	66	4	24	14	93	0
0.655	1	5	66	6	24	14	93	0
0.657	1	5	66	8	24	14	93	0
0.659	1	5	66	10	24	14	93	0
0.661	1	5	67	2	24	14	93	0
0.663	1	5	67	4	24	14	93	0
0.664	1	5	67	5	24	14	93	0
0.666	1	5	67	7	24	14	93	0
0.668	1	5	67	9	24	14	93	0
0.67	1	5	68	1	24	14	93	0
0.672	1	5	68	3	24	14	93	0
0.674	1	5	68	5	24	14	93	0
0.676	1	5	68	7	24	14	93	0
0.678	1	5	68	9	24	14	93	0
0.679	1	5	68	10	24	14	93	0
0.681	1	5	69	2	24	14	93	0
0.683	1	5	69	4	24	14	93	0
0.685	1	5	69	6	24	14	93	0
0.687	1	5	69	8	24	14	93	0
0.689	1	5	69	10	24	14	93	0
0.691	1	5	70	2	24	14	93	0
0.693	1	5	70	4	24	14	93	0
0.694	1	5	70	5	24	14	93	0
0.696	1	5	70	7	24	14	93	0
0.698	1	5	70	9	24	14	93	0
0.7	1	5	71	1	24	14	93	0
0.702	1	5	71	3	24	14	93	0
0.704	1	5	71	5	24	14	93	0
0.706	1	5	71	7	24	14	93	0
0.708	1	5	71	9	24	14	93	0
0.709	1	5	71	10	24	14	93	0
0.711	1	5	72	2	24	14	93	0
0.713	1	5	72	4	24	14	93	0
0.715	1	5	72	6	24	14	93	0
0.717	1	5	72	8	24	14	93	0
0.719	1	5	72	10	24	14	93	0
0.721	1	5	73	2	24	14	93	0
0.723	1	5	73	4	24	14	93	0
0.724	1	5	73	5	24	14	93	0
0.726	1	5	73	7	24	14	93	0
0.728	1	5	73	9	24	14	93	0
0.73	1	5	74	1	24	14	93	0
0.732	1	5	74	3	24	14	93	0
0.734	1	5	74	5	24	14	93	0
0.736	1	5	74	7	24	14	93	0
0.738	1	5	74	9	24	14	93	0
0.739	1	5	74	10	24	14	93	0
0.741	1	5	75	2	24	14	93	0
0.743	1	5	75	4	24	14	93	0
0.745	1	5	75	6	24	14	93	0
0.747	1	5	75	8	24	14	93	0
0.749	1	5	75	10	24	14	93	0
0.751	1	5	76	2	24	14	93	0
0.753	1	5	76	4	24	14	93	0
0.754	1	5	76	5	24	14	93	0
0.756	1	5	76	7	24	14	93	0
0.758	1	5	76	9	24	14	93	0
0.76	1	5	77	1	24	14	93	0
0.762	1	5	77	3	24	14	93	0
0.764	1	5	77	5	24	14	93	0
0.766	1	5	77	7	24	14	93	0
0.768	1	5	77	9	24	14	93	0
0.769	1	5	77	10	24	14	93	0
0.771	1	5	78	2	24	14	93	0
0.773	1	5	78	4	24	14	93	0
0.775	1	5	78	6	24	14	93	0
0.777	1	5	78	8	24	14	93	0
0.779	1	5	78	10	24	14	93	0
0.781	1	5	79	2	24	14	93	0
0.783	1	5	79	4	24	14	93	0
0.784	1	5	79	5	24	14	93	0
0.786	1	5	79	7	24	14	93	0
0.788	1	5	79	9	24	14	93	0
0.79	1	5	80	1	24	14	93	0
0.792	1	5	80	3	24	14	93	0
0.794	1	5	80	5	24	14	93	0
0.796	1	5	80	7	24	14	93	0
0.798	1	5	80	9	24	14	93	0
0.799	1	5	80	10	24	14	93	0
0.801	1	5	81	2	24	14	93	0
0.803	1	5	81	4	24	14	93	0
0.805	1	5	81	6	24	14	93	0
0.807	1	5	81	8	24	14	93	0
0.809	1	5	81	10	24	14	93	0
0.811	1	5	82	2	24	14	93	0
0.813	1	5	82	4	24	14	93	0
0.814	1	5	82	5	24	14	93	0
0.816	1	5	82	7	24	14	93	0
0.818	1	5	82	9	24	14	93	0
0.82	1	5	83	1	24	14	93	0
0.822	1	5	83	3	24	14	93	0
0.824	1	5	83	5	24	14	93	0
0.826	1	5	83	7	24	14	93	0
0.828	1	5	83	9	24	14	93	0
0.829	1	5	83	10	24	14	93	0
0.831	1	5	84	2	24	14	93	0
0.833	1	5	84	4	24	14	93	0
0.835	1	5	84	6	24	14	93	0
0.837	1	5	84	8	24	14	93	0
0.839	1	5	84	10	24	14	93	0
0.841	1	5	85	2	24	14	93	0
0.843	1	5	85	4	24	14	93	0
0.844	1	5	85	5	24	14	93	0
0.846	1	5	85	7	24	14	93	0
0.848	1	5	85	9	24	14	93	0
0.85	1	5	86	1	24	14	93	0
0.852	1	5	86	3	24	14	93	0
0.854	1	5	86	5	24	14	93	0
0.856	1	5	86	7	24	14	93	0
0.858	1	5	86	9	24	14	93	0
0.859	1	5	86	10	24	14	93	0
0.861	1	5	87	2	24	14	93	0
0.863	1	5	87	4	24	14	93	0
0.865	1	5	87	6	24	14	93	0
0.867	1	5	87	8	24	14	93	0
0.869	1	5	87	10	24	14	93	0
0.871	1	5	88	2	24	14	93	0
0.873	1	5	88	4	24	14	93	0
0.874	1	5	88	5	24	14	93	0
0.876	1	5	88	7	24	14	93	0
0.878	1	5	88	9	24	14	93	0
0.88	1	5	89	1	24	14	93	0
0.882	1	5	89	3	24	14	93	0
0.884	1	5	89	5	24	14	93	0
0.886	1	5	89	7	24	14	93	0
0.888	1	5	89	9	24	14	93	0
0.889	1	5	89	10	24	14	93	0
0.891	1	5	90	2	24	14	93	0
0.893	1	5	90	4	24	14	93	0
0.895	1	5	90	6	24	14	93	0
0.897	1	5	90	8	24	14	93	0
0.899	1	5	90	10	24	14	93	0
0.901	1	5	91	2	24	14	93	0
0.903	1	5	91	4	24	14	93	0
0.904	1	5	91	5	24	14	93	0
0.906	1	5	91	7	24	14	93	0
0.908	1	5	91	9	24	14	93	0
0.91	1	5	92	1	24	14	93	0
0.912	1	5	92	3	24	14	93	0
0.914	1	5	92	5	24	14	93	0
0.916	1	5	92	7	24	14	93	0
0.918	1	5	92	9	24	14	93	0
0.919	1	5	92	10	24	14	93	0
0.921	1	5	93	2	24	14	93	0
0.923	1	5	93	4	24	14	93	0
0.925	1	5	93	6	24	14	93	0
0.927	1	5	93	8	24	14	93	0
0.929	1	5	93	10	24	14	93	0
0.931	1	5	94	2	24	14	93	0
0.933	1	5	94	4	24	14	93	0
0.934	1	5	94	5	24	14	93	0
0.936	1	5	94	7	24	14	93	0
0.938	1	5	94	9	24	14	93	0
0.94	1	5	95	1	24	14	93	0
0.942	1	5	95	3	24	14	93	0
0.944	1	5	95	5	24	14	93	0
0.946	1	5	95	7	24	14	93	0
0.948	1	5	95	9	24	14	93	0
0.949	1	5	95	10	24	14	93	0
0.951	1	5	96	2	24	14	93	0
0.953	1	5	96	4	24	14	93	0
0.955	1	5	96	6	24	14	93	0
0.957	1	5	96	8	24	14	93	0
0.959	1	5	96	10	24	14	93	0
0.961	1	5	97	2	24	14	93	0
0.963	1	5	97	4	24	14	93	0
0.964	1	5	97	5	24	14	93	0
0.966	1	5	97	7	24	14	93	0
0.968	1	5	97	9	24	14	93	0
0.97	1	5	98	1	24	14	93	0
0.972	1	5	98	3	24	14	93	0
0.974	1	5	98	5	24	14	93	0
0.976	1	5	98	7	24	14	93	0
0.978	1	5	98	9	24	14	93	0
0.979	1	5	98	10	24	14	93	0
0.981	1	5	99	2	24	14	93	0
0.983	1	5	99	4	24	14	93	0
0.985	1	5	99	6	24	14	93	0
0.987	1	5	99	8	24	14	93	0
0.989	1	5	99	10	24	14	93	0
0.991	1	5	100	2	24	14	93	0
0.993	1	5	100	4	24	14	93	0
0.994	1	5	100	5	24	14	93	0
0.996	1	5	100	7	24	14	93	0
0.998	1	5	100	9	24	14	93	0
1	1	5	101	1	24	14	93	0
1.002	1	5	101	3	24	14	93	0
1.004	1	5	101	5	24	14	93	0
1.006	1	5	101	7	24	14	93	0
1.008	1	5	101	9	24	14	93	0
1.009	1	5	101	10	24	14	93	0
1.011	1	5	102	2	24	14	93	0
1.013	1	5	102	4	24	14	93	0
1.015	1	5	102	6	24	14	93	0
1.017	1	5	102	8	24	14	93	0
1.019	1	5	102	10	24	14	93	0
1.021	1	5	103	2	24	14	93	0
1.023	1	5	103	4	24	14	93	0
1.024	1	5	103	5	24	14	93	0
1.026	1	5	103	7	24	14	93	0
1.028	1	5	103	9	24	14	93	0
1.03	1	5	104	1	24	14	93	0
1.032	1	5	104	3	24	14	93	0
1.034	1	5	104	5	24	14	93	0
1.036	1	5	104	7	24	14	93	0
1.038	1	5	104	9	24	14	93	0
1.039	1	5	104	10	24	14	93	0
1.041	1	5	105	2	24	14	93	0
1.043	1	5	105	4	24	14	93	0
1.045	1	5	105	6	24	14	93	0
1.047	1	5	105	8	24	14	93	0
1.049	1	5	105	10	24	14	93	0
1.051	1	5	106	2	24	14	93	0
1.053	1	5	106	4	24	14	93	0
1.054	1	5	106	5	24	14	93	0
1.056	1	5	106	7	24	14	93	0
1.058	1	5	106	9	24	14	93	0
1.06	1	5	107	1	24	14	93	0
1.062	1	5	107	3	24	14	93	0
1.064	1	5	107	5	24	14	93	0
1.066	1	5	107	7	24	14	93	0
1.068	1	5	107	9	24	14	93	0
1.069	1	5	107	10	24	14	93	0
1.071	1	5	108	2	24	14	93	0
1.073	1	5	108	4	24	14	93	0
1.075	1	5	108	6	24	14	93	0
1.077	1	5	108	8	24	14	93	0
1.079	1	5	108	10	24	14	93	0
1.081	1	5	109	2	24	14	93	0
1.083	1	5	109	4	24	14	93	0
1.084	1	5	109	5	24	14	93	0
1.086	1	5	109	7	24	14	93	0
1.088	1	5	109	9	24	14	93	0
1.09	1	5	110	1	24	14	93	0
1.092	1	5	110	3	24	14	93	0
1.094	1	5	110	5	24	14	93	0
1.096	1	5	110	7	24	14	93	0
1.098	1	5	110	9	24	14	93	0
1.099	1	5	110	10	24	14	93	0
1.101	1	5	111	2	24	14	93	0
1.103	1	5	111	4	24	14	93	0
1.105	1	5	111	6	24	14	93	0
1.107	1	5	111	8	24	14	93	0
1.109	1	5	111	10	24	14	93	0
1.111	1	5	112	2	24	14	93	0
1.113	1	5	112	4	24	14	93	0
1.114	1	5	112	5	24	14	93	0
1.116	1	5	112	7	24	14	93	0
1.118	1	5	112	9	24	14	93	0
1.12	1	5	113	1	24	14	93	0
1.122	1	5	113	3	24	14	93	0
1.124	1	5	113	5	24	14	93	0
1.126	1	5	113	7	24	14	93	0
1.128	1	5	113	9	24	14	93	0
1.129	1	5	113	10	24	14	93	0
1.131	1	5	114	2	24	14	93	0
1.133	1	5	114	4	24	14	93	0
1.135	1	5	114	6	24	14	93	0
1.137	1	5	114	8	24	14	93	0
1.139	1	5	114	10	24	14	93	0
1.141	1	5	115	2	24	14	93	0
1.143	1	5	115	4	24	14	93	0
1.144	1	5	115	5	24	14	93	0
1.146	1	5	115	7	24	14	93	0
1.148	1	5	115	9	24	14	93	0
1.15	1	5	116	1	24	14	93	0
1.152	1	5	116	3	24	14	93	0
1.154	1	5	116	5	24	14	93	0
1.156	1	5	116	7	24	14	93	0
1.158	1	5	116	9	24	14	93	0
1.159	1	5	116	10	24	14	93	0
1.161	1	5	117	2	24	14	93	0
1.163	1	5	117	4	24	14	93	0
1.165	1	5	117	6	24	14	93	0
1.167	1	5	117	8	24	14	93	0
1.169	1	5	117	10	24	14	93	0
1.171	1	5	118	2	24	14	93	0
1.173	1	5	118	4	24	14	93	0
1.174	1	5	118	5	24	14	93	0
1.176	1	5	118	7	24	14	93	0
1.178	1	5	118	9	24	14	93	0
1.18	1	5	119	1	24	14	93	0
1.182	1	5	119	3	24	14	93	0
1.184	1	5	119	5	24	14	93	0
1.186	1	5	119	7	24	14	93	0
1.188	1	5	119	9	24	14	93	0
1.189	1	5	119	10	24	14	93	0
1.191	1	5	120	2	24	14	93	0
1.193	1	5	120	4	24	14	93	0
1.195	1	5	120	6	24	14	93	0
1.197	1	5	120	8	24	14	93	0
1.199	1	5	120	10	24	14	93	0
1.201	1	5	121	2	24	14	93	0
1.203	1	5	121	4	24	14	93	0
1.204	1	5	121	5	24	14	93	0
1.206	1	5	121	7	24	14	93	0
1.208	1	5	121	9	24	14	93	0
1.21	1	5	122	1	24	14	93	0
1.212	1	5	122	3	24	14	93	0
1.214	1	5	122	5	24	14	93	0
1.216	1	5	122	7	24	14	93	0
1.218	1	5	122	9	24	14	93	0
1.219	1	5	122	10	24	14	93	0
1.221	1	5	123	2	24	14	93	0
1.223	1	5	123	4	24	14	93	0
1.225	1	5	123	6	24	14	93	0
1.227	1	5	123	8	24	14	93	0
1.229	1	5	123	10	24	14	93	0
1.231	1	5	124	2	24	14	93	0
1.233	1	5	124	4	24	14	93	0
1.234	1	5	124	5	24	14	93	0
1.236	1	5	124	7	24	14	93	0
1.238	1	5	124	9	24	14	93	0
1.24	1	5	125	1	24	14	93	0
1.242	1	5	125	3	24	14	93	0
1.244	1	5	125	5	24	14	93	0
1.246	1	5	125	7	24	14	93	0
1.248	1	5	125	9	24	14	93	0
1.249	1	5	125	10	24	14	93	0
1.251	1	5	126	2	24	14	93	0
1.253	1	5	126	4	24	14	93	0
1.255	1	5	126	6	24	14	93	0
1.257	1	5	126	8	24	14	93	0
1.259	1	5	126	10	24	14	93	0
1.261	1	5	127	2	24	14	93	0
1.263	1	5	127	4	24	14	93	0
1.264	1	5	127	5	24	14	93	0
1.266	1	5	127	7	24	14	93	0
1.268	1	5	127	9	24	14	93	0
1.27	1	5	128	1	24	14	93	0
1.272	1	5	128	3	24	14	93	0
1.274	1	5	128	5	24	14	93	0
1.276	1	5	128	7	24	14	93	0
1.278	1	5	128	9	24	14	93	0
1.279	1	5	128	10	24	14	93	0
1.281	1	5	129	2	24	14	93	0
1.283	1	5	129	4	24	14	93	0
1.285	1	5	129	6	24	14	93	0
1.287	1	5	129	8	24	14	93	0
1.289	1	5	129	10	24	14	93	0
1.291	1	5	130	2	24	14	93	0
1.293	1	5	130	4	24	14	93	0
1.294	1	5	130	5	24	14	93	0
1.296	1	5	130	7	24	14	93	0
1.298	1	5	130	9	24	14	93	0
1.3	1	5	131	1	24	14	93	0
1.302	1	5	131	3	24	14	93	0
1.304	1	5	131	5	24	14	93	0
1.306	1	5	131	7	24	14	93	0
1.308	1	5	131	9	24	14	93	0
1.309	1	5	131	10	24	14	93	0
1.311	1	5	132	2	24	14	93	0
1.313	1	5	132	4	24	14	93	0
1.315	1	5	132	6	24	14	93	0
1.317	1	5	132	8	24	14	93	0
1.319	1	5	132	10	24	14	93	0
1.321	1	5	133	2	24	14	93	0
1.323	1	5	133	4	24	14	93	0
1.324	1	5	133	5	24	14	93	0
1.326	1	5	133	7	24	14	93	0
1.328	1	5	133	9	24	14	93	0
1.33	1	5	134	1	24	14	93	0
1.332	1	5	134	3	24	14	93	0
1.334	1	5	134	5	24	14	93	0
1.336	1	5	134	7	24	14	93	0
1.338	1	5	134	9	24	14	93	0
1.339	1	5	134	10	24	14	93	0
1.341	1	5	135	2	24	14	93	0
1.343	1	5	135	4	24	14	93	0
1.345	1	5	135	6	24	14	93	0
1.347	1	5	135	8	24	14	93	0
1.349	1	5	135	10	24	14	93	0
1.351	1	5	136	2	24	14	93	0
1.353	1	5	136	4	24	14	93	0
1.354	1	5	136	5	24	14	93	0
1.356	1	5	136	7	24	14	93	0
1.358	1	5	136	9	24	14	93	0
1.36	1	5	137	1	24	14	93	0
1.362	1	5	137	3	24	14	93	0
1.364	1	5	137	5	24	14	93	0
1.366	1	5	137	7	24	14	93	0
1.368	1	5	137	9	24	14	93	0
1.369	1	5	137	10	24	14	93	0
1.371	1	5	138	2	24	14	93	0
1.373	1	5	138	4	24	14	93	0
1.375	1	5	138	6	24	14	93	0
1.377	1	5	138	8	24	14	93	0
1.379	1	5	138	10	24	14	93	0
1.381	1	5	139	2	24	14	93	0
1.383	1	5	139	4	24	14	93	0
1.384	1	5	139	5	24	14	93	0
1.386	1	5	139	7	24	14	93	0
1.388	1	5	139	9	24	14	93	0
1.39	1	5	140	1	24	14	93	0
1.392	1	5	140	3	24	14	93	0
1.394	1	5	140	5	24	14	93	0
1.396	1	5	140	7	24	14	93	0
1.398	1	5	140	9	24	14	93	0
1.399	1	5	140	10	24	14	93	0
1.401	1	5	141	2	24	14	93	0
1.403	1	5	141	4	24	14	93	0
1.405	1	5	141	6	24	14	93	0
1.407	1	5	141	8	24	14	93	0
1.409	1	5	141	10	24	14	93	0
1.411	1	5	142	2	24	14	93	0
1.413	1	5	142	4	24	14	93	0
1.414	1	5	142	5	24	14	93	0
1.416	1	5	142	7	24	14	93	0
1.418	1	5	142	9	24	14	93	0
1.42	1	5	143	1	24	14	93	0
1.422	1	5	143	3	24	14	93	0
1.424	1	5	143	5	24	14	93	0
1.426	1	5	143	7	24	14	93	0
1.428	1	5	143	9	24	14	93	0
1.429	1	5	143	10	24	14	93	0
1.431	1	5	144	2	24	14	93	0
1.433	1	5	144	4	24	14	93	0
1.435	1	5	144	6	24	14	93	0
1.437	1	5	144	8	24	14	93	0
1.439	1	5	144	10	24	14	93	0
1.441	1	5	145	2	24	14	93	0
1.443	1	5	145	4	24	14	93	0
1.444	1	5	145	5	24	14	93	0
1.446	1	5	145	7	24	14	93	0
1.448	1	5	145	9	24	14	93	0
1.45	1	5	146	1	24	14	93	0
1.452	1	5	146	3	24	14	93	0
1.454	1	5	146	5	24	14	93	0
1.456	1	5	146	7	24	14	93	0
1.458	1	5	146	9	24	14	93	0
1.459	1	5	146	10	24	14	93	0
1.461	1	5	147	2	24	14	93	0
1.463	1	5	147	4	24	14	93	0
1.465	1	5	147	6	24	14	93	0
1.467	1	5	147	8	24	14	93	0
1.469	1	5	147	10	24	14	93	0
1.471	1	5	148	2	24	14	93	0
1.473	1	5	148	4	24	14	93	0
1.474	1	5	148	5	24	14	93	0
1.476	1	5	148	7	24	14	93	0
1.478	1	5	148	9	24	14	93	0
1.48	1	5	149	1	24	14	93	0
1.482	1	5	149	3	24	14	93	0
1.484	1	5	149	5	24	14	93	0
1.486	1	5	149	7	24	14	93	0
1.488	1	5	149	9	24	14	93	0
1.489	1	5	149	10	24	14	93	0
1.491	1	5	150	2	24	14	93	0
1.493	1	5	150	4	24	14	93	0
1.495	1	5	150	6	24	14	93	0
1.497	1	5	150	8	24	14	93	0
1.499	1	5	150	10	24	14	93	0
1.501	1	5	151	2	24	14	93	0
1.503	1	5	151	4	24	14	93	0
1.504	1	5	151	5	24	14	93	0
1.506	1	5	151	7	24	14	93	0
1.508	1	5	151	9	24	14	93	0
1.51	1	5	152	1	24	14	93	0
1.512	1	5	152	3	24	14	93	0
1.514	1	5	152	5	24	14	93	0
1.516	1	5	152	7	24	14	93	0
1.518	1	5	152	9	24	14	93	0
1.519	1	5	152	10	24	14	93	0
1.521	1	5	153	2	24	14	93	0
1.523	1	5	153	4	24	14	93	0
1.525	1	5	153	6	24	14	93	0
1.527	1	5	153	8	24	14	93	0
1.529	1	5	153	10	24	14	93	0
1.531	1	5	154	2	24	14	93	0
1.533	1	5	154	4	24	14	93	0
1.534	1	5	154	5	24	14	93	0
1.536	1	5	154	7	24	14	93	0
1.538	1	5	154	9	24	14	93	0
1.54	1	5	155	1	24	14	93	0
1.542	1	5	155	3	24	14	93	0
1.544	1	5	155	5	24	14	93	0
1.546	1	5	155	7	24	14	93	0
1.548	1	5	155	9	24	14	93	0
1.549	1	5	155	10	24	14	93	0
1.551	1	5	156	2	24	14	93	0
1.553	1	5	156	4	24	14	93	0
1.555	1	5	156	6	24	14	93	0
1.557	1	5	156	8	24	14	93	0
1.559	1	5	156	10	24	14	93	0
1.561	1	5	157	2	24	14	93	0
1.563	1	5	157	4	24	14	93	0
1.564	1	5	157	5	24	14	93	0
1.566	1	5	157	7	24	14	93	0
1.568	1	5	157	9	24	14	93	0
1.57	1	5	158	1	24	14	93	0
1.572	1	5	158	3	24	14	93	0
1.574	1	5	158	5	24	14	93	0
1.576	1	5	158	7	24	14	93	0
1.578	1	5	158	9	24	14	93	0
1.579	1	5	158	10	24	14	93	0
1.581	1	5	159	2	24	14	93	0
1.583	1	5	159	4	24	14	93	0
1.585	1	5	159	6	24	14	93	0
1.587	1	5	159	8	24	14	93	0
1.589	1	5	159	10	24	14	93	0
1.591	1	5	160	2	24	14	93	0
1.593	1	5	160	4	24	14	93	0
1.594	1	5	160	5	24	14	93	0
1.596	1	5	160	7	24	14	93	0
1.598	1	5	160	9	24	14	93	0
1.6	1	5	161	1	24	14	93	0
1.602	1	5	161	3	24	14	93	0
1.604	1	5	161	5	24	14	93	0
1.606	1	5	161	7	24	14	93	0
1.608	1	5	161	9	24	14	93	0
1.609	1	5	161	10	24	14	93	0
1.611	1	5	162	2	24	14	93	0
1.613	1	5	162	4	24	14	93	0
1.615	1	5	162	6	24	14	93	0
1.617	1	5	162	8	24	14	93	0
1.619	1	5	162	10	24	14	93	0
1.621	1	5	163	2	24	14	93	0
1.623	1	5	163	4	24	14	93	0
1.624	1	5	163	5	24	14	93	0
1.626	1	5	163	7	24	14	93	0
1.628	1	5	163	9	24	14	93	0
1.63	1	5	164	1	24	14	93	0
1.632	1	5	164	3	24	14	93	0
1.634	1	5	164	5	24	14	93	0
1.636	1	5	164	7	24	14	93	0
1.638	1	5	164	9	24	14	93	0
1.639	1	5	164	10	24	14	93	0
1.641	1	5	165	2	24	14	93	0
1.643	1	5	165	4	24	14	93	0
1.645	1	5	165	6	24	14	93	0
1.647	1	5	165	8	24	14	93	0
1.649	1	5	165	10	24	14	93	0
1.651	1	5	166	2	24	14	93	0
1.653	1	5	166	4	24	14	93	0
1.654	1	5	166	5	24	14	93	0
1.656	1	5	166	7	24	14	93	0
1.658	1	5	166	9	24	14	93	0
1.66	1	5	167	1	24	14	93	0
1.662	1	5	167	3	24	14	93	0
1.664	1	5	167	5	24	14	93	0
1.666	1	5	167	7	24	14	93	0
1.668	1	5	167	9	24	14	93	0
1.669	1	5	167	10	24	14	93	0
1.671	1	5	168	2	24	14	93	0
1.673	1	5	168	4	24	14	93	0
1.675	1	5	168	6	24	14	93	0
1.677	1	5	168	8	24	14	93	0
1.679	1	5	168	10	24	14	93	0
1.681	1	5	169	2	24	14	93	0
1.683	1	5	169	4	24	14	93	0
1.684	1	5	169	5	24	14	93	0
1.686	1	5	169	7	24	14	93	0
1.688	1	5	169	9	24	14	93	0
1.69	1	5	170	1	24	14	93	0
1.692	1	5	170	3	24	14	93	0
1.694	1	5	170	5	24	14	93	0
1.696	1	5	170	7	24	14	93	0
1.698	1	5	170	9	24	14	93	0
1.699	1	5	170	10	24	14	93	0
1.701	1	5	171	2	24	14	93	0
1.703	1	5	171	4	24	14	93	0
1.705	1	5	171	6	24	14	93	0
1.707	1	5	171	8	24	14	93	0
1.709	1	5	171	10	24	14	93	0
1.711	1	5	172	2	24	14	93	0
1.713	1	5	172	4	24	14	93	0
1.714	1	5	172	5	24	14	93	0
1.716	1	5	172	7	24	14	93	0
1.718	1	5	172	9	24	14	93	0
1.72	1	5	173	1	24	14	93	0
1.722	1	5	173	3	24	14	93	0
1.724	1	5	173	5	24	14	93	0
1.726	1	5	173	7	24	14	93	0
1.728	1	5	173	9	24	14	93	0
1.729	1	5	173	10	24	14	93	0
1.731	1	5	174	2	24	14	93	0
1.733	1	5	174	4	24	14	93	0
1.735	1	5	174	6	24	14	93	0
1.737	1	5	174	8	24	14	93	0
1.739	1	5	174	10	24	14	93	0
1.741	1	5	175	2	24	14	93	0
1.743	1	5	175	4	24	14	93	0
1.744	1	5	175	5	24	14	93	0
1.746	1	5	175	7	24	14	93	0
1.748	1	5	175	9	24	14	93	0
1.75	1	5	176	1	24	14	93	0
1.752	1	5	176	3	24	14	93	0
1.754	1	5	176	5	24	14	93	0
1.756	1	5	176	7	24	14	93	0
1.758	1	5	176	9	24	14	93	0
1.759	1	5	176	10	24	14	93	0
1.761	1	5	177	2	24	14	93	0
1.763	1	5	177	4	24	14	93	0
1.765	1	5	177	6	24	14	93	0
1.767	1	5	177	8	24	14	93	0
1.769	1	5	177	10	24	14	93	0
1.771	1	5	178	2	24	14	93	0
1.773	1	5	178	4	24	14	93	0
1.774	1	5	178	5	24	14	93	0
1.776	1	5	178	7	24	14	93	0
1.778	1	5	178	9	24	14	93	0
1.78	1	5	179	1	24	14	93	0
1.782	1	5	179	3	24	14	93	0
1.784	1	5	179	5	24	14	93	0
1.786	1	5	179	7	24	14	93	0
1.788	1	5	179	9	24	14	93	0
1.789	1	5	179	10	24	14	93	0
1.791	1	5	180	2	24	14	93	0
1.793	1	5	180	4	24	14	93	0
1.795	1	5	180	6	24	14	93	0
1.797	1	5	180	8	24	14	93	0
1.799	1	5	180	10	24	14	93	0
1.801	1	5	181	2	24	14	93	0
1.803	1	5	181	4	24	14	93	0
1.804	1	5	181	5	24	14	93	0
1.806	1	5	181	7	24	14	93	0
1.808	1	5	181	9	24	14	93	0
1.81	1	5	182	1	24	14	93	0
1.812	1	5	182	3	24	14	93	0
1.814	1	5	182	5	24	14	93	0
1.816	1	5	182	7	24	14	93	0
1.818	1	5	182	9	24	14	93	0
1.819	1	5	182	10	24	14	93	0
1.821	1	5	183	2	24	14	93	0
1.823	1	5	183	4	24	14	93	0
1.825	1	5	183	6	24	14	93	0
1.827	1	5	183	8	24	14	93	0
1.829	1	5	183	10	24	14	93	0
1.831	1	5	184	2	24	14	93	0
1.833	1	5	184	4	24	14	93	0
1.834	1	5	184	5	24	14	93	0
1.836	1	5	184	7	24	14	93	0
1.838	1	5	184	9	24	14	93	0
1.84	1	5	185	1	24	14	93	0
1.842	1	5	185	3	24	14	93	0
1.844	1	5	185	5	24	14	93	0
1.846	1	5	185	7	24	14	93	0
1.848	1	5	185	9	24	14	93	0
1.849	1	5	185	10	24	14	93	0
1.851	1	5	186	2	24	14	93	0
1.853	1	5	186	4	24	14	93	0
1.855	1	5	186	6	24	14	93	0
1.857	1	5	186	8	24	14	93	0
1.859	1	5	186	10	24	14	93	0
1.861	1	5	187	2	24	14	93	0
1.863	1	5	187	4	24	14	93	0
1.864	1	5	187	5	24	14	93	0
1.866	1	5	187	7	24	14	93	0
1.868	1	5	187	9	24	14	93	0
1.87	1	5	188	1	24	14	93	0
1.872	1	5	188	3	24	14	93	0
1.874	1	5	188	5	24	14	93	0
1.876	1	5	188	7	24	14	93	0
1.878	1	5	188	9	24	14	93	0
1.879	1	5	188	10	24	14	93	0
1.881	1	5	189	2	24	14	93	0
1.883	1	5	189	4	24	14	93	0
1.885	1	5	189	6	24	14	93	0
1.887	1	5	189	8	24	14	93	0
1.889	1	5	189	10	24	14	93	0
1.891	1	5	190	2	24	14	93	0
1.893	1	5	190	4	24	14	93	0
1.894	1	5	190	5	24	14	93	0
1.896	1	5	190	7	24	14	93	0
1.898	1	5	190	9	24	14	93	0
1.9	1	5	191	1	24	14	93	0
1.902	1	5	191	3	24	14	93	0
1.904	1	5	191	5	24	14	93	0
1.906	1	5	191	7	24	14	93	0
1.908	1	5	191	9	24	14	93	0
1.909	1	5	191	10	24	14	93	0
1.911	1	5	192	2	24	14	93	0
1.913	1	5	192	4	24	14	93	0
1.915	1	5	192	6	24	14	93	0
1.917	1	5	192	8	24	14	93	0
1.919	1	5	192	10	24	14	93	0
1.921	1	5	193	2	24	14	93	0
1.923	1	5	193	4	24	14	93	0
1.924	1	5	193	5	24	14	93	0
1.926	1	5	193	7	24	14	93	0
1.928	1	5	193	9	24	14	93	0
1.93	1	5	194	1	24	14	93	0
1.932	1	5	194	3	24	14	93	0
1.934	1	5	194	5	24	14	93	0
1.936	1	5	194	7	24	14	93	0
1.938	1	5	194	9	24	14	93	0
1.939	1	5	194	10	24	14	93	0
1.941	1	5	195	2	24	14	93	0
1.943	1	5	195	4	24	14	93	0
1.945	1	5	195	6	24	14	93	0
1.947	1	5	195	8	24	14	93	0
1.949	1	5	195	10	24	14	93	0
1.951	1	5	196	2	24	14	93	0
1.953	1	5	196	4	24	14	93	0
1.954	1	5	196	5	24	14	93	0
1.956	1	5	196	7	24	14	93	0
1.958	1	5	196	9	24	14	93	0
1.96	1	5	197	1	24	14	93	0
1.962	1	5	197	3	24	14	93	0
1.964	1	5	197	5	24	14	93	0
1.966	1	5	197	7	24	14	93	0
1.968	1	5	197	9	24	14	93	0
1.969	1	5	197	10	24	14	93	0
1.971	1	5	198	2	24	14	93	0
1.973	1	5	198	4	24	14	93	0
1.975	1	5	198	6	24	14	93	0
1.977	1	5	198	8	24	14	93	0
1.979	1	5	198	10	24	14	93	0
1.981	1	5	199	2	24	14	93	0
1.983	1	5	199	4	24	14	93	0
1.984	1	5	199	5	24	14	93	0
1.986	1	5	199	7	24	14	93	0
1.988	1	5	199	9	24	14	93	0
1.99	1	5	200	1	24	14	93	0
1.992	1	5	200	3	24	14	93	0
1.994	1	5	200	5	24	14	93	0
1.996	1	5	200	7	24	14	93	0
1.998	1	5	200	9	24	14	93	0
1.999	1	5	200	10	24	14	93	0
2.001	1	5	201	2	24	14	93	0
2.003	1	5	201	4	24	14	93	0
2.005	1	5	201	6	24	14	93	0
2.007	1	5	201	8	24	14	93	0
2.009	1	5	201	10	24	14	93	0
2.011	1	5	202	2	24	14	93	0
2.013	1	5	202	4	24	14	93	0
2.014	1	5	202	5	24	14	93	0
2.016	1	5	202	7	24	14	93	0
2.018	1	5	202	9	24	14	93	0
2.02	1	5	203	1	24	14	93	0
2.022	1	5	203	3	24	14	93	0
2.024	1	5	203	5	24	14	93	0
2.026	1	5	203	7	24	14	93	0
2.028	1	5	203	9	24	14	93	0
2.029	1	5	203	10	24	14	93	0
2.031	1	5	204	2	24	14	93	0
2.033	1	5	204	4	24	14	93	0
2.035	1	5	204	6	24	14	93	0
2.037	1	5	204	8	24	14	93	0
2.039	1	5	204	10	24	14	93	0
2.041	1	5	205	2	24	14	93	0
2.043	1	5	205	4	24	14	93	0
2.044	1	5	205	5	24	14	93	0
2.046	1	5	205	7	24	14	93	0
2.048	1	5	205	9	24	14	93	0
2.05	1	5	206	1	24	14	93	0
2.052	1	5	206	3	24	14	93	0
2.054	1	5	206	5	24	14	93	0
2.056	1	5	206	7	24	14	93	0
2.058	1	5	206	9	24	14	93	0
2.059	1	5	206	10	24	14	93	0
2.061	1	5	207	2	24	14	93	0
2.063	1	5	207	4	24	14	93	0
2.065	1	5	207	6	24	14	93	0
2.067	1	5	207	8	24	14	93	0
2.069	1	5	207	10	24	14	93	0
2.071	1	5	208	2	24	14	93	0
2.073	1	5	208	4	24	14	93	0
2.074	1	5	208	5	24	14	93	0
2.076	1	5	208	7	24	14	93	0
2.078	1	5	208	9	24	14	93	0
2.08	1	5	209	1	24	14	93	0
2.082	1	5	209	3	24	14	93	0
2.084	1	5	209	5	24	14	93	0
2.086	1	5	209	7	24	14	93	0
2.088	1	5	209	9	24	14	93	0
2.089	1	5	209	10	24	14	93	0
2.091	1	5	210	2	24	14	93	0
2.093	1	5	210	4	24	14	93	0
2.095	1	5	210	6	24	14	93	0
2.097	1	5	210	8	24	14	93	0
2.099	1	5	210	10	24	14	93	0
2.101	1	5	211	2	24	14	93	0
2.103	1	5	211	4	24	14	93	0
2.104	1	5	211	5	24	14	93	0
2.106	1	5	211	7	24	14	93	0
2.108	1	5	211	9	24	14	93	0
2.11	1	5	212	1	24	14	93	0
2.112	1	5	212	3	24	14	93	0
2.114	1	5	212	5	24	14	93	0
2.116	1	5	212	7	24	14	93	0
2.118	1	5	212	9	24	14	93	0
2.119	1	5	212	10	24	14	93	0
2.121	1	5	213	2	24	14	93	0
2.123	1	5	213	4	24	14	93	0
2.125	1	5	213	6	24	14	93	0
2.127	1	5	213	8	24	14	93	0
2.129	1	5	213	10	24	14	93	0
2.131	1	5	214	2	24	14	93	0
2.133	1	5	214	4	24	14	93	0
2.134	1	5	214	5	24	14	93	0
2.136	1	5	214	7	24	14	93	0
2.138	1	5	214	9	24	14	93	0
2.14	1	5	215	1	24	14	93	0
2.142	1	5	215	3	24	14	93	0
2.144	1	5	215	5	24	14	93	0
2.146	1	5	215	7	24	14	93	0
2.148	1	5	215	9	24	14	93	0
2.149	1	5	215	10	24	14	93	0
2.151	1	5	216	2	24	14	93	0
2.153	1	5	216	4	24	14	93	0
2.155	1	5	216	6	24	14	93	0
2.157	1	5	216	8	24	14	93	0
2.159	1	5	216	10	24	14	93	0
2.161	1	5	217	2	24	14	93	0
2.163	1	5	217	4	24	14	93	0
2.164	1	5	217	5	24	14	93	0
2.166	1	5	217	7	24	14	93	0
2.168	1	5	217	9	24	14	93	0
2.17	1	5	218	1	24	14	93	0
2.172	1	5	218	3	24	14	93	0
2.174	1	5	218	5	24	14	93	0
2.176	1	5	218	7	24	14	93	0
2.178	1	5	218	9	24	14	93	0
2.179	1	5	218	10	24	14	93	0
2.181	1	5	219	2	24	14	93	0
2.183	1	5	219	4	24	14	93	0
2.185	1	5	219	6	24	14	93	0
2.187	1	5	219	8	24	14	93	0
2.189	1	5	219	10	24	14	93	0
2.191	1	5	220	2	24	14	93	0
2.193	1	5	220	4	24	14	93	0
2.194	1	5	220	5	24	14	93	0
2.196	1	5	220	7	24	14	93	0
2.198	1	5	220	9	24	14	93	0
2.2	1	5	221	1	24	14	93	0
2.202	1	5	221	3	24	14	93	0
2.204	1	5	221	5	24	14	93	0
2.206	1	5	221	7	24	14	93	0
2.208	1	5	221	9	24	14	93	0
2.209	1	5	221	10	24	14	93	0
2.211	1	5	222	2	24	14	93	0
2.213	1	5	222	4	24	14	93	0
2.215	1	5	222	6	24	14	93	0
2.217	1	5	222	8	24	14	93	0
2.219	1	5	222	10	24	14	93	0
2.221	1	5	223	2	24	14	93	0
2.223	1	5	223	4	24	14	93	0
2.224	1	5	223	5	24	14	93	0
2.226	1	5	223	7	24	14	93	0
2.228	1	5	223	9	24	14	93	0
2.23	1	5	224	1	24	14	93	0
2.232	1	5	224	3	24	14	93	0
2.234	1	5	224	5	24	14	93	0
2.236	1	5	224	7	24	14	93	0
2.238	1	5	224	9	24	14	93	0
2.239	1	5	224	10	24	14	93	0
2.241	1	5	225	2	24	14	93	0
2.243	1	5	225	4	24	14	93	0
2.245	1	5	225	6	24	14	93	0
2.247	1	5	225	8	24	14	93	0
2.249	1	5	225	10	24	14	93	0
2.251	1	5	226	2	24	14	93	0
2.253	1	5	226	4	24	14	93	0
2.254	1	5	226	5	24	14	93	0
2.256	1	5	226	7	24	14	93	0
2.258	1	5	226	9	24	14	93	0
2.26	1	5	227	1	24	14	93	0
2.262	1	5	227	3	24	14	93	0
2.264	1	5	227	5	24	14	93	0
2.266	1	5	227	7	24	14	93	0
2.268	1	5	227	9	24	14	93	0
2.269	1	5	227	10	24	14	93	0
2.271	1	5	228	2	24	14	93	0
2.273	1	5	228	4	24	14	93	0
2.275	1	5	228	6	24	14	93	0
2.277	1	5	228	8	24	14	93	0
2.279	1	5	228	10	24	14	93	0
2.281	1	5	229	2	24	14	93	0
2.283	1	5	229	4	24	14	93	0
2.284	1	5	229	5	24	14	93	0
2.286	1	5	229	7	24	14	93	0
2.288	1	5	229	9	24	14	93	0
2.29	1	5	230	1	24	14	93	0
2.292	1	5	230	3	24	14	93	0
2.294	1	5	230	5	24	14	93	0
2.296	1	5	230	7	24	14	93	0
2.298	1	5	230	9	24	14	93	0
2.299	1	5	230	10	24	14	93	0
2.301	1	5	231	2	24	14	93	0
2.303	1	5	231	4	24	14	93	0
2.305	1	5	231	6	24	14	93	0
2.307	1	5	231	8	24	14	93	0
2.309	1	5	231	10	24	14	93	0
2.311	1	5	232	2	24	14	93	0
2.313	1	5	232	4	24	14	93	0
2.314	1	5	232	5	24	14	93	0
2.316	1	5	232	7	24	14	93	0
2.318	1	5	232	9	24	14	93	0
2.32	1	5	233	1	24	14	93	0
2.322	1	5	233	3	24	14	93	0
2.324	1	5	233	5	24	14	93	0
2.326	1	5	233	7	24	14	93	0
2.328	1	5	233	9	24	14	93	0
2.329	1	5	233	10	24	14	93	0
2.331	1	5	234	2	24	14	93	0
2.333	1	5	234	4	24	14	93	0
2.335	1	5	234	6	24	14	93	0
2.337	1	5	234	8	24	14	93	0
2.339	1	5	234	10	24	14	93	0
2.341	1	5	235	2	24	14	93	0
2.343	1	5	235	4	24	14	93	0
2.344	1	5	235	5	24	14	93	0
2.346	1	5	235	7	24	14	93	0
2.348	1	5	235	9	24	14	93	0
2.35	1	5	236	1	24	14	93	0
2.352	1	5	236	3	24	14	93	0
2.354	1	5	236	5	24	14	93	0
2.356	1	5	236	7	24	14	93	0
2.358	1	5	236	9	24	14	93	0
2.359	1	5	236	10	24	14	93	0
2.361	1	5	237	2	24	14	93	0
2.363	1	5	237	4	24	14	93	0
2.365	1	5	237	6	24	14	93	0
2.367	1	5	237	8	24	14	93	0
2.369	1	5	237	10	24	14	93	0
2.371	1	5	238	2	24	14	93	0
2.373	1	5	238	4	24	14	93	0
2.374	1	5	238	5	24	14	93	0
2.376	1	5	238	7	24	14	93	0
2.378	1	5	238	9	24	14	93	0
2.38	1	5	239	1	24	14	93	0
2.382	1	5	239	3	24	14	93	0
2.384	1	5	239	5	24	14	93	0
2.386	1	5	239	7	24	14	93	0
2.388	1	5	239	9	24	14	93	0
2.389	1	5	239	10	24	14	93	0
2.391	1	5	240	2	24	14	93	0
2.393	1	5	240	4	24	14	93	0
2.395	1	5	240	6	24	14	93	0
2.397	1	5	240	8	24	14	93	0
2.399	1	5	240	10	24	14	93	0
2.401	1	5	241	2	24	14	93	0
2.403	1	5	241	4	24	14	93	0
2.404	1	5	241	5	24	14	93	0
2.406	1	5	241	7	24	14	93	0
2.408	1	5	241	9	24	14	93	0
2.41	1	5	242	1	24	14	93	0
2.412	1	5	242	3	24	14	93	0
2.414	1	5	242	5	24	14	93	0
2.416	1	5	242	7	24	14	93	0
2.418	1	5	242	9	24	14	93	0
2.419	1	5	242	10	24	14	93	0
2.421	1	5	243	2	24	14	93	0
2.423	1	5	243	4	24	14	93	0
2.425	1	5	243	6	24	14	93	0
2.427	1	5	243	8	24	14	93	0
2.429	1	5	243	10	24	14	93	0
2.431	1	5	244	2	24	14	93	0
2.433	1	5	244	4	24	14	93	0
2.434	1	5	244	5	24	14	93	0
2.436	1	5	244	7	24	14	93	0
2.438	1	5	244	9	24	14	93	0
2.44	1	5	245	1	24	14	93	0
2.442	1	5	245	3	24	14	93	0
2.444	1	5	245	5	24	14	93	0
2.446	1	5	245	7	24	14	93	0
2.448	1	5	245	9	24	14	93	0
2.449	1	5	245	10	24	14	93	0
2.451	1	5	246	2	24	14	93	0
2.453	1	5	246	4	24	14	93	0
2.455	1	5	246	6	24	14	93	0
2.457	1	5	246	8	24	14	93	0
2.459	1	5	246	10	24	14	93	0
2.461	1	5	247	2	24	14	93	0
2.463	1	5	247	4	24	14	93	0
2.464	1	5	247	5	24	14	93	0
2.466	1	5	247	7	24	14	93	0
2.468	1	5	247	9	24	14	93	0
2.47	1	5	248	1	24	14	93	0
2.472	1	5	248	3	24	14	93	0
2.474	1	5	248	5	24	14	93	0
2.476	1	5	248	7	24	14	93	0
2.478	1	5	248	9	24	14	93	0
2.479	1	5	248	10	24	14	93	0
2.481	1	5	249	2	24	14	93	0
2.483	1	5	249	4	24	14	93	0
2.485	1	5	249	6	24	14	93	0
2.487	1	5	249	8	24	14	93	0
2.489	1	5	249	10	24	14	93	0
2.491	1	5	250	2	24	14	93	0
2.493	1	5	250	4	24	14	93	0
2.494	1	5	250	5	24	14	93	0
2.496	1	5	250	7	24	14	93	0
2.498	1	5	250	9	24	14	93	0
2.5	1	5	251	1	24	14	93	0
2.502	1	5	251	3	24	14	93	0
2.504	1	5	251	5	24	14	93	0
2.506	1	5	251	7	24	14	93	0
2.508	1	5	251	9	24	14	93	0
2.509	1	5	251	10	24	14	93	0
2.511	1	5	252	2	24	14	93	0
2.513	1	5	252	4	24	14	93	0
2.515	1	5	252	6	24	14	93	0
2.517	1	5	252	8	24	14	93	0
2.519	1	5	252	10	24	14	93	0
2.521	1	5	253	2	24	14	93	0
2.523	1	5	253	4	24	14	93	0
2.524	1	5	253	5	24	14	93	0
2.526	1	5	253	7	24	14	93	0
2.528	1	5	253	9	24	14	93	0
2.53	1	5	254	1	24	14	93	0
2.532	1	5	254	3	24	14	93	0
2.534	1	5	254	5	24	14	93	0
2.536	1	5	254	7	24	14	93	0
2.538	1	5	254	9	24	14	93	0
2.539	1	5	254	10	24	14	93	0
2.541	1	5	255	2	24	14	93	0
2.543	1	5	255	4	24	14	93	0
2.545	1	5	255	6	24	14	93	0
2.547	1	5	255	8	24	14	93	0
2.549	1	5	255	10	24	14	93	0
2.551	1	5	256	2	24	14	93	0
2.553	1	5	256	4	24	14	93	0
2.554	1	5	256	5	24	14	93	0
2.556	1	5	256	7	24	14	93	0
2.558	1	5	256	9	24	14	93	0
2.56	1	5	257	1	24	14	93	0
2.562	1	5	257	3	24	14	93	0
2.564	1	5	257	5	24	14	93	0
2.566	1	5	257	7	24	14	93	0
2.568	1	5	257	9	24	14	93	0
2.569	1	5	257	10	24	14	93	0
2.571	1	5	258	2	24	14	93	0
2.573	1	5	258	4	24	14	93	0
2.575	1	5	258	6	24	14	93	0
2.577	1	5	258	8	24	14	93	0
2.579	1	5	258	10	24	14	93	0
2.581	1	5	259	2	24	14	93	0
2.583	1	5	259	4	24	14	93	0
2.584	1	5	259	5	24	14	93	0
2.586	1	5	259	7	24	14	93	0
2.588	1	5	259	9	24	14	93	0
2.59	1	5	260	1	24	14	93	0
2.592	1	5	260	3	24	14	93	0
2.594	1	5	260	5	24	14	93	0
2.596	1	5	260	7	24	14	93	0
2.598	1	5	260	9	24	14	93	0
2.599	1	5	260	10	24	14	93	0
2.601	1	5	261	2	24	14	93	0
2.603	1	5	261	4	24	14	93	0
2.605	1	5	261	6	24	14	93	0
2.607	1	5	261	8	24	14	93	0
2.609	1	5	261	10	24	14	93	0
2.611	1	5	262	2	24	14	93	0
2.613	1	5	262	4	24	14	93	0
2.614	1	5	262	5	24	14	93	0
2.616	1	5	262	7	24	14	93	0
2.618	1	5	262	9	24	14	93	0
2.62	1	5	263	1	24	14	93	0
2.622	1	5	263	3	24	14	93	0
2.624	1	5	263	5	24	14	93	0
2.626	1	5	263	7	24	14	93	0
2.628	1	5	263	9	24	14	93	0
2.629	1	5	263	10	24	14	93	0
2.631	1	5	264	2	24	14	93	0
2.633	1	5	264	4	24	14	93	0
2.635	1	5	264	6	24	14	93	0
2.637	1	5	264	8	24	14	93	0
2.639	1	5	264	10	24	14	93	0
2.641	1	5	265	2	24	14	93	0
2.643	1	5	265	4	24	14	93	0
2.644	1	5	265	5	24	14	93	0
2.646	1	5	265	7	24	14	93	0
2.648	1	5	265	9	24	14	93	0
2.65	1	5	266	1	24	14	93	0
2.652	1	5	266	3	24	14	93	0
2.654	1	5	266	5	24	14	93	0
2.656	1	5	266	7	24	14	93	0
2.658	1	5	266	9	24	14	93	0
2.659	1	5	266	10	24	14	93	0
2.661	1	5	267	2	24	14	93	0
2.663	1	5	267	4	24	14	93	0
2.665	1	5	267	6	24	14	93	0
2.667	1	5	267	8	24	14	93	0
2.669	1	5	267	10	24	14	93	0
2.671	1	5	268	2	24	14	93	0
2.673	1	5	268	4	24	14	93	0
2.674	1	5	268	5	24	14	93	0
2.676	1	5	268	7	24	14	93	0
2.678	1	5	268	9	24	14	93	0
2.68	1	5	269	1	24	14	93	0
2.682	1	5	269	3	24	14	93	0
2.684	1	5	269	5	24	14	93	0
2.686	1	5	269	7	24	14	93	0
2.688	1	5	269	9	24	14	93	0
2.689	1	5	269	10	24	14	93	0
2.691	1	5	270	2	24	14	93	0
2.693	1	5	270	4	24	14	93	0
2.695	1	5	270	6	24	14	93	0
2.697	1	5	270	8	24	14	93	0
2.699	1	5	270	10	24	14	93	0
2.701	1	5	271	2	24	14	93	0
2.703	1	5	271	4	24	14	93	0
2.704	1	5	271	5	24	14	93	0
2.706	1	5	271	7	24	14	93	0
2.708	1	5	271	9	24	14	93	0
2.71	1	5	272	1	24	14	93	0
2.712	1	5	272	3	24	14	93	0
2.714	1	5	272	5	24	14	93	0
2.716	1	5	272	7	24	14	93	0
2.718	1	5	272	9	24	14	93	0
2.719	1	5	272	10	24	14	93	0
2.721	1	5	273	2	24	14	93	0
2.723	1	5	273	4	24	14	93	0
2.725	1	5	273	6	24	14	93	0
2.727	1	5	273	8	24	14	93	0
2.729	1	5	273	10	24	14	93	0
2.731	1	5	274	2	24	14	93	0
2.733	1	5	274	4	24	14	93	0
2.734	1	5	274	5	24	14	93	0
2.736	1	5	274	7	24	14	93	0
2.738	1	5	274	9	24	14	93	0
2.74	1	5	275	1	24	14	93	0
2.742	1	5	275	3	24	14	93	0
2.744	1	5	275	5	24	14	93	0
2.746	1	5	275	7	24	14	93	0
2.748	1	5	275	9	24	14	93	0
2.749	1	5	275	10	24	14	93	0
2.751	1	5	276	2	24	14	93	0
2.753	1	5	276	4	24	14	93	0
2.755	1	5	276	6	24	14	93	0
2.757	1	5	276	8	24	14	93	0
2.759	1	5	276	10	24	14	93	0
2.761	1	5	277	2	24	14	93	0
2.763	1	5	277	4	24	14	93	0
2.764	1	5	277	5	24	14	93	0
2.766	1	5	277	7	24	14	93	0
2.768	1	5	277	9	24	14	93	0
2.77	1	5	278	1	24	14	93	0
2.772	1	5	278	3	24	14	93	0
2.774	1	5	278	5	24	14	93	0
2.776	1	5	278	7	24	14	93	0
2.778	1	5	278	9	24	14	93	0
2.779	1	5	278	10	24	14	93	0
2.781	1	5	279	2	24	14	93	0
2.783	1	5	279	4	24	14	93	0
2.785	1	5	279	6	24	14	93	0
2.787	1	5	279	8	24	14	93	0
2.789	1	5	279	10	24	14	93	0
2.791	1	5	280	2	24	14	93	0
2.793	1	5	280	4	24	14	93	0
2.794	1	5	280	5	24	14	93	0
2.796	1	5	280	7	24	14	93	0
2.798	1	5	280	9	24	14	93	0
2.8	1	5	281	1	24	14	93	0
2.802	1	5	281	3	24	14	93	0
2.804	1	5	281	5	24	14	93	0
2.806	1	5	281	7	24	14	93	0
2.808	1	5	281	9	24	14	93	0
2.809	1	5	281	10	24	14	93	0
2.811	1	5	282	2	24	14	93	0
2.813	1	5	282	4	24	14	93	0
2.815	1	5	282	6	24	14	93	0
2.817	1	5	282	8	24	14	93	0
2.819	1	5	282	10	24	14	93	0
2.821	1	5	283	2	24	14	93	0
2.823	1	5	283	4	24	14	93	0
2.824	1	5	283	5	24	14	93	0
2.826	1	5	283	7	24	14	93	0
2.828	1	5	283	9	24	14	93	0
2.83	1	5	284	1	24	14	93	0
2.832	1	5	284	3	24	14	93	0
2.834	1	5	284	5	24	14	93	0
2.836	1	5	284	7	24	14	93	0
2.838	1	5	284	9	24	14	93	0
2.839	1	5	284	10	24	14	93	0
2.841	1	5	285	2	24	14	93	0
2.843	1	5	285	4	24	14	93	0
2.845	1	5	285	6	24	14	93	0
2.847	1	5	285	8	24	14	93	0
2.849	1	5	285	10	24	14	93	0
2.851	1	5	286	2	24	14	93	0
2.853	1	5	286	4	24	14	93	0
2.854	1	5	286	5	24	14	93	0
2.856	1	5	286	7	24	14	93	0
2.858	1	5	286	9	24	14	93	0
2.86	1	5	287	1	24	14	93	0
2.862	1	5	287	3	24	14	93	0
2.864	1	5	287	5	24	14	93	0
2.866	1	5	287	7	24	14	93	0
2.868	1	5	287	9	24	14	93	0
2.869	1	5	287	10	24	14	93	0
2.871	1	5	288	2	24	14	93	0
2.873	1	5	288	4	24	14	93	0
2.875	1	5	288	6	24	14	93	0
2.877	1	5	288	8	24	14	93	0
2.879	1	5	288	10	24	14	93	0
2.881	1	5	289	2	24	14	93	0
2.883	1	5	289	4	24	14	93	0
2.884	1	5	289	5	24	14	93	0
2.886	1	5	289	7	24	14	93	0
2.888	1	5	289	9	24	14	93	0
2.89	1	5	290	1	24	14	93	0
2.892	1	5	290	3	24	14	93	0
2.894	1	5	290	5	24	14	93	0
2.896	1	5	290	7	24	14	93	0
2.898	1	5	290	9	24	14	93	0
2.899	1	5	290	10	24	14	93	0
2.901	1	5	291	2	24	14	93	0
2.903	1	5	291	4	24	14	93	0
2.905	1	5	291	6	24	14	93	0
2.907	1	5	291	8	24	14	93	0
2.909	1	5	291	10	24	14	93	0
2.911	1	5	292	2	24	14	93	0
2.913	1	5	292	4	24	14	93	0
2.914	1	5	292	5	24	14	93	0
2.916	1	5	292	7	24	14	93	0
2.918	1	5	292	9	24	14	93	0
2.92	1	5	293	1	24	14	93	0
2.922	1	5	293	3	24	14	93	0
2.924	1	5	293	5	24	14	93	0
2.926	1	5	293	7	24	14	93	0
2.928	1	5	293	9	24	14	93	0
2.929	1	5	293	10	24	14	93	0
2.931	1	5	294	2	24	14	93	0
2.933	1	5	294	4	24	14	93	0
2.935	1	5	294	6	24	14	93	0
2.937	1	5	294	8	24	14	93	0
2.939	1	5	294	10	24	14	93	0
2.941	1	5	295	2	24	14	93	0
2.943	1	5	295	4	24	14	93	0
2.944	1	5	295	5	24	14	93	0
2.946	1	5	295	7	24	14	93	0
2.948	1	5	295	9	24	14	93	0
2.95	1	5	296	1	24	14	93	0
2.952	1	5	296	3	24	14	93	0
2.954	1	5	296	5	24	14	93	0
2.956	1	5	296	7	24	14	93	0
2.958	1	5	296	9	24	14	93	0
2.959	1	5	296	10	24	14	93	0
2.961	1	5	297	2	24	14	93	0
2.963	1	5	297	4	24	14	93	0
2.965	1	5	297	6	24	14	93	0
2.967	1	5	297	8	24	14	93	0
2.969	1	5	297	10	24	14	93	0
2.971	1	5	298	2	24	14	93	0
2.973	1	5	298	4	24	14	93	0
2.974	1	5	298	5	24	14	93	0
2.976	1	5	298	7	24	14	93	0
2.978	1	5	298	9	24	14	93	0
2.98	1	5	299	1	24	14	93	0
2.982	1	5	299	3	24	14	93	0
2.984	1	5	299	5	24	14	93	0
2.986	1	5	299	7	24	14	93	0
2.988	1	5	299	9	24	14	93	0
2.989	1	5	299	10	24	14	93	0
2.991	1	5	300	2	24	14	93	0
2.993	1	5	300	4	24	14	93	0
2.995	1	5	300	6	24	14	93	0
2.997	1	5	300	8	24	14	93	0
2.999	1	5	300	10	24	14	93	0
3.001	1	5	301	2	24	14	93	0
3.003	1	5	301	4	24	14	93	0
3.004	1	5	301	5	24	14	93	0
3.006	1	5	301	7	24	14	93	0
3.008	1	5	301	9	24	14	93	0
3.01	1	5	302	1	24	14	93	0
3.012	1	5	302	3	24	14	93	0
3.014	1	5	302	5	24	14	93	0
3.016	1	5	302	7	24	14	93	0
3.018	1	5	302	9	24	14	93	0
3.019	1	5	302	10	24	14	93	0
3.021	1	5	303	2	24	14	93	0
3.023	1	5	303	4	24	14	93	0
3.025	1	5	303	6	24	14	93	0
3.027	1	5	303	8	24	14	93	0
3.029	1	5	303	10	24	14	93	0
3.031	1	5	304	2	24	14	93	0
3.033	1	5	304	4	24	14	93	0
3.034	1	5	304	5	24	14	93	0
3.036	1	5	304	7	24	14	93	0
3.038	1	5	304	9	24	14	93	0
3.04	1	5	305	1	24	14	93	0
3.042	1	5	305	3	24	14	93	0
3.044	1	5	305	5	24	14	93	0
3.046	1	5	305	7	24	14	93	0
3.048	1	5	305	9	24	14	93	0
3.049	1	5	305	10	24	14	93	0
3.051	1	5	306	2	24	14	93	0
3.053	1	5	306	4	24	14	93	0
3.055	1	5	306	6	24	14	93	0
3.057	1	5	306	8	24	14	93	0
3.059	1	5	306	10	24	14	93	0
3.061	1	5	307	2	24	14	93	0
3.063	1	5	307	4	24	14	93	0
3.064	1	5	307	5	24	14	93	0
3.066	1	5	307	7	24	14	93	0
3.068	1	5	307	9	24	14	93	0
3.07	1	5	308	1	24	14	93	0
3.072	1	5	308	3	24	14	93	0
3.074	1	5	308	5	24	14	93	0
3.076	1	5	308	7	24	14	93	0
3.078	1	5	308	9	24	14	93	0
3.079	1	5	308	10	24	14	93	0
3.081	1	5	309	2	24	14	93	0
3.083	1	5	309	4	24	14	93	0
3.085	1	5	309	6	24	14	93	0
3.087	1	5	309	8	24	14	93	0
3.089	1	5	309	10	24	14	93	0
3.091	1	5	310	2	24	14	93	0
3.093	1	5	310	4	24	14	93	0
3.094	1	5	310	5	24	14	93	0
3.096	1	5	310	7	24	14	93	0
3.098	1	5	310	9	24	14	93	0
3.1	1	5	311	1	24	14	93	0
3.102	1	5	311	3	24	14	93	0
3.104	1	5	311	5	24	14	93	0
3.106	1	5	311	7	24	14	93	0
3.108	1	5	311	9	24	14	93	0
3.109	1	5	311	10	24	14	93	0
3.111	1	5	312	2	24	14	93	0
3.113	1	5	312	4	24	14	93	0
3.115	1	5	312	6	24	14	93	0
3.117	1	5	312	8	24	14	93	0
3.119	1	5	312	10	24	14	93	0
3.121	1	5	313	2	24	14	93	0
3.123	1	5	313	4	24	14	93	0
3.124	1	5	313	5	24	14	93	0
3.126	1	5	313	7	24	14	93	0
3.128	1	5	313	9	24	14	93	0
3.13	1	5	314	1	24	14	93	0
3.132	1	5	314	3	24	14	93	0
3.134	1	5	314	5	24	14	93	0
3.136	1	5	314	7	24	14	93	0
3.138	1	5	314	9	24	14	93	0
3.139	1	5	314	10	24	14	93	0
3.141	1	5	315	2	24	14	93	0
3.143	1	5	315	4	24	14	93	0
3.145	1	5	315	6	24	14	93	0
3.147	1	5	315	8	24	14	93	0
3.149	1	5	315	10	24	14	93	0
3.151	1	5	316	2	24	14	93	0
3.153	1	5	316	4	24	14	93	0
3.154	1	5	316	5	24	14	93	0
3.156	1	5	316	7	24	14	93	0
3.158	1	5	316	9	24	14	93	0
3.16	1	5	317	1	24	14	93	0
3.162	1	5	317	3	24	14	93	0
3.164	1	5	317	5	24	14	93	0
3.166	1	5	317	7	24	14	93	0
3.168	1	5	317	9	24	14	93	0
3.169	1	5	317	10	24	14	93	0
3.171	1	5	318	2	24	14	93	0
3.173	1	5	318	4	24	14	93	0
3.175	1	5	318	6	24	14	93	0
3.177	1	5	318	8	24	14	93	0
3.179	1	5	318	10	24	14	93	0
3.181	1	5	319	2	24	14	93	0
3.183	1	5	319	4	24	14	93	0
3.184	1	5	319	5	24	14	93	0
3.186	1	5	319	7	24	14	93	0
3.188	1	5	319	9	24	14	93	0
3.19	1	5	320	1	24	14	93	0
3.192	1	5	320	3	24	14	93	0
3.194	1	5	320	5	24	14	93	0
3.196	1	5	320	7	24	14	93	0
3.198	1	5	320	9	24	14	93	0
3.199	1	5	320	10	24	14	93	0
3.201	1	5	321	2	24	14	93	0
3.203	1	5	321	4	24	14	93	0
3.205	1	5	321	6	24	14	93	0
3.207	1	5	321	8	24	14	93	0
3.209	1	5	321	10	24	14	93	0
3.211	1	5	322	2	24	14	93	0
3.213	1	5	322	4	24	14	93	0
3.214	1	5	322	5	24	14	93	0
3.216	1	5	322	7	24	14	93	0
3.218	1	5	322	9	24	14	93	0
3.22	1	5	323	1	24	14	93	0
3.222	1	5	323	3	24	14	93	0
3.224	1	5	323	5	24	14	93	0
3.226	1	5	323	7	24	14	93	0
3.228	1	5	323	9	24	14	93	0
3.229	1	5	323	10	24	14	93	0
3.231	1	5	324	2	24	14	93	0
3.233	1	5	324	4	24	14	93	0
3.235	1	5	324	6	24	14	93	0
3.237	1	5	324	8	24	14	93	0
3.239	1	5	324	10	24	14	93	0
3.241	1	5	325	2	24	14	93	0
3.243	1	5	325	4	24	14	93	0
3.244	1	5	325	5	24	14	93	0
3.246	1	5	325	7	24	14	93	0
3.248	1	5	325	9	24	14	93	0
3.25	1	5	326	1	24	14	93	0
3.252	1	5	326	3	24	14	93	0
3.254	1	5	326	5	24	14	93	0
3.256	1	5	326	7	24	14	93	0
3.258	1	5	326	9	24	14	93	0
3.259	1	5	326	10	24	14	93	0
3.261	1	5	327	2	24	14	93	0
3.263	1	5	327	4	24	14	93	0
3.265	1	5	327	6	24	14	93	0
3.267	1	5	327	8	24	14	93	0
3.269	1	5	327	10	24	14	93	0
3.271	1	5	328	2	24	14	93	0
3.273	1	5	328	4	24	14	93	0
3.274	1	5	328	5	24	14	93	0
3.276	1	5	328	7	24	14	93	0
3.278	1	5	328	9	24	14	93	0
3.28	1	5	329	1	24	14	93	0
3.282	1	5	329	3	24	14	93	0
3.284	1	5	329	5	24	14	93	0
3.286	1	5	329	7	24	14	93	0
3.288	1	5	329	9	24	14	93	0
3.289	1	5	329	10	24	14	93	0
3.291	1	5	330	2	24	14	93	0
3.293	1	5	330	4	24	14	93	0
3.295	1	5	330	6	24	14	93	0
3.297	1	5	330	8	24	14	93	0
3.299	1	5	330	10	24	14	93	0
3.301	1	5	331	2	24	14	93	0
3.303	1	5	331	4	24	14	93	0
3.304	1	5	331	5	24	14	93	0
3.306	1	5	331	7	24	14	93	0
3.308	1	5	331	9	24	14	93	0
3.31	1	5	332	1	24	14	93	0
3.312	1	5	332	3	24	14	93	0
3.314	1	5	332	5	24	14	93	0
3.316	1	5	332	7	24	14	93	0
3.318	1	5	332	9	24	14	93	0
3.319	1	5	332	10	24	14	93	0
3.321	1	5	333	2	24	14	93	0
3.323	1	5	333	4	24	14	93	0
3.325	1	5	333	6	24	14	93	0
3.327	1	5	333	8	24	14	93	0
3.329	1	5	333	10	24	14	93	0
3.331	1	5	334	2	24	14	93	0
3.333	1	5	334	4	24	14	93	0
3.334	1	5	334	5	24	14	93	0
3.336	1	5	334	7	24	14	93	0
3.338	1	5	334	9	24	14	93	0
3.34	1	5	335	1	24	14	93	0
3.342	1	5	335	3	24	14	93	0
3.344	1	5	335	5	24	14	93	0
3.346	1	5	335	7	24	14	93	0
3.348	1	5	335	9	24	14	93	0
3.349	1	5	335	10	24	14	93	0
3.351	1	5	336	2	24	14	93	0
3.353	1	5	336	4	24	14	93	0
3.355	1	5	336	6	24	14	93	0
3.357	1	5	336	8	24	14	93	0
3.359	1	5	336	10	24	14	93	0
3.361	1	5	337	2	24	14	93	0
3.363	1	5	337	4	24	14	93	0
3.364	1	5	337	5	24	14	93	0
3.366	1	5	337	7	24	14	93	0
3.368	1	5	337	9	24	14	93	0
3.37	1	5	338	1	24	14	93	0
3.372	1	5	338	3	24	14	93	0
3.374	1	5	338	5	24	14	93	0
3.376	1	5	338	7	24	14	93	0
3.378	1	5	338	9	24	14	93	0
3.379	1	5	338	10	24	14	93	0
3.381	1	5	339	2	24	14	93	0
3.383	1	5	339	4	24	14	93	0
3.385	1	5	339	6	24	14	93	0
3.387	1	5	339	8	24	14	93	0
3.389	1	5	339	10	24	14	93	0
3.391	1	5	340	2	24	14	93	0
3.393	1	5	340	4	24	14	93	0
3.394	1	5	340	5	24	14	93	0
3.396	1	5	340	7	24	14	93	0
3.398	1	5	340	9	24	14	93	0
3.4	1	5	341	1	24	14	93	0
3.402	1	5	341	3	24	14	93	0
3.404	1	5	341	5	24	14	93	0
3.406	1	5	341	7	24	14	93	0
3.408	1	5	341	9	24	14	93	0
3.409	1	5	341	10	24	14	93	0
3.411	1	5	342	2	24	14	93	0
3.413	1	5	342	4	24	14	93	0
3.415	1	5	342	6	24	14	93	0
3.417	1	5	342	8	24	14	93	0
3.419	1	5	342	10	24	14	93	0
3.421	1	5	343	2	24	14	93	0
3.423	1	5	343	4	24	14	93	0
3.424	1	5	343	5	24	14	93	0
3.426	1	5	343	7	24	14	93	0
3.428	1	5	343	9	24	14	93	0
3.43	1	5	344	1	24	14	93	0
3.432	1	5	344	3	24	14	93	0
3.434	1	5	344	5	24	14	93	0
3.436	1	5	344	7	24	14	93	0
3.438	1	5	344	9	24	14	93	0
3.439	1	5	344	10	24	14	93	0
3.441	1	5	345	2	24	14	93	0
3.443	1	5	345	4	24	14	93	0
3.445	1	5	345	6	24	14	93	0
3.447	1	5	345	8	24	14	93	0
3.449	1	5	345	10	24	14	93	0
3.451	1	5	346	2	24	14	93	0
3.453	1	5	346	4	24	14	93	0
3.454	1	5	346	5	24	14	93	0
3.456	1	5	346	7	24	14	93	0
3.458	1	5	346	9	24	14	93	0
3.46	1	5	347	1	24	14	93	0
3.462	1	5	347	3	24	14	93	0
3.464	1	5	347	5	24	14	93	0
3.466	1	5	347	7	24	14	93	0
3.468	1	5	347	9	24	14	93	0
3.469	1	5	347	10	24	14	93	0
3.471	1	5	348	2	24	14	93	0
3.473	1	5	348	4	24	14	93	0
3.475	1	5	348	6	24	14	93	0
3.477	1	5	348	8	24	14	93	0
3.479	1	5	348	10	24	14	93	0
3.481	1	5	349	2	24	14	93	0
3.483	1	5	349	4	24	14	93	0
3.484	1	5	349	5	24	14	93	0
3.486	1	5	349	7	24	14	93	0
3.488	1	5	349	9	24	14	93	0
3.49	1	5	350	1	24	14	93	0
3.492	1	5	350	3	24	14	93	0
3.494	1	5	350	5	24	14	93	0
3.496	1	5	350	7	24	14	93	0
3.498	1	5	350	9	24	14	93	0
3.499	1	5	350	10	24	14	93	0
3.501	1	5	351	2	24	14	93	0
3.503	1	5	351	4	24	14	93	0
3.505	1	5	351	6	24	14	93	0
3.507	1	5	351	8	24	14	93	0
3.509	1	5	351	10	24	14	93	0
3.511	1	5	352	2	24	14	93	0
3.513	1	5	352	4	24	14	93	0
3.514	1	5	352	5	24	14	93	0
3.516	1	5	352	7	24	14	93	0
3.518	1	5	352	9	24	14	93	0
3.52	1	5	353	1	24	14	93	0
3.522	1	5	353	3	24	14	93	0
3.524	1	5	353	5	24	14	93	0
3.526	1	5	353	7	24	14	93	0
3.528	1	5	353	9	24	14	93	0
3.529	1	5	353	10	24	14	93	0
3.531	1	5	354	2	24	14	93	0
3.533	1	5	354	4	24	14	93	0
3.535	1	5	354	6	24	14	93	0
3.537	1	5	354	8	24	14	93	0
3.539	1	5	354	10	24	14	93	0
3.541	1	5	355	2	24	14	93	0
3.543	1	5	355	4	24	14	93	0
3.544	1	5	355	5	24	14	93	0
3.546	1	5	355	7	24	14	93	0
3.548	1	5	355	9	24	14	93	0
3.55	1	5	356	1	24	14	93	0
3.552	1	5	356	3	24	14	93	0
3.554	1	5	356	5	24	14	93	0
3.556	1	5	356	7	24	14	93	0
3.558	1	5	356	9	24	14	93	0
3.559	1	5	356	10	24	14	93	0
3.561	1	5	357	2	24	14	93	0
3.563	1	5	357	4	24	14	93	0
3.565	1	5	357	6	24	14	93	0
3.567	1	5	357	8	24	14	93	0
3.569	1	5	357	10	24	14	93	0
3.571	1	5	358	2	24	14	93	0
3.573	1	5	358	4	24	14	93	0
3.574	1	5	358	5	24	14	93	0
3.576	1	5	358	7	24	14	93	0
3.578	1	5	358	9	24	14	93	0
3.58	1	5	359	1	24	14	93	0
3.582	1	5	359	3	24	14	93	0
3.584	1	5	359	5	24	14	93	0
3.586	1	5	359	7	24	14	93	0
3.588	1	5	359	9	24	14	93	0
3.589	1	5	359	10	24	14	93	0
3.591	1	5	360	2	24	14	93	0
3.593	1	5	360	4	24	14	93	0
3.595	1	5	360	6	24	14	93	0
3.597	1	5	360	8	24	14	93	0
3.599	1	5	360	10	24	14	93	0
3.601	1	5	361	2	24	14	93	0
3.603	1	5	361	4	24	14	93	0
3.604	1	5	361	5	24	14	93	0
3.606	1	5	361	7	24	14	93	0
3.608	1	5	361	9	24	14	93	0
3.61	1	5	362	1	24	14	93	0
3.612	1	5	362	3	24	14	93	0
3.614	1	5	362	5	24	14	93	0
3.616	1	5	362	7	24	14	93	0
3.618	1	5	362	9	24	14	93	0
3.619	1	5	362	10	24	14	93	0
3.621	1	5	363	2	24	14	93	0
3.623	1	5	363	4	24	14	93	0
3.625	1	5	363	6	24	14	93	0
3.627	1	5	363	8	24	14	93	0
3.629	1	5	363	10	24	14	93	0
3.631	1	5	364	2	24	14	93	0
3.633	1	5	364	4	24	14	93	0
3.634	1	5	364	5	24	14	93	0
3.636	1	5	364	7	24	14	93	0
3.638	1	5	364	9	24	14	93	0
3.64	1	5	365	1	24	14	93	0
3.642	1	5	365	3	24	14	93	0
3.644	1	5	365	5	24	14	93	0
3.646	1	5	365	7	24	14	93	0
3.648	1	5	365	9	24	14	93	0
3.649	1	5	365	10	24	14	93	0
3.651	1	5	366	2	24	14	93	0
3.653	1	5	366	4	24	14	93	0
3.655	1	5	366	6	24	14	93	0
3.657	1	5	366	8	24	14	93	0
3.659	1	5	366	10	24	14	93	0
3.661	1	5	367	2	24	14	93	0
3.663	1	5	367	4	24	14	93	0
3.664	1	5	367	5	24	14	93	0
3.666	1	5	367	7	24	14	93	0
3.668	1	5	367	9	24	14	93	0
3.67	1	5	368	1	24	14	93	0
3.672	1	5	368	3	24	14	93	0
3.674	1	5	368	5	24	14	93	0
3.676	1	5	368	7	24	14	93	0
3.678	1	5	368	9	24	14	93	0
3.679	1	5	368	10	24	14	93	0
3.681	1	5	369	2	24	14	93	0
3.683	1	5	369	4	24	14	93	0
3.685	1	5	369	6	24	14	93	0
3.687	1	5	369	8	24	14	93	0
3.689	1	5	369	10	24	14	93	0
3.691	1	5	370	2	24	14	93	0
3.693	1	5	370	4	24	14	93	0
3.694	1	5	370	5	24	14	93	0
3.696	1	5	370	7	24	14	93	0
3.698	1	5	370	9	24	14	93	0
3.7	1	5	371	1	24	14	93	0
3.702	1	5	371	3	24	14	93	0
3.704	1	5	371	5	24	14	93	0
3.706	1	5	371	7	24	14	93	0
3.708	1	5	371	9	24	14	93	0
3.709	1	5	371	10	24	14	93	0
3.711	1	5	372	2	24	14	93	0
3.713	1	5	372	4	24	14	93	0
3.715	1	5	372	6	24	14	93	0
3.717	1	5	372	8	24	14	93	0
3.719	1	5	372	10	24	14	93	0
3.721	1	5	373	2	24	14	93	0
3.723	1	5	373	4	24	14	93	0
3.724	1	5	373	5	24	14	93	0
3.726	1	5	373	7	24	14	93	0
3.728	1	5	373	9	24	14	93	0
3.73	1	5	374	1	24	14	93	0
3.732	1	5	374	3	24	14	93	0
3.734	1	5	374	5	24	14	93	0
3.736	1	5	374	7	24	14	93	0
3.738	1	5	374	9	24	14	93	0
3.739	1	5	374	10	24	14	93	0
3.741	1	5	375	2	24	14	93	0
3.743	1	5	375	4	24	14	93	0
3.745	1	5	375	6	24	14	93	0
3.747	1	5	375	8	24	14	93	0
3.749	1	5	375	10	24	14	93	0
3.751	1	5	376	2	24	14	93	0
3.753	1	5	376	4	24	14	93	0
3.754	1	5	376	5	24	14	93	0
3.756	1	5	376	7	24	14	93	0
3.758	1	5	376	9	24	14	93	0
3.76	1	5	377	1	24	14	93	0
3.762	1	5	377	3	24	14	93	0
3.764	1	5	377	5	24	14	93	0
3.766	1	5	377	7	24	14	93	0
3.768	1	5	377	9	24	14	93	0
3.769	1	5	377	10	24	14	93	0
3.771	1	5	378	2	24	14	93	0
3.773	1	5	378	4	24	14	93	0
3.775	1	5	378	6	24	14	93	0
3.777	1	5	378	8	24	14	93	0
3.779	1	5	378	10	24	14	93	0
3.781	1	5	379	2	24	14	93	0
3.783	1	5	379	4	24	14	93	0
3.784	1	5	379	5	24	14	93	0
3.786	1	5	379	7	24	14	93	0
3.788	1	5	379	9	24	14	93	0
3.79	1	5	380	1	24	14	93	0
3.792	1	5	380	3	24	14	93	0
3.794	1	5	380	5	24	14	93	0
3.796	1	5	380	7	24	14	93	0
3.798	1	5	380	9	24	14	93	0
3.799	1	5	380	10	24	14	93	0
3.801	1	5	381	2	24	14	93	0
3.803	1	5	381	4	24	14	93	0
3.805	1	5	381	6	24	14	93	0
3.807	1	5	381	8	24	14	93	0
3.809	1	5	381	10	24	14	93	0
3.811	1	5	382	2	24	14	93	0
3.813	1	5	382	4	24	14	93	0
3.814	1	5	382	5	24	14	93	0
3.816	1	5	382	7	24	14	93	0
3.818	1	5	382	9	24	14	93	0
3.82	1	5	383	1	24	14	93	0
3.822	1	5	383	3	24	14	93	0
3.824	1	5	383	5	24	14	93	0
3.826	1	5	383	7	24	14	93	0
3.828	1	5	383	9	24	14	93	0
3.829	1	5	383	10	24	14	93	0
3.831	1	5	384	2	24	14	93	0
3.833	1	5	384	4	24	14	93	0
3.835	1	5	384	6	24	14	93	0
3.837	1	5	384	8	24	14	93	0
3.839	1	5	384	10	24	14	93	0
3.841	1	5	385	2	24	14	93	0
3.843	1	5	385	4	24	14	93	0
3.844	1	5	385	5	24	14	93	0
3.846	1	5	385	7	24	14	93	0
3.848	1	5	385	9	24	14	93	0
3.85	1	5	386	1	24	14	93	0
3.852	1	5	386	3	24	14	93	0
3.854	1	5	386	5	24	14	93	0
3.856	1	5	386	7	24	14	93	0
3.858	1	5	386	9	24	14	93	0
3.859	1	5	386	10	24	14	93	0
3.861	1	5	387	2	24	14	93	0
3.863	1	5	387	4	24	14	93	0
3.865	1	5	387	6	24	14	93	0
3.867	1	5	387	8	24	14	93	0
3.869	1	5	387	10	24	14	93	0
3.871	1	5	388	2	24	14	93	0
3.873	1	5	388	4	24	14	93	0
3.874	1	5	388	5	24	14	93	0
3.876	1	5	388	7	24	14	93	0
3.878	1	5	388	9	24	14	93	0
3.88	1	5	389	1	24	14	93	0
3.882	1	5	389	3	24	14	93	0
3.884	1	5	389	5	24	14	93	0
3.886	1	5	389	7	24	14	93	0
3.888	1	5	389	9	24	14	93	0
3.889	1	5	389	10	24	14	93	0
3.891	1	5	390	2	24	14	93	0
3.893	1	5	390	4	24	14	93	0
3.895	1	5	390	6	24	14	93	0
3.897	1	5	390	8	24	14	93	0
3.899	1	5	390	10	24	14	93	0
3.901	1	5	391	2	24	14	93	0
3.903	1	5	391	4	24	14	93	0
3.904	1	5	391	5	24	14	93	0
3.906	1	5	391	7	24	14	93	0
3.908	1	5	391	9	24	14	93	0
3.91	1	5	392	1	24	14	93	0
3.912	1	5	392	3	24	14	93	0
3.914	1	5	392	5	24	14	93	0
3.916	1	5	392	7	24	14	93	0
3.918	1	5	392	9	24	14	93	0
3.919	1	5	392	10	24	14	93	0
3.921	1	5	393	2	24	14	93	0
3.923	1	5	393	4	24	14	93	0
3.925	1	5	393	6	24	14	93	0
3.927	1	5	393	8	24	14	93	0
3.929	1	5	393	10	24	14	93	0
3.931	1	5	394	2	24	14	93	0
3.933	1	5	394	4	24	14	93	0
3.934	1	5	394	5	24	14	93	0
3.936	1	5	394	7	24	14	93	0
3.938	1	5	394	9	24	14	93	0
3.94	1	5	395	1	24	14	93	0
3.942	1	5	395	3	24	14	93	0
3.944	1	5	395	5	24	14	93	0
3.946	1	5	395	7	24	14	93	0
3.948	1	5	395	9	24	14	93	0
3.949	1	5	395	10	24	14	93	0
3.951	1	5	396	2	24	14	93	0
3.953	1	5	396	4	24	14	93	0
3.955	1	5	396	6	24	14	93	0
3.957	1	5	396	8	24	14	93	0
3.959	1	5	396	10	24	14	93	0
3.961	1	5	397	2	24	14	93	0
3.963	1	5	397	4	24	14	93	0
3.964	1	5	397	5	24	14	93	0
3.966	1	5	397	7	24	14	93	0
3.968	1	5	397	9	24	14	93	0
3.97	1	5	398	1	24	14	93	0
3.972	1	5	398	3	24	14	93	0
3.974	1	5	398	5	24	14	93	0
3.976	1	5	398	7	24	14	93	0
3.978	1	5	398	9	24	14	93	0
3.979	1	5	398	10	24	14	93	0
3.981	1	5	399	2	24	14	93	0
3.983	1	5	399	4	24	14	93	0
3.985	1	5	399	6	24	14	93	0
3.987	1	5	399	8	24	14	93	0
3.989	1	5	399	10	24	14	93	0
3.991	1	5	400	2	24	14	93	0
3.993	1	5	400	4	24	14	93	0
3.994	1	5	400	5	24	14	93	0
3.996	1	5	400	7	24	14	93	0
3.998	1	5	400	9	24	14	93	0
4	1	5	401	1	24	14	93	0
4.002	1	5	401	3	24	14	93	0
4.004	1	5	401	5	24	14	93	0
4.006	1	5	401	7	24	14	93	0
4.008	1	5	401	9	24	14	93	0
4.009	1	5	401	10	24	14	93	0
4.011	1	5	402	2	24	14	93	0
4.013	1	5	402	4	24	14	93	0
4.015	1	5	402	6	24	14	93	0
4.017	1	5	402	8	24	14	93	0
4.019	1	5	402	10	24	14	93	0
4.021	1	5	403	2	24	14	93	0
4.023	1	5	403	4	24	14	93	0
4.024	1	5	403	5	24	14	93	0
4.026	1	5	403	7	24	14	93	0
4.028	1	5	403	9	24	14	93	0
4.03	1	5	404	1	24	14	93	0
4.032	1	5	404	3	24	14	93	0
4.034	1	5	404	5	24	14	93	0
4.036	1	5	404	7	24	14	93	0
4.038	1	5	404	9	24	14	93	0
4.039	1	5	404	10	24	14	93	0
4.041	1	5	405	2	24	14	93	0
4.043	1	5	405	4	24	14	93	0
4.045	1	5	405	6	24	14	93	0
4.047	1	5	405	8	24	14	93	0
4.049	1	5	405	10	24	14	93	0
4.051	1	5	406	2	24	14	93	0
4.053	1	5	406	4	24	14	93	0
4.054	1	5	406	5	24	14	93	0
4.056	1	5	406	7	24	14	93	0
4.058	1	5	406	9	24	14	93	0
4.06	1	5	407	1	24	14	93	0
4.062	1	5	407	3	24	14	93	0
4.064	1	5	407	5	24	14	93	0
4.066	1	5	407	7	24	14	93	0
4.068	1	5	407	9	24	14	93	0
4.069	1	5	407	10	24	14	93	0
4.071	1	5	408	2	24	14	93	0
4.073	1	5	408	4	24	14	93	0
4.075	1	5	408	6	24	14	93	0
4.077	1	5	408	8	24	14	93	0
4.079	1	5	408	10	24	14	93	0
4.081	1	5	409	2	24	14	93	0
4.083	1	5	409	4	24	14	93	0
4.084	1	5	409	5	24	14	93	0
4.086	1	5	409	7	24	14	93	0
4.088	1	5	409	9	24	14	93	0
4.09	1	5	410	1	24	14	93	0
4.092	1	5	410	3	24	14	93	0
4.094	1	5	410	5	24	14	93	0
4.096	1	5	410	7	24	14	93	0
4.098	1	5	410	9	24	14	93	0
4.099	1	5	410	10	24	14	93	0
4.101	1	5	411	2	24	14	93	0
4.103	1	5	411	4	24	14	93	0
4.105	1	5	411	6	24	14	93	0
4.107	1	5	411	8	24	14	93	0
4.109	1	5	411	10	24	14	93	0
4.111	1	5	412	2	24	14	93	0
4.113	1	5	412	4	24	14	93	0
4.114	1	5	412	5	24	14	93	0
4.116	1	5	412	7	24	14	93	0
4.118	1	5	412	9	24	14	93	0
4.12	1	5	413	1	24	14	93	0
4.122	1	5	413	3	24	14	93	0
4.124	1	5	413	5	24	14	93	0
4.126	1	5	413	7	24	14	93	0
4.128	1	5	413	9	24	14	93	0
4.129	1	5	413	10	24	14	93	0
4.131	1	5	414	2	24	14	93	0
4.133	1	5	414	4	24	14	93	0
4.135	1	5	414	6	24	14	93	0
4.137	1	5	414	8	24	14	93	0
4.139	1	5	414	10	24	14	93	0
4.141	1	5	415	2	24	14	93	0
4.143	1	5	415	4	24	14	93	0
4.144	1	5	415	5	24	14	93	0
4.146	1	5	415	7	24	14	93	0
4.148	1	5	415	9	24	14	93	0
4.15	1	5	416	1	24	14	93	0
4.152	1	5	416	3	24	14	93	0
4.154	1	5	416	5	24	14	93	0
4.156	1	5	416	7	24	14	93	0
4.158	1	5	416	9	24	14	93	0
4.159	1	5	416	10	24	14	93	0
4.161	1	5	417	2	24	14	93	0
4.163	1	5	417	4	24	14	93	0
4.165	1	5	417	6	24	14	93	0
4.167	1	5	417	8	24	14	93	0
4.169	1	5	417	10	24	14	93	0
4.171	1	5	418	2	24	14	93	0
4.173	1	5	418	4	24	14	93	0
4.174	1	5	418	5	24	14	93	0
4.176	1	5	418	7	24	14	93	0
4.178	1	5	418	9	24	14	93	0
4.18	1	5	419	1	24	14	93	0
4.182	1	5	419	3	24	14	93	0
4.184	1	5	419	5	24	14	93	0
4.186	1	5	419	7	24	14	93	0
4.188	1	5	419	9	24	14	93	0
4.189	1	5	419	10	24	14	93	0
4.191	1	5	420	2	24	14	93	0
4.193	1	5	420	4	24	14	93	0
4.195	1	5	420	6	24	14	93	0
4.197	1	5	420	8	24	14	93	0
4.199	1	5	420	10	24	14	93	0
4.201	1	5	421	2	24	14	93	0
4.203	1	5	421	4	24	14	93	0
4.204	1	5	421	5	24	14	93	0
4.206	1	5	421	7	24	14	93	0
4.208	1	5	421	9	24	14	93	0
4.21	1	5	422	1	24	14	93	0
4.212	1	5	422	3	24	14	93	0
4.214	1	5	422	5	24	14	93	0
4.216	1	5	422	7	24	14	93	0
4.218	1	5	422	9	24	14	93	0
4.219	1	5	422	10	24	14	93	0
4.221	1	5	423	2	24	14	93	0
4.223	1	5	423	4	24	14	93	0
4.225	1	5	423	6	24	14	93	0
4.227	1	5	423	8	24	14	93	0
4.229	1	5	423	10	24	14	93	0
4.231	1	5	424	2	24	14	93	0
4.233	1	5	424	4	24	14	93	0
4.234	1	5	424	5	24	14	93	0
4.236	1	5	424	7	24	14	93	0
4.238	1	5	424	9	24	14	93	0
4.24	1	5	425	1	24	14	93	0
4.242	1	5	425	3	24	14	93	0
4.244	1	5	425	5	24	14	93	0
4.246	1	5	425	7	24	14	93	0
4.248	1	5	425	9	24	14	93	0
4.249	1	5	425	10	24	14	93	0
4.251	1	5	426	2	24	14	93	0
4.253	1	5	426	4	24	14	93	0
4.255	1	5	426	6	24	14	93	0
4.257	1	5	426	8	24	14	93	0
4.259	1	5	426	10	24	14	93	0
4.261	1	5	427	2	24	14	93	0
4.263	1	5	427	4	24	14	93	0
4.264	1	5	427	5	24	14	93	0
4.266	1	5	427	7	24	14	93	0
4.268	1	5	427	9	24	14	93	0
4.27	1	5	428	1	24	14	93	0
4.272	1	5	428	3	24	14	93	0
4.274	1	5	428	5	24	14	93	0
4.276	1	5	428	7	24	14	93	0
4.278	1	5	428	9	24	14	93	0
4.279	1	5	428	10	24	14	93	0
4.281	1	5	429	2	24	14	93	0
4.283	1	5	429	4	24	14	93	0
4.285	1	5	429	6	24	14	93	0
4.287	1	5	429	8	24	14	93	0
4.289	1	5	429	10	24	14	93	0
4.291	1	5	430	2	24	14	93	0
4.293	1	5	430	4	24	14	93	0
4.294	1	5	430	5	24	14	93	0
4.296	1	5	430	7	24	14	93	0
4.298	1	5	430	9	24	14	93	0
4.3	1	5	431	1	24	14	93	0
4.302	1	5	431	3	24	14	93	0
4.304	1	5	431	5	24	14	93	0
4.306	1	5	431	7	24	14	93	0
4.308	1	5	431	9	24	14	93	0
4.309	1	5	431	10	24	14	93	0
4.311	1	5	432	2	24	14	93	0
4.313	1	5	432	4	24	14	93	0
4.315	1	5	432	6	24	14	93	0
4.317	1	5	432	8	24	14	93	0
4.319	1	5	432	10	24	14	93	0
4.321	1	5	433	2	24	14	93	0
4.323	1	5	433	4	24	14	93	0
4.324	1	5	433	5	24	14	93	0
4.326	1	5	433	7	24	14	93	0
4.328	1	5	433	9	24	14	93	0
4.33	1	5	434	1	24	14	93	0
4.332	1	5	434	3	24	14	93	0
4.334	1	5	434	5	24	14	93	0
4.336	1	5	434	7	24	14	93	0
4.338	1	5	434	9	24	14	93	0
4.339	1	5	434	10	24	14	93	0
4.341	1	5	435	2	24	14	93	0
4.343	1	5	435	4	24	14	93	0
4.345	1	5	435	6	24	14	93	0
4.347	1	5	435	8	24	14	93	0
4.349	1	5	435	10	24	14	93	0
4.351	1	5	436	2	24	14	93	0
4.353	1	5	436	4	24	14	93	0
4.354	1	5	436	5	24	14	93	0
4.356	1	5	436	7	24	14	93	0
4.358	1	5	436	9	24	14	93	0
4.36	1	5	437	1	24	14	93	0
4.362	1	5	437	3	24	14	93	0
4.364	1	5	437	5	24	14	93	0
4.366	1	5	437	7	24	14	93	0
4.368	1	5	437	9	24	14	93	0
4.369	1	5	437	10	24	14	93	0
4.371	1	5	438	2	24	14	93	0
4.373	1	5	438	4	24	14	93	0
4.375	1	5	438	6	24	14	93	0
4.377	1	5	438	8	24	14	93	0
4.379	1	5	438	10	24	14	93	0
4.381	1	5	439	2	24	14	93	0
4.383	1	5	439	4	24	14	93	0
4.384	1	5	439	5	24	14	93	0
4.386	1	5	439	7	24	14	93	0
4.388	1	5	439	9	24	14	93	0
4.39	1	5	440	1	24	14	93	0
4.392	1	5	440	3	24	14	93	0
4.394	1	5	440	5	24	14	93	0
4.396	1	5	440	7	24	14	93	0
4.398	1	5	440	9	24	14	93	0
4.399	1	5	440	10	24	14	93	0
4.401	1	5	441	2	24	14	93	0
4.403	1	5	441	4	24	14	93	0
4.405	1	5	441	6	24	14	93	0
4.407	1	5	441	8	24	14	93	0
4.409	1	5	441	10	24	14	93	0
4.411	1	5	442	2	24	14	93	0
4.413	1	5	442	4	24	14	93	0
4.414	1	5	442	5	24	14	93	0
4.416	1	5	442	7	24	14	93	0
4.418	1	5	442	9	24	14	93	0
4.42	1	5	443	1	24	14	93	0
4.422	1	5	443	3	24	14	93	0
4.424	1	5	443	5	24	14	93	0
4.426	1	5	443	7	24	14	93	0
4.428	1	5	443	9	24	14	93	0
4.429	1	5	443	10	24	14	93	0
4.431	1	5	444	2	24	14	93	0
4.433	1	5	444	4	24	14	93	0
4.435	1	5	444	6	24	14	93	0
4.437	1	5	444	8	24	14	93	0
4.439	1	5	444	10	24	14	93	0
4.441	1	5	445	2	24	14	93	0
4.443	1	5	445	4	24	14	93	0
4.444	1	5	445	5	24	14	93	0
4.446	1	5	445	7	24	14	93	0
4.448	1	5	445	9	24	14	93	0
4.45	1	5	446	1	24	14	93	0
4.452	1	5	446	3	24	14	93	0
4.454	1	5	446	5	24	14	93	0
4.456	1	5	446	7	24	14	93	0
4.458	1	5	446	9	24	14	93	0
4.459	1	5	446	10	24	14	93	0
4.461	1	5	447	2	24	14	93	0
4.463	1	5	447	4	24	14	93	0
4.465	1	5	447	6	24	14	93	0
4.467	1	5	447	8	24	14	93	0
4.469	1	5	447	10	24	14	93	0
4.471	1	5	448	2	24	14	93	0
4.473	1	5	448	4	24	14	93	0
4.474	1	5	448	5	24	14	93	0
4.476	1	5	448	7	24	14	93	0
4.478	1	5	448	9	24	14	93	0
4.48	1	5	449	1	24	14	93	0
4.482	1	5	449	3	24	14	93	0
4.484	1	5	449	5	24	14	93	0
4.486	1	5	449	7	24	14	93	0
4.488	1	5	449	9	24	14	93	0
4.489	1	5	449	10	24	14	93	0
4.491	1	5	450	2	24	14	93	0
4.493	1	5	450	4	24	14	93	0
4.495	1	5	450	6	24	14	93	0
4.497	1	5	450	8	24	14	93	0
4.499	1	5	450	10	24	14	93	0
4.501	1	5	451	2	24	14	93	0
4.503	1	5	451	4	24	14	93	0
4.504	1	5	451	5	24	14	93	0
4.506	1	5	451	7	24	14	93	0
4.508	1	5	451	9	24	14	93	0
4.51	1	5	452	1	24	14	93	0
4.512	1	5	452	3	24	14	93	0
4.514	1	5	452	5	24	14	93	0
4.516	1	5	452	7	24	14	93	0
4.518	1	5	452	9	24	14	93	0
4.519	1	5	452	10	24	14	93	0
4.521	1	5	453	2	24	14	93	0
4.523	1	5	453	4	24	14	93	0
4.525	1	5	453	6	24	14	93	0
4.527	1	5	453	8	24	14	93	0
4.529	1	5	453	10	24	14	93	0
4.531	1	5	454	2	24	14	93	0
4.533	1	5	454	4	24	14	93	0
4.534	1	5	454	5	24	14	93	0
4.536	1	5	454	7	24	14	93	0
4.538	1	5	454	9	24	14	93	0
4.54	1	5	455	1	24	14	93	0
4.542	1	5	455	3	24	14	93	0
4.544	1	5	455	5	24	14	93	0
4.546	1	5	455	7	24	14	93	0
4.548	1	5	455	9	24	14	93	0
4.549	1	5	455	10	24	14	93	0
4.551	1	5	456	2	24	14	93	0
4.553	1	5	456	4	24	14	93	0
4.555	1	5	456	6	24	14	93	0
4.557	1	5	456	8	24	14	93	0
4.559	1	5	456	10	24	14	93	0
4.561	1	5	457	2	24	14	93	0
4.563	1	5	457	4	24	14	93	0
4.564	1	5	457	5	24	14	93	0
4.566	1	5	457	7	24	14	93	0
4.568	1	5	457	9	24	14	93	0
4.57	1	5	458	1	24	14	93	0
4.572	1	5	458	3	24	14	93	0
4.574	1	5	458	5	24	14	93	0
4.576	1	5	458	7	24	14	93	0
4.578	1	5	458	9	24	14	93	0
4.579	1	5	458	10	24	14	93	0
4.581	1	5	459	2	24	14	93	0
4.583	1	5	459	4	24	14	93	0
4.585	1	5	459	6	24	14	93	0
4.587	1	5	459	8	24	14	93	0
4.589	1	5	459	10	24	14	93	0
4.591	1	5	460	2	24	14	93	0
4.593	1	5	460	4	24	14	93	0
4.594	1	5	460	5	24	14	93	0
4.596	1	5	460	7	24	14	93	0
4.598	1	5	460	9	24	14	93	0
4.6	1	5	461	1	24	14	93	0
4.602	1	5	461	3	24	14	93	0
4.604	1	5	461	5	24	14	93	0
4.606	1	5	461	7	24	14	93	0
4.608	1	5	461	9	24	14	93	0
4.609	1	5	461	10	24	14	93	0
4.611	1	5	462	2	24	14	93	0
4.613	1	5	462	4	24	14	93	0
4.615	1	5	462	6	24	14	93	0
4.617	1	5	462	8	24	14	93	0
4.619	1	5	462	10	24	14	93	0
4.621	1	5	463	2	24	14	93	0
4.623	1	5	463	4	24	14	93	0
4.624	1	5	463	5	24	14	93	0
4.626	1	5	463	7	24	14	93	0
4.628	1	5	463	9	24	14	93	0
4.63	1	5	464	1	24	14	93	0
4.632	1	5	464	3	24	14	93	0
4.634	1	5	464	5	24	14	93	0
4.636	1	5	464	7	24	14	93	0
4.638	1	5	464	9	24	14	93	0
4.639	1	5	464	10	24	14	93	0
4.641	1	5	465	2	24	14	93	0
4.643	1	5	465	4	24	14	93	0
4.645	1	5	465	6	24	14	93	0
4.647	1	5	465	8	24	14	93	0
4.649	1	5	465	10	24	14	93	0
4.651	1	5	466	2	24	14	93	0
4.653	1	5	466	4	24	14	93	0
4.654	1	5	466	5	24	14	93	0
4.656	1	5	466	7	24	14	93	0
4.658	1	5	466	9	24	14	93	0
4.66	1	5	467	1	24	14	93	0
4.662	1	5	467	3	24	14	93	0
4.664	1	5	467	5	24	14	93	0
4.666	1	5	467	7	24	14	93	0
4.668	1	5	467	9	24	14	93	0
4.669	1	5	467	10	24	14	93	0
4.671	1	5	468	2	24	14	93	0
4.673	1	5	468	4	24	14	93	0
4.675	1	5	468	6	24	14	93	0
4.677	1	5	468	8	24	14	93	0
4.679	1	5	468	10	24	14	93	0
4.681	1	5	469	2	24	14	93	0
4.683	1	5	469	4	24	14	93	0
4.684	1	5	469	5	24	14	93	0
4.686	1	5	469	7	24	14	93	0
4.688	1	5	469	9	24	14	93	0
4.69	1	5	470	1	24	14	93	0
4.692	1	5	470	3	24	14	93	0
4.694	1	5	470	5	24	14	93	0
4.696	1	5	470	7	24	14	93	0
4.698	1	5	470	9	24	14	93	0
4.699	1	5	470	10	24	14	93	0
4.701	1	5	471	2	24	14	93	0
4.703	1	5	471	4	24	14	93	0
4.705	1	5	471	6	24	14	93	0
4.707	1	5	471	8	24	14	93	0
4.709	1	5	471	10	24	14	93	0
4.711	1	5	472	2	24	14	93	0
4.713	1	5	472	4	24	14	93	0
4.714	1	5	472	5	24	14	93	0
4.716	1	5	472	7	24	14	93	0
4.718	1	5	472	9	24	14	93	0
4.72	1	5	473	1	24	14	93	0
4.722	1	5	473	3	24	14	93	0
4.724	1	5	473	5	24	14	93	0
4.726	1	5	473	7	24	14	93	0
4.728	1	5	473	9	24	14	93	0
4.729	1	5	473	10	24	14	93	0
4.731	1	5	474	2	24	14	93	0
4.733	1	5	474	4	24	14	93	0
4.735	1	5	474	6	24	14	93	0
4.737	1	5	474	8	24	14	93	0
4.739	1	5	474	10	24	14	93	0
4.741	1	5	475	2	24	14	93	0
4.743	1	5	475	4	24	14	93	0
4.744	1	5	475	5	24	14	93	0
4.746	1	5	475	7	24	14	93	0
4.748	1	5	475	9	24	14	93	0
4.75	1	5	476	1	24	14	93	0
4.752	1	5	476	3	24	14	93	0
4.754	1	5	476	5	24	14	93	0
4.756	1	5	476	7	24	14	93	0
4.758	1	5	476	9	24	14	93	0
4.759	1	5	476	10	24	14	93	0
4.761	1	5	477	2	24	14	93	0
4.763	1	5	477	4	24	14	93	0
4.765	1	5	477	6	24	14	93	0
4.767	1	5	477	8	24	14	93	0
4.769	1	5	477	10	24	14	93	0
4.771	1	5	478	2	24	14	93	0
4.773	1	5	478	4	24	14	93	0
4.774	1	5	478	5	24	14	93	0
4.776	1	5	478	7	24	14	93	0
4.778	1	5	478	9	24	14	93	0
4.78	1	5	479	1	24	14	93	0
4.782	1	5	479	3	24	14	93	0
4.784	1	5	479	5	24	14	93	0
4.786	1	5	479	7	24	14	93	0
4.788	1	5	479	9	24	14	93	0
4.789	1	5	479	10	24	14	93	0
4.791	1	5	480	2	24	14	93	0
4.793	1	5	480	4	24	14	93	0
4.795	1	5	480	6	24	14	93	0
4.797	1	5	480	8	24	14	93	0
4.799	1	5	480	10	24	14	93	0
4.801	1	5	481	2	24	14	93	0
4.803	1	5	481	4	24	14	93	0
4.804	1	5	481	5	24	14	93	0
4.806	1	5	481	7	24	14	93	0
4.808	1	5	481	9	24	14	93	0
4.81	1	5	482	1	24	14	93	0
4.812	1	5	482	3	24	14	93	0
4.814	1	5	482	5	24	14	93	0
4.816	1	5	482	7	24	14	93	0
4.818	1	5	482	9	24	14	93	0
4.819	1	5	482	10	24	14	93	0
4.821	1	5	483	2	24	14	93	0
4.823	1	5	483	4	24	14	93	0
4.825	1	5	483	6	24	14	93	0
4.827	1	5	483	8	24	14	93	0
4.829	1	5	483	10	24	14	93	0
4.831	1	5	484	2	24	14	93	0
4.833	1	5	484	4	24	14	93	0
4.834	1	5	484	5	24	14	93	0
4.836	1	5	484	7	24	14	93	0
4.838	1	5	484	9	24	14	93	0
4.84	1	5	485	1	24	14	93	0
4.842	1	5	485	3	24	14	93	0
4.844	1	5	485	5	24	14	93	0
4.846	1	5	485	7	24	14	93	0
4.848	1	5	485	9	24	14	93	0
4.849	1	5	485	10	24	14	93	0
4.851	1	5	486	2	24	14	93	0
4.853	1	5	486	4	24	14	93	0
4.855	1	5	486	6	24	14	93	0
4.857	1	5	486	8	24	14	93	0
4.859	1	5	486	10	24	14	93	0
4.861	1	5	487	2	24	14	93	0
4.863	1	5	487	4	24	14	93	0
4.864	1	5	487	5	24	14	93	0
4.866	1	5	487	7	24	14	93	0
4.868	1	5	487	9	24	14	93	0
4.87	1	5	488	1	24	14	93	0
4.872	1	5	488	3	24	14	93	0
4.874	1	5	488	5	24	14	93	0
4.876	1	5	488	7	24	14	93	0
4.878	1	5	488	9	24	14	93	0
4.879	1	5	488	10	24	14	93	0
4.881	1	5	489	2	24	14	93	0
4.883	1	5	489	4	24	14	93	0
4.885	1	5	489	6	24	14	93	0
4.887	1	5	489	8	24	14	93	0
4.889	1	5	489	10	24	14	93	0
4.891	1	5	490	2	24	14	93	0
4.893	1	5	490	4	24	14	93	0
4.894	1	5	490	5	24	14	93	0
4.896	1	5	490	7	24	14	93	0
4.898	1	5	490	9	24	14	93	0
4.9	1	5	491	1	24	14	93	0
4.902	1	5	491	3	24	14	93	0
4.904	1	5	491	5	24	14	93	0
4.906	1	5	491	7	24	14	93	0
4.908	1	5	491	9	24	14	93	0
4.909	1	5	491	10	24	14	93	0
4.911	1	5	492	2	24	14	93	0
4.913	1	5	492	4	24	14	93	0
4.915	1	5	492	6	24	14	93	0
4.917	1	5	492	8	24	14	93	0
4.919	1	5	492	10	24	14	93	0
4.921	1	5	493	2	24	14	93	0
4.923	1	5	493	4	24	14	93	0
4.924	1	5	493	5	24	14	93	0
4.926	1	5	493	7	24	14	93	0
4.928	1	5	493	9	24	14	93	0
4.93	1	5	494	1	24	14	93	0
4.932	1	5	494	3	24	14	93	0
4.934	1	5	494	5	24	14	93	0
4.936	1	5	494	7	24	14	93	0
4.938	1	5	494	9	24	14	93	0
4.939	1	5	494	10	24	14	93	0
4.941	1	5	495	2	24	14	93	0
4.943	1	5	495	4	24	14	93	0
4.945	1	5	495	6	24	14	93	0
4.947	1	5	495	8	24	14	93	0
4.949	1	5	495	10	24	14	93	0
4.951	1	5	496	2	24	14	93	0
4.953	1	5	496	4	24	14	93	0
4.954	1	5	496	5	24	14	93	0
4.956	1	5	496	7	24	14	93	0
4.958	1	5	496	9	24	14	93	0
4.96	1	5	497	1	24	14	93	0
4.962	1	5	497	3	24	14	93	0
4.964	1	5	497	5	24	14	93	0
4.966	1	5	497	7	24	14	93	0
4.968	1	5	497	9	24	14	93	0
4.969	1	5	497	10	24	14	93	0
4.971	1	5	498	2	24	14	93	0
4.973	1	5	498	4	24	14	93	0
4.975	1	5	498	6	24	14	93	0
4.977	1	5	498	8	24	14	93	0
4.979	1	5	498	10	24	14	93	0
4.981	1	5	499	2	24	14	93	0
4.983	1	5	499	4	24	14	93	0
4.984	1	5	499	5	24	14	93	0
4.986	1	5	499	7	24	14	93	0
4.988	1	5	499	9	24	14	93	0
4.99	1	5	500	1	24	14	93	0
4.992	1	5	500	3	24	14	93	0
4.994	1	5	500	5	24	14	93	0
4.996	1	5	500	7	24	14	93	0
4.998	1	5	500	9	24	14	93	0
4.999	1	5	500	10	24	14	93	0
