% time	cellId	IMSI	frame	sframe	RNTI	mcs	size	ccId
0.031	1	10	4	2	14	0	7	0
0.032	1	10	4	3	14	0	7	0
0.033	1	10	4	4	14	0	7	0
0.034	1	10	4	5	14	0	7	0
0.036	1	10	4	7	14	0	7	0
0.037	1	10	4	8	14	0	7	0
0.039	1	10	4	10	14	0	7	0
0.04	1	10	5	1	14	0	7	0
0.042	1	10	5	3	14	0	7	0
0.043	1	10	5	4	14	0	7	0
0.045	1	10	5	6	14	0	7	0
0.047	1	10	5	8	14	0	7	0
0.049	1	10	5	10	14	0	7	0
0.051	1	10	6	2	14	0	7	0
0.052	1	10	6	3	14	0	7	0
0.054	1	10	6	5	14	10	63	0
0.056	1	10	6	7	14	10	63	0
0.058	1	10	6	9	14	10	63	0
0.06	1	10	7	1	14	10	63	0
0.062	1	10	7	3	14	10	63	0
0.064	1	10	7	5	14	10	63	0
0.066	1	10	7	7	14	10	63	0
0.067	1	10	7	8	14	10	63	0
0.069	1	10	7	10	14	10	63	0
0.071	1	10	8	2	14	10	63	0
0.073	1	10	8	4	14	10	63	0
0.075	1	10	8	6	14	10	63	0
0.077	1	10	8	8	14	10	63	0
0.079	1	10	8	10	14	10	63	0
0.081	1	10	9	2	14	10	63	0
0.082	1	10	9	3	14	10	63	0
0.084	1	10	9	5	14	10	63	0
0.086	1	10	9	7	14	10	63	0
0.088	1	10	9	9	14	10	63	0
0.09	1	10	10	1	14	10	63	0
0.092	1	10	10	3	14	10	63	0
0.094	1	10	10	5	14	10	63	0
0.096	1	10	10	7	14	10	63	0
0.097	1	10	10	8	14	10	63	0
0.099	1	10	10	10	14	10	63	0
0.101	1	10	11	2	14	10	63	0
0.103	1	10	11	4	14	10	63	0
0.105	1	10	11	6	14	10	63	0
0.107	1	10	11	8	14	10	63	0
0.109	1	10	11	10	14	10	63	0
0.111	1	10	12	2	14	10	63	0
0.112	1	10	12	3	14	10	63	0
0.114	1	10	12	5	14	10	63	0
0.116	1	10	12	7	14	10	63	0
0.118	1	10	12	9	14	10	63	0
0.12	1	10	13	1	14	10	63	0
0.122	1	10	13	3	14	10	63	0
0.124	1	10	13	5	14	10	63	0
0.126	1	10	13	7	14	10	63	0
0.127	1	10	13	8	14	10	63	0
0.129	1	10	13	10	14	10	63	0
0.131	1	10	14	2	14	10	63	0
0.133	1	10	14	4	14	10	63	0
0.135	1	10	14	6	14	10	63	0
0.137	1	10	14	8	14	10	63	0
0.139	1	10	14	10	14	10	63	0
0.141	1	10	15	2	14	10	63	0
0.142	1	10	15	3	14	10	63	0
0.144	1	10	15	5	14	10	63	0
0.146	1	10	15	7	14	10	63	0
0.148	1	10	15	9	14	10	63	0
0.15	1	10	16	1	14	10	63	0
0.152	1	10	16	3	14	10	63	0
0.154	1	10	16	5	14	10	63	0
0.156	1	10	16	7	14	10	63	0
0.157	1	10	16	8	14	10	63	0
0.159	1	10	16	10	14	10	63	0
0.161	1	10	17	2	14	10	63	0
0.163	1	10	17	4	14	10	63	0
0.165	1	10	17	6	14	10	63	0
0.167	1	10	17	8	14	10	63	0
0.169	1	10	17	10	14	10	63	0
0.171	1	10	18	2	14	10	63	0
0.172	1	10	18	3	14	10	63	0
0.174	1	10	18	5	14	10	63	0
0.176	1	10	18	7	14	10	63	0
0.178	1	10	18	9	14	10	63	0
0.18	1	10	19	1	14	10	63	0
0.182	1	10	19	3	14	10	63	0
0.184	1	10	19	5	14	10	63	0
0.186	1	10	19	7	14	10	63	0
0.187	1	10	19	8	14	10	63	0
0.189	1	10	19	10	14	10	63	0
0.191	1	10	20	2	14	10	63	0
0.193	1	10	20	4	14	10	63	0
0.195	1	10	20	6	14	10	63	0
0.197	1	10	20	8	14	10	63	0
0.199	1	10	20	10	14	10	63	0
0.201	1	10	21	2	14	10	63	0
0.202	1	10	21	3	14	10	63	0
0.204	1	10	21	5	14	10	63	0
0.206	1	10	21	7	14	10	63	0
0.208	1	10	21	9	14	10	63	0
0.21	1	10	22	1	14	10	63	0
0.212	1	10	22	3	14	10	63	0
0.214	1	10	22	5	14	10	63	0
0.216	1	10	22	7	14	10	63	0
0.217	1	10	22	8	14	10	63	0
0.219	1	10	22	10	14	10	63	0
0.221	1	10	23	2	14	10	63	0
0.223	1	10	23	4	14	10	63	0
0.225	1	10	23	6	14	10	63	0
0.227	1	10	23	8	14	10	63	0
0.229	1	10	23	10	14	10	63	0
0.231	1	10	24	2	14	10	63	0
0.232	1	10	24	3	14	10	63	0
0.234	1	10	24	5	14	10	63	0
0.236	1	10	24	7	14	10	63	0
0.238	1	10	24	9	14	10	63	0
0.24	1	10	25	1	14	10	63	0
0.242	1	10	25	3	14	10	63	0
0.244	1	10	25	5	14	10	63	0
0.246	1	10	25	7	14	10	63	0
0.247	1	10	25	8	14	10	63	0
0.249	1	10	25	10	14	10	63	0
0.251	1	10	26	2	14	10	63	0
0.253	1	10	26	4	14	10	63	0
0.255	1	10	26	6	14	10	63	0
0.257	1	10	26	8	14	10	63	0
0.259	1	10	26	10	14	10	63	0
0.261	1	10	27	2	14	10	63	0
0.262	1	10	27	3	14	10	63	0
0.264	1	10	27	5	14	10	63	0
0.266	1	10	27	7	14	10	63	0
0.268	1	10	27	9	14	10	63	0
0.27	1	10	28	1	14	10	63	0
0.272	1	10	28	3	14	10	63	0
0.274	1	10	28	5	14	10	63	0
0.276	1	10	28	7	14	10	63	0
0.277	1	10	28	8	14	10	63	0
0.279	1	10	28	10	14	10	63	0
0.281	1	10	29	2	14	10	63	0
0.283	1	10	29	4	14	10	63	0
0.285	1	10	29	6	14	10	63	0
0.287	1	10	29	8	14	10	63	0
0.289	1	10	29	10	14	10	63	0
0.291	1	10	30	2	14	10	63	0
0.292	1	10	30	3	14	10	63	0
0.294	1	10	30	5	14	10	63	0
0.296	1	10	30	7	14	10	63	0
0.298	1	10	30	9	14	10	63	0
0.3	1	10	31	1	14	10	63	0
0.302	1	10	31	3	14	10	63	0
0.304	1	10	31	5	14	10	63	0
0.306	1	10	31	7	14	10	63	0
0.307	1	10	31	8	14	10	63	0
0.309	1	10	31	10	14	10	63	0
0.311	1	10	32	2	14	10	63	0
0.313	1	10	32	4	14	10	63	0
0.315	1	10	32	6	14	10	63	0
0.317	1	10	32	8	14	10	63	0
0.319	1	10	32	10	14	10	63	0
0.321	1	10	33	2	14	10	63	0
0.322	1	10	33	3	14	10	63	0
0.324	1	10	33	5	14	10	63	0
0.326	1	10	33	7	14	10	63	0
0.328	1	10	33	9	14	10	63	0
0.33	1	10	34	1	14	10	63	0
0.332	1	10	34	3	14	10	63	0
0.334	1	10	34	5	14	10	63	0
0.336	1	10	34	7	14	10	63	0
0.337	1	10	34	8	14	10	63	0
0.339	1	10	34	10	14	10	63	0
0.341	1	10	35	2	14	10	63	0
0.343	1	10	35	4	14	10	63	0
0.345	1	10	35	6	14	10	63	0
0.347	1	10	35	8	14	10	63	0
0.349	1	10	35	10	14	10	63	0
0.351	1	10	36	2	14	10	63	0
0.352	1	10	36	3	14	10	63	0
0.354	1	10	36	5	14	10	63	0
0.356	1	10	36	7	14	10	63	0
0.358	1	10	36	9	14	10	63	0
0.36	1	10	37	1	14	10	63	0
0.362	1	10	37	3	14	10	63	0
0.364	1	10	37	5	14	10	63	0
0.366	1	10	37	7	14	10	63	0
0.367	1	10	37	8	14	10	63	0
0.369	1	10	37	10	14	10	63	0
0.371	1	10	38	2	14	10	63	0
0.373	1	10	38	4	14	10	63	0
0.375	1	10	38	6	14	10	63	0
0.377	1	10	38	8	14	10	63	0
0.379	1	10	38	10	14	10	63	0
0.381	1	10	39	2	14	10	63	0
0.382	1	10	39	3	14	10	63	0
0.384	1	10	39	5	14	10	63	0
0.386	1	10	39	7	14	10	63	0
0.388	1	10	39	9	14	10	63	0
0.39	1	10	40	1	14	10	63	0
0.392	1	10	40	3	14	10	63	0
0.394	1	10	40	5	14	10	63	0
0.396	1	10	40	7	14	10	63	0
0.397	1	10	40	8	14	10	63	0
0.399	1	10	40	10	14	10	63	0
0.401	1	10	41	2	14	10	63	0
0.403	1	10	41	4	14	10	63	0
0.405	1	10	41	6	14	10	63	0
0.407	1	10	41	8	14	10	63	0
0.409	1	10	41	10	14	10	63	0
0.411	1	10	42	2	14	10	63	0
0.412	1	10	42	3	14	10	63	0
0.414	1	10	42	5	14	10	63	0
0.416	1	10	42	7	14	10	63	0
0.418	1	10	42	9	14	10	63	0
0.42	1	10	43	1	14	10	63	0
0.422	1	10	43	3	14	10	63	0
0.424	1	10	43	5	14	10	63	0
0.426	1	10	43	7	14	10	63	0
0.427	1	10	43	8	14	10	63	0
0.429	1	10	43	10	14	10	63	0
0.431	1	10	44	2	14	10	63	0
0.433	1	10	44	4	14	10	63	0
0.435	1	10	44	6	14	10	63	0
0.437	1	10	44	8	14	10	63	0
0.439	1	10	44	10	14	10	63	0
0.441	1	10	45	2	14	10	63	0
0.442	1	10	45	3	14	10	63	0
0.444	1	10	45	5	14	10	63	0
0.446	1	10	45	7	14	10	63	0
0.448	1	10	45	9	14	10	63	0
0.45	1	10	46	1	14	10	63	0
0.452	1	10	46	3	14	10	63	0
0.454	1	10	46	5	14	10	63	0
0.456	1	10	46	7	14	10	63	0
0.457	1	10	46	8	14	10	63	0
0.459	1	10	46	10	14	10	63	0
0.461	1	10	47	2	14	10	63	0
0.463	1	10	47	4	14	10	63	0
0.465	1	10	47	6	14	10	63	0
0.467	1	10	47	8	14	10	63	0
0.469	1	10	47	10	14	10	63	0
0.471	1	10	48	2	14	10	63	0
0.472	1	10	48	3	14	10	63	0
0.474	1	10	48	5	14	10	63	0
0.476	1	10	48	7	14	10	63	0
0.478	1	10	48	9	14	10	63	0
0.48	1	10	49	1	14	10	63	0
0.482	1	10	49	3	14	10	63	0
0.484	1	10	49	5	14	10	63	0
0.486	1	10	49	7	14	10	63	0
0.487	1	10	49	8	14	10	63	0
0.489	1	10	49	10	14	10	63	0
0.491	1	10	50	2	14	10	63	0
0.493	1	10	50	4	14	10	63	0
0.495	1	10	50	6	14	10	63	0
0.497	1	10	50	8	14	10	63	0
0.499	1	10	50	10	14	10	63	0
0.501	1	10	51	2	14	10	63	0
0.502	1	10	51	3	14	10	63	0
0.504	1	10	51	5	14	10	63	0
0.506	1	10	51	7	14	10	63	0
0.508	1	10	51	9	14	10	63	0
0.51	1	10	52	1	14	10	63	0
0.512	1	10	52	3	14	10	63	0
0.514	1	10	52	5	14	10	63	0
0.516	1	10	52	7	14	10	63	0
0.517	1	10	52	8	14	10	63	0
0.519	1	10	52	10	14	10	63	0
0.521	1	10	53	2	14	10	63	0
0.523	1	10	53	4	14	10	63	0
0.525	1	10	53	6	14	10	63	0
0.527	1	10	53	8	14	10	63	0
0.529	1	10	53	10	14	10	63	0
0.531	1	10	54	2	14	10	63	0
0.532	1	10	54	3	14	10	63	0
0.534	1	10	54	5	14	10	63	0
0.536	1	10	54	7	14	10	63	0
0.538	1	10	54	9	14	10	63	0
0.54	1	10	55	1	14	10	63	0
0.542	1	10	55	3	14	10	63	0
0.544	1	10	55	5	14	10	63	0
0.546	1	10	55	7	14	10	63	0
0.547	1	10	55	8	14	10	63	0
0.549	1	10	55	10	14	10	63	0
0.551	1	10	56	2	14	10	63	0
0.553	1	10	56	4	14	10	63	0
0.555	1	10	56	6	14	10	63	0
0.557	1	10	56	8	14	10	63	0
0.559	1	10	56	10	14	10	63	0
0.561	1	10	57	2	14	10	63	0
0.562	1	10	57	3	14	10	63	0
0.564	1	10	57	5	14	10	63	0
0.566	1	10	57	7	14	10	63	0
0.568	1	10	57	9	14	10	63	0
0.57	1	10	58	1	14	10	63	0
0.572	1	10	58	3	14	10	63	0
0.574	1	10	58	5	14	10	63	0
0.576	1	10	58	7	14	10	63	0
0.577	1	10	58	8	14	10	63	0
0.579	1	10	58	10	14	10	63	0
0.581	1	10	59	2	14	10	63	0
0.583	1	10	59	4	14	10	63	0
0.585	1	10	59	6	14	10	63	0
0.587	1	10	59	8	14	10	63	0
0.589	1	10	59	10	14	10	63	0
0.591	1	10	60	2	14	10	63	0
0.592	1	10	60	3	14	10	63	0
0.594	1	10	60	5	14	10	63	0
0.596	1	10	60	7	14	10	63	0
0.598	1	10	60	9	14	10	63	0
0.6	1	10	61	1	14	10	63	0
0.602	1	10	61	3	14	10	63	0
0.604	1	10	61	5	14	10	63	0
0.606	1	10	61	7	14	10	63	0
0.607	1	10	61	8	14	10	63	0
0.609	1	10	61	10	14	10	63	0
0.611	1	10	62	2	14	10	63	0
0.613	1	10	62	4	14	10	63	0
0.615	1	10	62	6	14	10	63	0
0.617	1	10	62	8	14	10	63	0
0.619	1	10	62	10	14	10	63	0
0.621	1	10	63	2	14	10	63	0
0.622	1	10	63	3	14	10	63	0
0.624	1	10	63	5	14	10	63	0
0.626	1	10	63	7	14	10	63	0
0.628	1	10	63	9	14	10	63	0
0.63	1	10	64	1	14	10	63	0
0.632	1	10	64	3	14	10	63	0
0.634	1	10	64	5	14	10	63	0
0.636	1	10	64	7	14	10	63	0
0.637	1	10	64	8	14	10	63	0
0.639	1	10	64	10	14	10	63	0
0.641	1	10	65	2	14	10	63	0
0.643	1	10	65	4	14	10	63	0
0.645	1	10	65	6	14	10	63	0
0.647	1	10	65	8	14	10	63	0
0.649	1	10	65	10	14	10	63	0
0.651	1	10	66	2	14	10	63	0
0.652	1	10	66	3	14	10	63	0
0.654	1	10	66	5	14	10	63	0
0.656	1	10	66	7	14	10	63	0
0.658	1	10	66	9	14	10	63	0
0.66	1	10	67	1	14	10	63	0
0.662	1	10	67	3	14	10	63	0
0.664	1	10	67	5	14	10	63	0
0.666	1	10	67	7	14	10	63	0
0.667	1	10	67	8	14	10	63	0
0.669	1	10	67	10	14	10	63	0
0.671	1	10	68	2	14	10	63	0
0.673	1	10	68	4	14	10	63	0
0.675	1	10	68	6	14	10	63	0
0.677	1	10	68	8	14	10	63	0
0.679	1	10	68	10	14	10	63	0
0.681	1	10	69	2	14	10	63	0
0.682	1	10	69	3	14	10	63	0
0.684	1	10	69	5	14	10	63	0
0.686	1	10	69	7	14	10	63	0
0.688	1	10	69	9	14	10	63	0
0.69	1	10	70	1	14	10	63	0
0.692	1	10	70	3	14	10	63	0
0.694	1	10	70	5	14	10	63	0
0.696	1	10	70	7	14	10	63	0
0.697	1	10	70	8	14	10	63	0
0.699	1	10	70	10	14	10	63	0
0.701	1	10	71	2	14	10	63	0
0.703	1	10	71	4	14	10	63	0
0.705	1	10	71	6	14	10	63	0
0.707	1	10	71	8	14	10	63	0
0.709	1	10	71	10	14	10	63	0
0.711	1	10	72	2	14	10	63	0
0.712	1	10	72	3	14	10	63	0
0.714	1	10	72	5	14	10	63	0
0.716	1	10	72	7	14	10	63	0
0.718	1	10	72	9	14	10	63	0
0.72	1	10	73	1	14	10	63	0
0.722	1	10	73	3	14	10	63	0
0.724	1	10	73	5	14	10	63	0
0.726	1	10	73	7	14	10	63	0
0.727	1	10	73	8	14	10	63	0
0.729	1	10	73	10	14	10	63	0
0.731	1	10	74	2	14	10	63	0
0.733	1	10	74	4	14	10	63	0
0.735	1	10	74	6	14	10	63	0
0.737	1	10	74	8	14	10	63	0
0.739	1	10	74	10	14	10	63	0
0.741	1	10	75	2	14	10	63	0
0.742	1	10	75	3	14	10	63	0
0.744	1	10	75	5	14	10	63	0
0.746	1	10	75	7	14	10	63	0
0.748	1	10	75	9	14	10	63	0
0.75	1	10	76	1	14	10	63	0
0.752	1	10	76	3	14	10	63	0
0.754	1	10	76	5	14	10	63	0
0.756	1	10	76	7	14	10	63	0
0.757	1	10	76	8	14	10	63	0
0.759	1	10	76	10	14	10	63	0
0.761	1	10	77	2	14	10	63	0
0.763	1	10	77	4	14	10	63	0
0.765	1	10	77	6	14	10	63	0
0.767	1	10	77	8	14	10	63	0
0.769	1	10	77	10	14	10	63	0
0.771	1	10	78	2	14	10	63	0
0.772	1	10	78	3	14	10	63	0
0.774	1	10	78	5	14	10	63	0
0.776	1	10	78	7	14	10	63	0
0.778	1	10	78	9	14	10	63	0
0.78	1	10	79	1	14	10	63	0
0.782	1	10	79	3	14	10	63	0
0.784	1	10	79	5	14	10	63	0
0.786	1	10	79	7	14	10	63	0
0.787	1	10	79	8	14	10	63	0
0.789	1	10	79	10	14	10	63	0
0.791	1	10	80	2	14	10	63	0
0.793	1	10	80	4	14	10	63	0
0.795	1	10	80	6	14	10	63	0
0.797	1	10	80	8	14	10	63	0
0.799	1	10	80	10	14	10	63	0
0.801	1	10	81	2	14	10	63	0
0.802	1	10	81	3	14	10	63	0
0.804	1	10	81	5	14	10	63	0
0.806	1	10	81	7	14	10	63	0
0.808	1	10	81	9	14	10	63	0
0.81	1	10	82	1	14	10	63	0
0.812	1	10	82	3	14	10	63	0
0.814	1	10	82	5	14	10	63	0
0.816	1	10	82	7	14	10	63	0
0.817	1	10	82	8	14	10	63	0
0.819	1	10	82	10	14	10	63	0
0.821	1	10	83	2	14	10	63	0
0.823	1	10	83	4	14	10	63	0
0.825	1	10	83	6	14	10	63	0
0.827	1	10	83	8	14	10	63	0
0.829	1	10	83	10	14	10	63	0
0.831	1	10	84	2	14	10	63	0
0.832	1	10	84	3	14	10	63	0
0.834	1	10	84	5	14	10	63	0
0.836	1	10	84	7	14	10	63	0
0.838	1	10	84	9	14	10	63	0
0.84	1	10	85	1	14	10	63	0
0.842	1	10	85	3	14	10	63	0
0.844	1	10	85	5	14	10	63	0
0.846	1	10	85	7	14	10	63	0
0.847	1	10	85	8	14	10	63	0
0.849	1	10	85	10	14	10	63	0
0.851	1	10	86	2	14	10	63	0
0.853	1	10	86	4	14	10	63	0
0.855	1	10	86	6	14	10	63	0
0.857	1	10	86	8	14	10	63	0
0.859	1	10	86	10	14	10	63	0
0.861	1	10	87	2	14	10	63	0
0.862	1	10	87	3	14	10	63	0
0.864	1	10	87	5	14	10	63	0
0.866	1	10	87	7	14	10	63	0
0.868	1	10	87	9	14	10	63	0
0.87	1	10	88	1	14	10	63	0
0.872	1	10	88	3	14	10	63	0
0.874	1	10	88	5	14	10	63	0
0.876	1	10	88	7	14	10	63	0
0.877	1	10	88	8	14	10	63	0
0.879	1	10	88	10	14	10	63	0
0.881	1	10	89	2	14	10	63	0
0.883	1	10	89	4	14	10	63	0
0.885	1	10	89	6	14	10	63	0
0.887	1	10	89	8	14	10	63	0
0.889	1	10	89	10	14	10	63	0
0.891	1	10	90	2	14	10	63	0
0.892	1	10	90	3	14	10	63	0
0.894	1	10	90	5	14	10	63	0
0.896	1	10	90	7	14	10	63	0
0.898	1	10	90	9	14	10	63	0
0.9	1	10	91	1	14	10	63	0
0.902	1	10	91	3	14	10	63	0
0.904	1	10	91	5	14	10	63	0
0.906	1	10	91	7	14	10	63	0
0.907	1	10	91	8	14	10	63	0
0.909	1	10	91	10	14	10	63	0
0.911	1	10	92	2	14	10	63	0
0.913	1	10	92	4	14	10	63	0
0.915	1	10	92	6	14	10	63	0
0.917	1	10	92	8	14	10	63	0
0.919	1	10	92	10	14	10	63	0
0.921	1	10	93	2	14	10	63	0
0.922	1	10	93	3	14	10	63	0
0.924	1	10	93	5	14	10	63	0
0.926	1	10	93	7	14	10	63	0
0.928	1	10	93	9	14	10	63	0
0.93	1	10	94	1	14	10	63	0
0.932	1	10	94	3	14	10	63	0
0.934	1	10	94	5	14	10	63	0
0.936	1	10	94	7	14	10	63	0
0.937	1	10	94	8	14	10	63	0
0.939	1	10	94	10	14	10	63	0
0.941	1	10	95	2	14	10	63	0
0.943	1	10	95	4	14	10	63	0
0.945	1	10	95	6	14	10	63	0
0.947	1	10	95	8	14	10	63	0
0.949	1	10	95	10	14	10	63	0
0.951	1	10	96	2	14	10	63	0
0.952	1	10	96	3	14	10	63	0
0.954	1	10	96	5	14	10	63	0
0.956	1	10	96	7	14	10	63	0
0.958	1	10	96	9	14	10	63	0
0.96	1	10	97	1	14	10	63	0
0.962	1	10	97	3	14	10	63	0
0.964	1	10	97	5	14	10	63	0
0.966	1	10	97	7	14	10	63	0
0.967	1	10	97	8	14	10	63	0
0.969	1	10	97	10	14	10	63	0
0.971	1	10	98	2	14	10	63	0
0.973	1	10	98	4	14	10	63	0
0.975	1	10	98	6	14	10	63	0
0.977	1	10	98	8	14	10	63	0
0.979	1	10	98	10	14	10	63	0
0.981	1	10	99	2	14	10	63	0
0.982	1	10	99	3	14	10	63	0
0.984	1	10	99	5	14	10	63	0
0.986	1	10	99	7	14	10	63	0
0.988	1	10	99	9	14	10	63	0
0.99	1	10	100	1	14	10	63	0
0.992	1	10	100	3	14	10	63	0
0.994	1	10	100	5	14	10	63	0
0.996	1	10	100	7	14	10	63	0
0.997	1	10	100	8	14	10	63	0
0.999	1	10	100	10	14	10	63	0
1.001	1	10	101	2	14	10	63	0
1.003	1	10	101	4	14	10	63	0
1.005	1	10	101	6	14	10	63	0
1.007	1	10	101	8	14	10	63	0
1.009	1	10	101	10	14	10	63	0
1.011	1	10	102	2	14	10	63	0
1.012	1	10	102	3	14	10	63	0
1.014	1	10	102	5	14	10	63	0
1.016	1	10	102	7	14	10	63	0
1.018	1	10	102	9	14	10	63	0
1.02	1	10	103	1	14	10	63	0
1.022	1	10	103	3	14	10	63	0
1.024	1	10	103	5	14	10	63	0
1.026	1	10	103	7	14	10	63	0
1.027	1	10	103	8	14	10	63	0
1.029	1	10	103	10	14	10	63	0
1.031	1	10	104	2	14	10	63	0
1.033	1	10	104	4	14	10	63	0
1.035	1	10	104	6	14	10	63	0
1.037	1	10	104	8	14	10	63	0
1.039	1	10	104	10	14	10	63	0
1.041	1	10	105	2	14	10	63	0
1.042	1	10	105	3	14	10	63	0
1.044	1	10	105	5	14	10	63	0
1.046	1	10	105	7	14	10	63	0
1.048	1	10	105	9	14	10	63	0
1.05	1	10	106	1	14	10	63	0
1.052	1	10	106	3	14	10	63	0
1.054	1	10	106	5	14	10	63	0
1.056	1	10	106	7	14	10	63	0
1.057	1	10	106	8	14	10	63	0
1.059	1	10	106	10	14	10	63	0
1.061	1	10	107	2	14	10	63	0
1.063	1	10	107	4	14	10	63	0
1.065	1	10	107	6	14	10	63	0
1.067	1	10	107	8	14	10	63	0
1.069	1	10	107	10	14	10	63	0
1.071	1	10	108	2	14	10	63	0
1.072	1	10	108	3	14	10	63	0
1.074	1	10	108	5	14	10	63	0
1.076	1	10	108	7	14	10	63	0
1.078	1	10	108	9	14	10	63	0
1.08	1	10	109	1	14	10	63	0
1.082	1	10	109	3	14	10	63	0
1.084	1	10	109	5	14	10	63	0
1.086	1	10	109	7	14	10	63	0
1.087	1	10	109	8	14	10	63	0
1.089	1	10	109	10	14	10	63	0
1.091	1	10	110	2	14	10	63	0
1.093	1	10	110	4	14	10	63	0
1.095	1	10	110	6	14	10	63	0
1.097	1	10	110	8	14	10	63	0
1.099	1	10	110	10	14	10	63	0
1.101	1	10	111	2	14	10	63	0
1.102	1	10	111	3	14	10	63	0
1.104	1	10	111	5	14	10	63	0
1.106	1	10	111	7	14	10	63	0
1.108	1	10	111	9	14	10	63	0
1.11	1	10	112	1	14	10	63	0
1.112	1	10	112	3	14	10	63	0
1.114	1	10	112	5	14	10	63	0
1.116	1	10	112	7	14	10	63	0
1.117	1	10	112	8	14	10	63	0
1.119	1	10	112	10	14	10	63	0
1.121	1	10	113	2	14	10	63	0
1.123	1	10	113	4	14	10	63	0
1.125	1	10	113	6	14	10	63	0
1.127	1	10	113	8	14	10	63	0
1.129	1	10	113	10	14	10	63	0
1.131	1	10	114	2	14	10	63	0
1.132	1	10	114	3	14	10	63	0
1.134	1	10	114	5	14	10	63	0
1.136	1	10	114	7	14	10	63	0
1.138	1	10	114	9	14	10	63	0
1.14	1	10	115	1	14	10	63	0
1.142	1	10	115	3	14	10	63	0
1.144	1	10	115	5	14	10	63	0
1.146	1	10	115	7	14	10	63	0
1.147	1	10	115	8	14	10	63	0
1.149	1	10	115	10	14	10	63	0
1.151	1	10	116	2	14	10	63	0
1.153	1	10	116	4	14	10	63	0
1.155	1	10	116	6	14	10	63	0
1.157	1	10	116	8	14	10	63	0
1.159	1	10	116	10	14	10	63	0
1.161	1	10	117	2	14	10	63	0
1.162	1	10	117	3	14	10	63	0
1.164	1	10	117	5	14	10	63	0
1.166	1	10	117	7	14	10	63	0
1.168	1	10	117	9	14	10	63	0
1.17	1	10	118	1	14	10	63	0
1.172	1	10	118	3	14	10	63	0
1.174	1	10	118	5	14	10	63	0
1.176	1	10	118	7	14	10	63	0
1.177	1	10	118	8	14	10	63	0
1.179	1	10	118	10	14	10	63	0
1.181	1	10	119	2	14	10	63	0
1.183	1	10	119	4	14	10	63	0
1.185	1	10	119	6	14	10	63	0
1.187	1	10	119	8	14	10	63	0
1.189	1	10	119	10	14	10	63	0
1.191	1	10	120	2	14	10	63	0
1.192	1	10	120	3	14	10	63	0
1.194	1	10	120	5	14	10	63	0
1.196	1	10	120	7	14	10	63	0
1.198	1	10	120	9	14	10	63	0
1.2	1	10	121	1	14	10	63	0
1.202	1	10	121	3	14	10	63	0
1.204	1	10	121	5	14	10	63	0
1.206	1	10	121	7	14	10	63	0
1.207	1	10	121	8	14	10	63	0
1.209	1	10	121	10	14	10	63	0
1.211	1	10	122	2	14	10	63	0
1.213	1	10	122	4	14	10	63	0
1.215	1	10	122	6	14	10	63	0
1.217	1	10	122	8	14	10	63	0
1.219	1	10	122	10	14	10	63	0
1.221	1	10	123	2	14	10	63	0
1.222	1	10	123	3	14	10	63	0
1.224	1	10	123	5	14	10	63	0
1.226	1	10	123	7	14	10	63	0
1.228	1	10	123	9	14	10	63	0
1.23	1	10	124	1	14	10	63	0
1.232	1	10	124	3	14	10	63	0
1.234	1	10	124	5	14	10	63	0
1.236	1	10	124	7	14	10	63	0
1.237	1	10	124	8	14	10	63	0
1.239	1	10	124	10	14	10	63	0
1.241	1	10	125	2	14	10	63	0
1.243	1	10	125	4	14	10	63	0
1.245	1	10	125	6	14	10	63	0
1.247	1	10	125	8	14	10	63	0
1.249	1	10	125	10	14	10	63	0
1.251	1	10	126	2	14	10	63	0
1.252	1	10	126	3	14	10	63	0
1.254	1	10	126	5	14	10	63	0
1.256	1	10	126	7	14	10	63	0
1.258	1	10	126	9	14	10	63	0
1.26	1	10	127	1	14	10	63	0
1.262	1	10	127	3	14	10	63	0
1.264	1	10	127	5	14	10	63	0
1.266	1	10	127	7	14	10	63	0
1.267	1	10	127	8	14	10	63	0
1.269	1	10	127	10	14	10	63	0
1.271	1	10	128	2	14	10	63	0
1.273	1	10	128	4	14	10	63	0
1.275	1	10	128	6	14	10	63	0
1.277	1	10	128	8	14	10	63	0
1.279	1	10	128	10	14	10	63	0
1.281	1	10	129	2	14	10	63	0
1.282	1	10	129	3	14	10	63	0
1.284	1	10	129	5	14	10	63	0
1.286	1	10	129	7	14	10	63	0
1.288	1	10	129	9	14	10	63	0
1.29	1	10	130	1	14	10	63	0
1.292	1	10	130	3	14	10	63	0
1.294	1	10	130	5	14	10	63	0
1.296	1	10	130	7	14	10	63	0
1.297	1	10	130	8	14	10	63	0
1.299	1	10	130	10	14	10	63	0
1.301	1	10	131	2	14	10	63	0
1.303	1	10	131	4	14	10	63	0
1.305	1	10	131	6	14	10	63	0
1.307	1	10	131	8	14	10	63	0
1.309	1	10	131	10	14	10	63	0
1.311	1	10	132	2	14	10	63	0
1.312	1	10	132	3	14	10	63	0
1.314	1	10	132	5	14	10	63	0
1.316	1	10	132	7	14	10	63	0
1.318	1	10	132	9	14	10	63	0
1.32	1	10	133	1	14	10	63	0
1.322	1	10	133	3	14	10	63	0
1.324	1	10	133	5	14	10	63	0
1.326	1	10	133	7	14	10	63	0
1.327	1	10	133	8	14	10	63	0
1.329	1	10	133	10	14	10	63	0
1.331	1	10	134	2	14	10	63	0
1.333	1	10	134	4	14	10	63	0
1.335	1	10	134	6	14	10	63	0
1.337	1	10	134	8	14	10	63	0
1.339	1	10	134	10	14	10	63	0
1.341	1	10	135	2	14	10	63	0
1.342	1	10	135	3	14	10	63	0
1.344	1	10	135	5	14	10	63	0
1.346	1	10	135	7	14	10	63	0
1.348	1	10	135	9	14	10	63	0
1.35	1	10	136	1	14	10	63	0
1.352	1	10	136	3	14	10	63	0
1.354	1	10	136	5	14	10	63	0
1.356	1	10	136	7	14	10	63	0
1.357	1	10	136	8	14	10	63	0
1.359	1	10	136	10	14	10	63	0
1.361	1	10	137	2	14	10	63	0
1.363	1	10	137	4	14	10	63	0
1.365	1	10	137	6	14	10	63	0
1.367	1	10	137	8	14	10	63	0
1.369	1	10	137	10	14	10	63	0
1.371	1	10	138	2	14	10	63	0
1.372	1	10	138	3	14	10	63	0
1.374	1	10	138	5	14	10	63	0
1.376	1	10	138	7	14	10	63	0
1.378	1	10	138	9	14	10	63	0
1.38	1	10	139	1	14	10	63	0
1.382	1	10	139	3	14	10	63	0
1.384	1	10	139	5	14	10	63	0
1.386	1	10	139	7	14	10	63	0
1.387	1	10	139	8	14	10	63	0
1.389	1	10	139	10	14	10	63	0
1.391	1	10	140	2	14	10	63	0
1.393	1	10	140	4	14	10	63	0
1.395	1	10	140	6	14	10	63	0
1.397	1	10	140	8	14	10	63	0
1.399	1	10	140	10	14	10	63	0
1.401	1	10	141	2	14	10	63	0
1.402	1	10	141	3	14	10	63	0
1.404	1	10	141	5	14	10	63	0
1.406	1	10	141	7	14	10	63	0
1.408	1	10	141	9	14	10	63	0
1.41	1	10	142	1	14	10	63	0
1.412	1	10	142	3	14	10	63	0
1.414	1	10	142	5	14	10	63	0
1.416	1	10	142	7	14	10	63	0
1.417	1	10	142	8	14	10	63	0
1.419	1	10	142	10	14	10	63	0
1.421	1	10	143	2	14	10	63	0
1.423	1	10	143	4	14	10	63	0
1.425	1	10	143	6	14	10	63	0
1.427	1	10	143	8	14	10	63	0
1.429	1	10	143	10	14	10	63	0
1.431	1	10	144	2	14	10	63	0
1.432	1	10	144	3	14	10	63	0
1.434	1	10	144	5	14	10	63	0
1.436	1	10	144	7	14	10	63	0
1.438	1	10	144	9	14	10	63	0
1.44	1	10	145	1	14	10	63	0
1.442	1	10	145	3	14	10	63	0
1.444	1	10	145	5	14	10	63	0
1.446	1	10	145	7	14	10	63	0
1.447	1	10	145	8	14	10	63	0
1.449	1	10	145	10	14	10	63	0
1.451	1	10	146	2	14	10	63	0
1.453	1	10	146	4	14	10	63	0
1.455	1	10	146	6	14	10	63	0
1.457	1	10	146	8	14	10	63	0
1.459	1	10	146	10	14	10	63	0
1.461	1	10	147	2	14	10	63	0
1.462	1	10	147	3	14	10	63	0
1.464	1	10	147	5	14	10	63	0
1.466	1	10	147	7	14	10	63	0
1.468	1	10	147	9	14	10	63	0
1.47	1	10	148	1	14	10	63	0
1.472	1	10	148	3	14	10	63	0
1.474	1	10	148	5	14	10	63	0
1.476	1	10	148	7	14	10	63	0
1.477	1	10	148	8	14	10	63	0
1.479	1	10	148	10	14	10	63	0
1.481	1	10	149	2	14	10	63	0
1.483	1	10	149	4	14	10	63	0
1.485	1	10	149	6	14	10	63	0
1.487	1	10	149	8	14	10	63	0
1.489	1	10	149	10	14	10	63	0
1.491	1	10	150	2	14	10	63	0
1.492	1	10	150	3	14	10	63	0
1.494	1	10	150	5	14	10	63	0
1.496	1	10	150	7	14	10	63	0
1.498	1	10	150	9	14	10	63	0
1.5	1	10	151	1	14	10	63	0
1.502	1	10	151	3	14	10	63	0
1.504	1	10	151	5	14	10	63	0
1.506	1	10	151	7	14	10	63	0
1.507	1	10	151	8	14	10	63	0
1.509	1	10	151	10	14	10	63	0
1.511	1	10	152	2	14	10	63	0
1.513	1	10	152	4	14	10	63	0
1.515	1	10	152	6	14	10	63	0
1.517	1	10	152	8	14	10	63	0
1.519	1	10	152	10	14	10	63	0
1.521	1	10	153	2	14	10	63	0
1.522	1	10	153	3	14	10	63	0
1.524	1	10	153	5	14	10	63	0
1.526	1	10	153	7	14	10	63	0
1.528	1	10	153	9	14	10	63	0
1.53	1	10	154	1	14	10	63	0
1.532	1	10	154	3	14	10	63	0
1.534	1	10	154	5	14	10	63	0
1.536	1	10	154	7	14	10	63	0
1.537	1	10	154	8	14	10	63	0
1.539	1	10	154	10	14	10	63	0
1.541	1	10	155	2	14	10	63	0
1.543	1	10	155	4	14	10	63	0
1.545	1	10	155	6	14	10	63	0
1.547	1	10	155	8	14	10	63	0
1.549	1	10	155	10	14	10	63	0
1.551	1	10	156	2	14	10	63	0
1.552	1	10	156	3	14	10	63	0
1.554	1	10	156	5	14	10	63	0
1.556	1	10	156	7	14	10	63	0
1.558	1	10	156	9	14	10	63	0
1.56	1	10	157	1	14	10	63	0
1.562	1	10	157	3	14	10	63	0
1.564	1	10	157	5	14	10	63	0
1.566	1	10	157	7	14	10	63	0
1.567	1	10	157	8	14	10	63	0
1.569	1	10	157	10	14	10	63	0
1.571	1	10	158	2	14	10	63	0
1.573	1	10	158	4	14	10	63	0
1.575	1	10	158	6	14	10	63	0
1.577	1	10	158	8	14	10	63	0
1.579	1	10	158	10	14	10	63	0
1.581	1	10	159	2	14	10	63	0
1.582	1	10	159	3	14	10	63	0
1.584	1	10	159	5	14	10	63	0
1.586	1	10	159	7	14	10	63	0
1.588	1	10	159	9	14	10	63	0
1.59	1	10	160	1	14	10	63	0
1.592	1	10	160	3	14	10	63	0
1.594	1	10	160	5	14	10	63	0
1.596	1	10	160	7	14	10	63	0
1.597	1	10	160	8	14	10	63	0
1.599	1	10	160	10	14	10	63	0
1.601	1	10	161	2	14	10	63	0
1.603	1	10	161	4	14	10	63	0
1.605	1	10	161	6	14	10	63	0
1.607	1	10	161	8	14	10	63	0
1.609	1	10	161	10	14	10	63	0
1.611	1	10	162	2	14	10	63	0
1.612	1	10	162	3	14	10	63	0
1.614	1	10	162	5	14	10	63	0
1.616	1	10	162	7	14	10	63	0
1.618	1	10	162	9	14	10	63	0
1.62	1	10	163	1	14	10	63	0
1.622	1	10	163	3	14	10	63	0
1.624	1	10	163	5	14	10	63	0
1.626	1	10	163	7	14	10	63	0
1.627	1	10	163	8	14	10	63	0
1.629	1	10	163	10	14	10	63	0
1.631	1	10	164	2	14	10	63	0
1.633	1	10	164	4	14	10	63	0
1.635	1	10	164	6	14	10	63	0
1.637	1	10	164	8	14	10	63	0
1.639	1	10	164	10	14	10	63	0
1.641	1	10	165	2	14	10	63	0
1.642	1	10	165	3	14	10	63	0
1.644	1	10	165	5	14	10	63	0
1.646	1	10	165	7	14	10	63	0
1.648	1	10	165	9	14	10	63	0
1.65	1	10	166	1	14	10	63	0
1.652	1	10	166	3	14	10	63	0
1.654	1	10	166	5	14	10	63	0
1.656	1	10	166	7	14	10	63	0
1.657	1	10	166	8	14	10	63	0
1.659	1	10	166	10	14	10	63	0
1.661	1	10	167	2	14	10	63	0
1.663	1	10	167	4	14	10	63	0
1.665	1	10	167	6	14	10	63	0
1.667	1	10	167	8	14	10	63	0
1.669	1	10	167	10	14	10	63	0
1.671	1	10	168	2	14	10	63	0
1.672	1	10	168	3	14	10	63	0
1.674	1	10	168	5	14	10	63	0
1.676	1	10	168	7	14	10	63	0
1.678	1	10	168	9	14	10	63	0
1.68	1	10	169	1	14	10	63	0
1.682	1	10	169	3	14	10	63	0
1.684	1	10	169	5	14	10	63	0
1.686	1	10	169	7	14	10	63	0
1.687	1	10	169	8	14	10	63	0
1.689	1	10	169	10	14	10	63	0
1.691	1	10	170	2	14	10	63	0
1.693	1	10	170	4	14	10	63	0
1.695	1	10	170	6	14	10	63	0
1.697	1	10	170	8	14	10	63	0
1.699	1	10	170	10	14	10	63	0
1.701	1	10	171	2	14	10	63	0
1.702	1	10	171	3	14	10	63	0
1.704	1	10	171	5	14	10	63	0
1.706	1	10	171	7	14	10	63	0
1.708	1	10	171	9	14	10	63	0
1.71	1	10	172	1	14	10	63	0
1.712	1	10	172	3	14	10	63	0
1.714	1	10	172	5	14	10	63	0
1.716	1	10	172	7	14	10	63	0
1.717	1	10	172	8	14	10	63	0
1.719	1	10	172	10	14	10	63	0
1.721	1	10	173	2	14	10	63	0
1.723	1	10	173	4	14	10	63	0
1.725	1	10	173	6	14	10	63	0
1.727	1	10	173	8	14	10	63	0
1.729	1	10	173	10	14	10	63	0
1.731	1	10	174	2	14	10	63	0
1.732	1	10	174	3	14	10	63	0
1.734	1	10	174	5	14	10	63	0
1.736	1	10	174	7	14	10	63	0
1.738	1	10	174	9	14	10	63	0
1.74	1	10	175	1	14	10	63	0
1.742	1	10	175	3	14	10	63	0
1.744	1	10	175	5	14	10	63	0
1.746	1	10	175	7	14	10	63	0
1.747	1	10	175	8	14	10	63	0
1.749	1	10	175	10	14	10	63	0
1.751	1	10	176	2	14	10	63	0
1.753	1	10	176	4	14	10	63	0
1.755	1	10	176	6	14	10	63	0
1.757	1	10	176	8	14	10	63	0
1.759	1	10	176	10	14	10	63	0
1.761	1	10	177	2	14	10	63	0
1.762	1	10	177	3	14	10	63	0
1.764	1	10	177	5	14	10	63	0
1.766	1	10	177	7	14	10	63	0
1.768	1	10	177	9	14	10	63	0
1.77	1	10	178	1	14	10	63	0
1.772	1	10	178	3	14	10	63	0
1.774	1	10	178	5	14	10	63	0
1.776	1	10	178	7	14	10	63	0
1.777	1	10	178	8	14	10	63	0
1.779	1	10	178	10	14	10	63	0
1.781	1	10	179	2	14	10	63	0
1.783	1	10	179	4	14	10	63	0
1.785	1	10	179	6	14	10	63	0
1.787	1	10	179	8	14	10	63	0
1.789	1	10	179	10	14	10	63	0
1.791	1	10	180	2	14	10	63	0
1.792	1	10	180	3	14	10	63	0
1.794	1	10	180	5	14	10	63	0
1.796	1	10	180	7	14	10	63	0
1.798	1	10	180	9	14	10	63	0
1.8	1	10	181	1	14	10	63	0
1.802	1	10	181	3	14	10	63	0
1.804	1	10	181	5	14	10	63	0
1.806	1	10	181	7	14	10	63	0
1.807	1	10	181	8	14	10	63	0
1.809	1	10	181	10	14	10	63	0
1.811	1	10	182	2	14	10	63	0
1.813	1	10	182	4	14	10	63	0
1.815	1	10	182	6	14	10	63	0
1.817	1	10	182	8	14	10	63	0
1.819	1	10	182	10	14	10	63	0
1.821	1	10	183	2	14	10	63	0
1.822	1	10	183	3	14	10	63	0
1.824	1	10	183	5	14	10	63	0
1.826	1	10	183	7	14	10	63	0
1.828	1	10	183	9	14	10	63	0
1.83	1	10	184	1	14	10	63	0
1.832	1	10	184	3	14	10	63	0
1.834	1	10	184	5	14	10	63	0
1.836	1	10	184	7	14	10	63	0
1.837	1	10	184	8	14	10	63	0
1.839	1	10	184	10	14	10	63	0
1.841	1	10	185	2	14	10	63	0
1.843	1	10	185	4	14	10	63	0
1.845	1	10	185	6	14	10	63	0
1.847	1	10	185	8	14	10	63	0
1.849	1	10	185	10	14	10	63	0
1.851	1	10	186	2	14	10	63	0
1.852	1	10	186	3	14	10	63	0
1.854	1	10	186	5	14	10	63	0
1.856	1	10	186	7	14	10	63	0
1.858	1	10	186	9	14	10	63	0
1.86	1	10	187	1	14	10	63	0
1.862	1	10	187	3	14	10	63	0
1.864	1	10	187	5	14	10	63	0
1.866	1	10	187	7	14	10	63	0
1.867	1	10	187	8	14	10	63	0
1.869	1	10	187	10	14	10	63	0
1.871	1	10	188	2	14	10	63	0
1.873	1	10	188	4	14	10	63	0
1.875	1	10	188	6	14	10	63	0
1.877	1	10	188	8	14	10	63	0
1.879	1	10	188	10	14	10	63	0
1.881	1	10	189	2	14	10	63	0
1.882	1	10	189	3	14	10	63	0
1.884	1	10	189	5	14	10	63	0
1.886	1	10	189	7	14	10	63	0
1.888	1	10	189	9	14	10	63	0
1.89	1	10	190	1	14	10	63	0
1.892	1	10	190	3	14	10	63	0
1.894	1	10	190	5	14	10	63	0
1.896	1	10	190	7	14	10	63	0
1.897	1	10	190	8	14	10	63	0
1.899	1	10	190	10	14	10	63	0
1.901	1	10	191	2	14	10	63	0
1.903	1	10	191	4	14	10	63	0
1.905	1	10	191	6	14	10	63	0
1.907	1	10	191	8	14	10	63	0
1.909	1	10	191	10	14	10	63	0
1.911	1	10	192	2	14	10	63	0
1.912	1	10	192	3	14	10	63	0
1.914	1	10	192	5	14	10	63	0
1.916	1	10	192	7	14	10	63	0
1.918	1	10	192	9	14	10	63	0
1.92	1	10	193	1	14	10	63	0
1.922	1	10	193	3	14	10	63	0
1.924	1	10	193	5	14	10	63	0
1.926	1	10	193	7	14	10	63	0
1.927	1	10	193	8	14	10	63	0
1.929	1	10	193	10	14	10	63	0
1.931	1	10	194	2	14	10	63	0
1.933	1	10	194	4	14	10	63	0
1.935	1	10	194	6	14	10	63	0
1.937	1	10	194	8	14	10	63	0
1.939	1	10	194	10	14	10	63	0
1.941	1	10	195	2	14	10	63	0
1.942	1	10	195	3	14	10	63	0
1.944	1	10	195	5	14	10	63	0
1.946	1	10	195	7	14	10	63	0
1.948	1	10	195	9	14	10	63	0
1.95	1	10	196	1	14	10	63	0
1.952	1	10	196	3	14	10	63	0
1.954	1	10	196	5	14	10	63	0
1.956	1	10	196	7	14	10	63	0
1.957	1	10	196	8	14	10	63	0
1.959	1	10	196	10	14	10	63	0
1.961	1	10	197	2	14	10	63	0
1.963	1	10	197	4	14	10	63	0
1.965	1	10	197	6	14	10	63	0
1.967	1	10	197	8	14	10	63	0
1.969	1	10	197	10	14	10	63	0
1.971	1	10	198	2	14	10	63	0
1.972	1	10	198	3	14	10	63	0
1.974	1	10	198	5	14	10	63	0
1.976	1	10	198	7	14	10	63	0
1.978	1	10	198	9	14	10	63	0
1.98	1	10	199	1	14	10	63	0
1.982	1	10	199	3	14	10	63	0
1.984	1	10	199	5	14	10	63	0
1.986	1	10	199	7	14	10	63	0
1.987	1	10	199	8	14	10	63	0
1.989	1	10	199	10	14	10	63	0
1.991	1	10	200	2	14	10	63	0
1.993	1	10	200	4	14	10	63	0
1.995	1	10	200	6	14	10	63	0
1.997	1	10	200	8	14	10	63	0
1.999	1	10	200	10	14	10	63	0
2.001	1	10	201	2	14	10	63	0
2.002	1	10	201	3	14	10	63	0
2.004	1	10	201	5	14	10	63	0
2.006	1	10	201	7	14	10	63	0
2.008	1	10	201	9	14	10	63	0
2.01	1	10	202	1	14	10	63	0
2.012	1	10	202	3	14	10	63	0
2.014	1	10	202	5	14	10	63	0
2.016	1	10	202	7	14	10	63	0
2.017	1	10	202	8	14	10	63	0
2.019	1	10	202	10	14	10	63	0
2.021	1	10	203	2	14	10	63	0
2.023	1	10	203	4	14	10	63	0
2.025	1	10	203	6	14	10	63	0
2.027	1	10	203	8	14	10	63	0
2.029	1	10	203	10	14	10	63	0
2.031	1	10	204	2	14	10	63	0
2.032	1	10	204	3	14	10	63	0
2.034	1	10	204	5	14	10	63	0
2.036	1	10	204	7	14	10	63	0
2.038	1	10	204	9	14	10	63	0
2.04	1	10	205	1	14	10	63	0
2.042	1	10	205	3	14	10	63	0
2.044	1	10	205	5	14	10	63	0
2.046	1	10	205	7	14	10	63	0
2.047	1	10	205	8	14	10	63	0
2.049	1	10	205	10	14	10	63	0
2.051	1	10	206	2	14	10	63	0
2.053	1	10	206	4	14	10	63	0
2.055	1	10	206	6	14	10	63	0
2.057	1	10	206	8	14	10	63	0
2.059	1	10	206	10	14	10	63	0
2.061	1	10	207	2	14	10	63	0
2.062	1	10	207	3	14	10	63	0
2.064	1	10	207	5	14	10	63	0
2.066	1	10	207	7	14	10	63	0
2.068	1	10	207	9	14	10	63	0
2.07	1	10	208	1	14	10	63	0
2.072	1	10	208	3	14	10	63	0
2.074	1	10	208	5	14	10	63	0
2.076	1	10	208	7	14	10	63	0
2.077	1	10	208	8	14	10	63	0
2.079	1	10	208	10	14	10	63	0
2.081	1	10	209	2	14	10	63	0
2.083	1	10	209	4	14	10	63	0
2.085	1	10	209	6	14	10	63	0
2.087	1	10	209	8	14	10	63	0
2.089	1	10	209	10	14	10	63	0
2.091	1	10	210	2	14	10	63	0
2.092	1	10	210	3	14	10	63	0
2.094	1	10	210	5	14	10	63	0
2.096	1	10	210	7	14	10	63	0
2.098	1	10	210	9	14	10	63	0
2.1	1	10	211	1	14	10	63	0
2.102	1	10	211	3	14	10	63	0
2.104	1	10	211	5	14	10	63	0
2.106	1	10	211	7	14	10	63	0
2.107	1	10	211	8	14	10	63	0
2.109	1	10	211	10	14	10	63	0
2.111	1	10	212	2	14	10	63	0
2.113	1	10	212	4	14	10	63	0
2.115	1	10	212	6	14	10	63	0
2.117	1	10	212	8	14	10	63	0
2.119	1	10	212	10	14	10	63	0
2.121	1	10	213	2	14	10	63	0
2.122	1	10	213	3	14	10	63	0
2.124	1	10	213	5	14	10	63	0
2.126	1	10	213	7	14	10	63	0
2.128	1	10	213	9	14	10	63	0
2.13	1	10	214	1	14	10	63	0
2.132	1	10	214	3	14	10	63	0
2.134	1	10	214	5	14	10	63	0
2.136	1	10	214	7	14	10	63	0
2.137	1	10	214	8	14	10	63	0
2.139	1	10	214	10	14	10	63	0
2.141	1	10	215	2	14	10	63	0
2.143	1	10	215	4	14	10	63	0
2.145	1	10	215	6	14	10	63	0
2.147	1	10	215	8	14	10	63	0
2.149	1	10	215	10	14	10	63	0
2.151	1	10	216	2	14	10	63	0
2.152	1	10	216	3	14	10	63	0
2.154	1	10	216	5	14	10	63	0
2.156	1	10	216	7	14	10	63	0
2.158	1	10	216	9	14	10	63	0
2.16	1	10	217	1	14	10	63	0
2.162	1	10	217	3	14	10	63	0
2.164	1	10	217	5	14	10	63	0
2.166	1	10	217	7	14	10	63	0
2.167	1	10	217	8	14	10	63	0
2.169	1	10	217	10	14	10	63	0
2.171	1	10	218	2	14	10	63	0
2.173	1	10	218	4	14	10	63	0
2.175	1	10	218	6	14	10	63	0
2.177	1	10	218	8	14	10	63	0
2.179	1	10	218	10	14	10	63	0
2.181	1	10	219	2	14	10	63	0
2.182	1	10	219	3	14	10	63	0
2.184	1	10	219	5	14	10	63	0
2.186	1	10	219	7	14	10	63	0
2.188	1	10	219	9	14	10	63	0
2.19	1	10	220	1	14	10	63	0
2.192	1	10	220	3	14	10	63	0
2.194	1	10	220	5	14	10	63	0
2.196	1	10	220	7	14	10	63	0
2.197	1	10	220	8	14	10	63	0
2.199	1	10	220	10	14	10	63	0
2.201	1	10	221	2	14	10	63	0
2.203	1	10	221	4	14	10	63	0
2.205	1	10	221	6	14	10	63	0
2.207	1	10	221	8	14	10	63	0
2.209	1	10	221	10	14	10	63	0
2.211	1	10	222	2	14	10	63	0
2.212	1	10	222	3	14	10	63	0
2.214	1	10	222	5	14	10	63	0
2.216	1	10	222	7	14	10	63	0
2.218	1	10	222	9	14	10	63	0
2.22	1	10	223	1	14	10	63	0
2.222	1	10	223	3	14	10	63	0
2.224	1	10	223	5	14	10	63	0
2.226	1	10	223	7	14	10	63	0
2.227	1	10	223	8	14	10	63	0
2.229	1	10	223	10	14	10	63	0
2.231	1	10	224	2	14	10	63	0
2.233	1	10	224	4	14	10	63	0
2.235	1	10	224	6	14	10	63	0
2.237	1	10	224	8	14	10	63	0
2.239	1	10	224	10	14	10	63	0
2.241	1	10	225	2	14	10	63	0
2.242	1	10	225	3	14	10	63	0
2.244	1	10	225	5	14	10	63	0
2.246	1	10	225	7	14	10	63	0
2.248	1	10	225	9	14	10	63	0
2.25	1	10	226	1	14	10	63	0
2.252	1	10	226	3	14	10	63	0
2.254	1	10	226	5	14	10	63	0
2.256	1	10	226	7	14	10	63	0
2.257	1	10	226	8	14	10	63	0
2.259	1	10	226	10	14	10	63	0
2.261	1	10	227	2	14	10	63	0
2.263	1	10	227	4	14	10	63	0
2.265	1	10	227	6	14	10	63	0
2.267	1	10	227	8	14	10	63	0
2.269	1	10	227	10	14	10	63	0
2.271	1	10	228	2	14	10	63	0
2.272	1	10	228	3	14	10	63	0
2.274	1	10	228	5	14	10	63	0
2.276	1	10	228	7	14	10	63	0
2.278	1	10	228	9	14	10	63	0
2.28	1	10	229	1	14	10	63	0
2.282	1	10	229	3	14	10	63	0
2.284	1	10	229	5	14	10	63	0
2.286	1	10	229	7	14	10	63	0
2.287	1	10	229	8	14	10	63	0
2.289	1	10	229	10	14	10	63	0
2.291	1	10	230	2	14	10	63	0
2.293	1	10	230	4	14	10	63	0
2.295	1	10	230	6	14	10	63	0
2.297	1	10	230	8	14	10	63	0
2.299	1	10	230	10	14	10	63	0
2.301	1	10	231	2	14	10	63	0
2.302	1	10	231	3	14	10	63	0
2.304	1	10	231	5	14	10	63	0
2.306	1	10	231	7	14	10	63	0
2.308	1	10	231	9	14	10	63	0
2.31	1	10	232	1	14	10	63	0
2.312	1	10	232	3	14	10	63	0
2.314	1	10	232	5	14	10	63	0
2.316	1	10	232	7	14	10	63	0
2.317	1	10	232	8	14	10	63	0
2.319	1	10	232	10	14	10	63	0
2.321	1	10	233	2	14	10	63	0
2.323	1	10	233	4	14	10	63	0
2.325	1	10	233	6	14	10	63	0
2.327	1	10	233	8	14	10	63	0
2.329	1	10	233	10	14	10	63	0
2.331	1	10	234	2	14	10	63	0
2.332	1	10	234	3	14	10	63	0
2.334	1	10	234	5	14	10	63	0
2.336	1	10	234	7	14	10	63	0
2.338	1	10	234	9	14	10	63	0
2.34	1	10	235	1	14	10	63	0
2.342	1	10	235	3	14	10	63	0
2.344	1	10	235	5	14	10	63	0
2.346	1	10	235	7	14	10	63	0
2.347	1	10	235	8	14	10	63	0
2.349	1	10	235	10	14	10	63	0
2.351	1	10	236	2	14	10	63	0
2.353	1	10	236	4	14	10	63	0
2.355	1	10	236	6	14	10	63	0
2.357	1	10	236	8	14	10	63	0
2.359	1	10	236	10	14	10	63	0
2.361	1	10	237	2	14	10	63	0
2.362	1	10	237	3	14	10	63	0
2.364	1	10	237	5	14	10	63	0
2.366	1	10	237	7	14	10	63	0
2.368	1	10	237	9	14	10	63	0
2.37	1	10	238	1	14	10	63	0
2.372	1	10	238	3	14	10	63	0
2.374	1	10	238	5	14	10	63	0
2.376	1	10	238	7	14	10	63	0
2.377	1	10	238	8	14	10	63	0
2.379	1	10	238	10	14	10	63	0
2.381	1	10	239	2	14	10	63	0
2.383	1	10	239	4	14	10	63	0
2.385	1	10	239	6	14	10	63	0
2.387	1	10	239	8	14	10	63	0
2.389	1	10	239	10	14	10	63	0
2.391	1	10	240	2	14	10	63	0
2.392	1	10	240	3	14	10	63	0
2.394	1	10	240	5	14	10	63	0
2.396	1	10	240	7	14	10	63	0
2.398	1	10	240	9	14	10	63	0
2.4	1	10	241	1	14	10	63	0
2.402	1	10	241	3	14	10	63	0
2.404	1	10	241	5	14	10	63	0
2.406	1	10	241	7	14	10	63	0
2.407	1	10	241	8	14	10	63	0
2.409	1	10	241	10	14	10	63	0
2.411	1	10	242	2	14	10	63	0
2.413	1	10	242	4	14	10	63	0
2.415	1	10	242	6	14	10	63	0
2.417	1	10	242	8	14	10	63	0
2.419	1	10	242	10	14	10	63	0
2.421	1	10	243	2	14	10	63	0
2.422	1	10	243	3	14	10	63	0
2.424	1	10	243	5	14	10	63	0
2.426	1	10	243	7	14	10	63	0
2.428	1	10	243	9	14	10	63	0
2.43	1	10	244	1	14	10	63	0
2.432	1	10	244	3	14	10	63	0
2.434	1	10	244	5	14	10	63	0
2.436	1	10	244	7	14	10	63	0
2.437	1	10	244	8	14	10	63	0
2.439	1	10	244	10	14	10	63	0
2.441	1	10	245	2	14	10	63	0
2.443	1	10	245	4	14	10	63	0
2.445	1	10	245	6	14	10	63	0
2.447	1	10	245	8	14	10	63	0
2.449	1	10	245	10	14	10	63	0
2.451	1	10	246	2	14	10	63	0
2.452	1	10	246	3	14	10	63	0
2.454	1	10	246	5	14	10	63	0
2.456	1	10	246	7	14	10	63	0
2.458	1	10	246	9	14	10	63	0
2.46	1	10	247	1	14	10	63	0
2.462	1	10	247	3	14	10	63	0
2.464	1	10	247	5	14	10	63	0
2.466	1	10	247	7	14	10	63	0
2.467	1	10	247	8	14	10	63	0
2.469	1	10	247	10	14	10	63	0
2.471	1	10	248	2	14	10	63	0
2.473	1	10	248	4	14	10	63	0
2.475	1	10	248	6	14	10	63	0
2.477	1	10	248	8	14	10	63	0
2.479	1	10	248	10	14	10	63	0
2.481	1	10	249	2	14	10	63	0
2.482	1	10	249	3	14	10	63	0
2.484	1	10	249	5	14	10	63	0
2.486	1	10	249	7	14	10	63	0
2.488	1	10	249	9	14	10	63	0
2.49	1	10	250	1	14	10	63	0
2.492	1	10	250	3	14	10	63	0
2.494	1	10	250	5	14	10	63	0
2.496	1	10	250	7	14	10	63	0
2.497	1	10	250	8	14	10	63	0
2.499	1	10	250	10	14	10	63	0
2.501	1	10	251	2	14	10	63	0
2.503	1	10	251	4	14	10	63	0
2.505	1	10	251	6	14	10	63	0
2.507	1	10	251	8	14	10	63	0
2.509	1	10	251	10	14	10	63	0
2.511	1	10	252	2	14	10	63	0
2.512	1	10	252	3	14	10	63	0
2.514	1	10	252	5	14	10	63	0
2.516	1	10	252	7	14	10	63	0
2.518	1	10	252	9	14	10	63	0
2.52	1	10	253	1	14	10	63	0
2.522	1	10	253	3	14	10	63	0
2.524	1	10	253	5	14	10	63	0
2.526	1	10	253	7	14	10	63	0
2.527	1	10	253	8	14	10	63	0
2.529	1	10	253	10	14	10	63	0
2.531	1	10	254	2	14	10	63	0
2.533	1	10	254	4	14	10	63	0
2.535	1	10	254	6	14	10	63	0
2.537	1	10	254	8	14	10	63	0
2.539	1	10	254	10	14	10	63	0
2.541	1	10	255	2	14	10	63	0
2.542	1	10	255	3	14	10	63	0
2.544	1	10	255	5	14	10	63	0
2.546	1	10	255	7	14	10	63	0
2.548	1	10	255	9	14	10	63	0
2.55	1	10	256	1	14	10	63	0
2.552	1	10	256	3	14	10	63	0
2.554	1	10	256	5	14	10	63	0
2.556	1	10	256	7	14	10	63	0
2.557	1	10	256	8	14	10	63	0
2.559	1	10	256	10	14	10	63	0
2.561	1	10	257	2	14	10	63	0
2.563	1	10	257	4	14	10	63	0
2.565	1	10	257	6	14	10	63	0
2.567	1	10	257	8	14	10	63	0
2.569	1	10	257	10	14	10	63	0
2.571	1	10	258	2	14	10	63	0
2.572	1	10	258	3	14	10	63	0
2.574	1	10	258	5	14	10	63	0
2.576	1	10	258	7	14	10	63	0
2.578	1	10	258	9	14	10	63	0
2.58	1	10	259	1	14	10	63	0
2.582	1	10	259	3	14	10	63	0
2.584	1	10	259	5	14	10	63	0
2.586	1	10	259	7	14	10	63	0
2.587	1	10	259	8	14	10	63	0
2.589	1	10	259	10	14	10	63	0
2.591	1	10	260	2	14	10	63	0
2.593	1	10	260	4	14	10	63	0
2.595	1	10	260	6	14	10	63	0
2.597	1	10	260	8	14	10	63	0
2.599	1	10	260	10	14	10	63	0
2.601	1	10	261	2	14	10	63	0
2.602	1	10	261	3	14	10	63	0
2.604	1	10	261	5	14	10	63	0
2.606	1	10	261	7	14	10	63	0
2.608	1	10	261	9	14	10	63	0
2.61	1	10	262	1	14	10	63	0
2.612	1	10	262	3	14	10	63	0
2.614	1	10	262	5	14	10	63	0
2.616	1	10	262	7	14	10	63	0
2.617	1	10	262	8	14	10	63	0
2.619	1	10	262	10	14	10	63	0
2.621	1	10	263	2	14	10	63	0
2.623	1	10	263	4	14	10	63	0
2.625	1	10	263	6	14	10	63	0
2.627	1	10	263	8	14	10	63	0
2.629	1	10	263	10	14	10	63	0
2.631	1	10	264	2	14	10	63	0
2.632	1	10	264	3	14	10	63	0
2.634	1	10	264	5	14	10	63	0
2.636	1	10	264	7	14	10	63	0
2.638	1	10	264	9	14	10	63	0
2.64	1	10	265	1	14	10	63	0
2.642	1	10	265	3	14	10	63	0
2.644	1	10	265	5	14	10	63	0
2.646	1	10	265	7	14	10	63	0
2.647	1	10	265	8	14	10	63	0
2.649	1	10	265	10	14	10	63	0
2.651	1	10	266	2	14	10	63	0
2.653	1	10	266	4	14	10	63	0
2.655	1	10	266	6	14	10	63	0
2.657	1	10	266	8	14	10	63	0
2.659	1	10	266	10	14	10	63	0
2.661	1	10	267	2	14	10	63	0
2.662	1	10	267	3	14	10	63	0
2.664	1	10	267	5	14	10	63	0
2.666	1	10	267	7	14	10	63	0
2.668	1	10	267	9	14	10	63	0
2.67	1	10	268	1	14	10	63	0
2.672	1	10	268	3	14	10	63	0
2.674	1	10	268	5	14	10	63	0
2.676	1	10	268	7	14	10	63	0
2.677	1	10	268	8	14	10	63	0
2.679	1	10	268	10	14	10	63	0
2.681	1	10	269	2	14	10	63	0
2.683	1	10	269	4	14	10	63	0
2.685	1	10	269	6	14	10	63	0
2.687	1	10	269	8	14	10	63	0
2.689	1	10	269	10	14	10	63	0
2.691	1	10	270	2	14	10	63	0
2.692	1	10	270	3	14	10	63	0
2.694	1	10	270	5	14	10	63	0
2.696	1	10	270	7	14	10	63	0
2.698	1	10	270	9	14	10	63	0
2.7	1	10	271	1	14	10	63	0
2.702	1	10	271	3	14	10	63	0
2.704	1	10	271	5	14	10	63	0
2.706	1	10	271	7	14	10	63	0
2.707	1	10	271	8	14	10	63	0
2.709	1	10	271	10	14	10	63	0
2.711	1	10	272	2	14	10	63	0
2.713	1	10	272	4	14	10	63	0
2.715	1	10	272	6	14	10	63	0
2.717	1	10	272	8	14	10	63	0
2.719	1	10	272	10	14	10	63	0
2.721	1	10	273	2	14	10	63	0
2.722	1	10	273	3	14	10	63	0
2.724	1	10	273	5	14	10	63	0
2.726	1	10	273	7	14	10	63	0
2.728	1	10	273	9	14	10	63	0
2.73	1	10	274	1	14	10	63	0
2.732	1	10	274	3	14	10	63	0
2.734	1	10	274	5	14	10	63	0
2.736	1	10	274	7	14	10	63	0
2.737	1	10	274	8	14	10	63	0
2.739	1	10	274	10	14	10	63	0
2.741	1	10	275	2	14	10	63	0
2.743	1	10	275	4	14	10	63	0
2.745	1	10	275	6	14	10	63	0
2.747	1	10	275	8	14	10	63	0
2.749	1	10	275	10	14	10	63	0
2.751	1	10	276	2	14	10	63	0
2.752	1	10	276	3	14	10	63	0
2.754	1	10	276	5	14	10	63	0
2.756	1	10	276	7	14	10	63	0
2.758	1	10	276	9	14	10	63	0
2.76	1	10	277	1	14	10	63	0
2.762	1	10	277	3	14	10	63	0
2.764	1	10	277	5	14	10	63	0
2.766	1	10	277	7	14	10	63	0
2.767	1	10	277	8	14	10	63	0
2.769	1	10	277	10	14	10	63	0
2.771	1	10	278	2	14	10	63	0
2.773	1	10	278	4	14	10	63	0
2.775	1	10	278	6	14	10	63	0
2.777	1	10	278	8	14	10	63	0
2.779	1	10	278	10	14	10	63	0
2.781	1	10	279	2	14	10	63	0
2.782	1	10	279	3	14	10	63	0
2.784	1	10	279	5	14	10	63	0
2.786	1	10	279	7	14	10	63	0
2.788	1	10	279	9	14	10	63	0
2.79	1	10	280	1	14	10	63	0
2.792	1	10	280	3	14	10	63	0
2.794	1	10	280	5	14	10	63	0
2.796	1	10	280	7	14	10	63	0
2.797	1	10	280	8	14	10	63	0
2.799	1	10	280	10	14	10	63	0
2.801	1	10	281	2	14	10	63	0
2.803	1	10	281	4	14	10	63	0
2.805	1	10	281	6	14	10	63	0
2.807	1	10	281	8	14	10	63	0
2.809	1	10	281	10	14	10	63	0
2.811	1	10	282	2	14	10	63	0
2.812	1	10	282	3	14	10	63	0
2.814	1	10	282	5	14	10	63	0
2.816	1	10	282	7	14	10	63	0
2.818	1	10	282	9	14	10	63	0
2.82	1	10	283	1	14	10	63	0
2.822	1	10	283	3	14	10	63	0
2.824	1	10	283	5	14	10	63	0
2.826	1	10	283	7	14	10	63	0
2.827	1	10	283	8	14	10	63	0
2.829	1	10	283	10	14	10	63	0
2.831	1	10	284	2	14	10	63	0
2.833	1	10	284	4	14	10	63	0
2.835	1	10	284	6	14	10	63	0
2.837	1	10	284	8	14	10	63	0
2.839	1	10	284	10	14	10	63	0
2.841	1	10	285	2	14	10	63	0
2.842	1	10	285	3	14	10	63	0
2.844	1	10	285	5	14	10	63	0
2.846	1	10	285	7	14	10	63	0
2.848	1	10	285	9	14	10	63	0
2.85	1	10	286	1	14	10	63	0
2.852	1	10	286	3	14	10	63	0
2.854	1	10	286	5	14	10	63	0
2.856	1	10	286	7	14	10	63	0
2.857	1	10	286	8	14	10	63	0
2.859	1	10	286	10	14	10	63	0
2.861	1	10	287	2	14	10	63	0
2.863	1	10	287	4	14	10	63	0
2.865	1	10	287	6	14	10	63	0
2.867	1	10	287	8	14	10	63	0
2.869	1	10	287	10	14	10	63	0
2.871	1	10	288	2	14	10	63	0
2.872	1	10	288	3	14	10	63	0
2.874	1	10	288	5	14	10	63	0
2.876	1	10	288	7	14	10	63	0
2.878	1	10	288	9	14	10	63	0
2.88	1	10	289	1	14	10	63	0
2.882	1	10	289	3	14	10	63	0
2.884	1	10	289	5	14	10	63	0
2.886	1	10	289	7	14	10	63	0
2.887	1	10	289	8	14	10	63	0
2.889	1	10	289	10	14	10	63	0
2.891	1	10	290	2	14	10	63	0
2.893	1	10	290	4	14	10	63	0
2.895	1	10	290	6	14	10	63	0
2.897	1	10	290	8	14	10	63	0
2.899	1	10	290	10	14	10	63	0
2.901	1	10	291	2	14	10	63	0
2.902	1	10	291	3	14	10	63	0
2.904	1	10	291	5	14	10	63	0
2.906	1	10	291	7	14	10	63	0
2.908	1	10	291	9	14	10	63	0
2.91	1	10	292	1	14	10	63	0
2.912	1	10	292	3	14	10	63	0
2.914	1	10	292	5	14	10	63	0
2.916	1	10	292	7	14	10	63	0
2.917	1	10	292	8	14	10	63	0
2.919	1	10	292	10	14	10	63	0
2.921	1	10	293	2	14	10	63	0
2.923	1	10	293	4	14	10	63	0
2.925	1	10	293	6	14	10	63	0
2.927	1	10	293	8	14	10	63	0
2.929	1	10	293	10	14	10	63	0
2.931	1	10	294	2	14	10	63	0
2.932	1	10	294	3	14	10	63	0
2.934	1	10	294	5	14	10	63	0
2.936	1	10	294	7	14	10	63	0
2.938	1	10	294	9	14	10	63	0
2.94	1	10	295	1	14	10	63	0
2.942	1	10	295	3	14	10	63	0
2.944	1	10	295	5	14	10	63	0
2.946	1	10	295	7	14	10	63	0
2.947	1	10	295	8	14	10	63	0
2.949	1	10	295	10	14	10	63	0
2.951	1	10	296	2	14	10	63	0
2.953	1	10	296	4	14	10	63	0
2.955	1	10	296	6	14	10	63	0
2.957	1	10	296	8	14	10	63	0
2.959	1	10	296	10	14	10	63	0
2.961	1	10	297	2	14	10	63	0
2.962	1	10	297	3	14	10	63	0
2.964	1	10	297	5	14	10	63	0
2.966	1	10	297	7	14	10	63	0
2.968	1	10	297	9	14	10	63	0
2.97	1	10	298	1	14	10	63	0
2.972	1	10	298	3	14	10	63	0
2.974	1	10	298	5	14	10	63	0
2.976	1	10	298	7	14	10	63	0
2.977	1	10	298	8	14	10	63	0
2.979	1	10	298	10	14	10	63	0
2.981	1	10	299	2	14	10	63	0
2.983	1	10	299	4	14	10	63	0
2.985	1	10	299	6	14	10	63	0
2.987	1	10	299	8	14	10	63	0
2.989	1	10	299	10	14	10	63	0
2.991	1	10	300	2	14	10	63	0
2.992	1	10	300	3	14	10	63	0
2.994	1	10	300	5	14	10	63	0
2.996	1	10	300	7	14	10	63	0
2.998	1	10	300	9	14	10	63	0
3	1	10	301	1	14	10	63	0
3.002	1	10	301	3	14	10	63	0
3.004	1	10	301	5	14	10	63	0
3.006	1	10	301	7	14	10	63	0
3.007	1	10	301	8	14	10	63	0
3.009	1	10	301	10	14	10	63	0
3.011	1	10	302	2	14	10	63	0
3.013	1	10	302	4	14	10	63	0
3.015	1	10	302	6	14	10	63	0
3.017	1	10	302	8	14	10	63	0
3.019	1	10	302	10	14	10	63	0
3.021	1	10	303	2	14	10	63	0
3.022	1	10	303	3	14	10	63	0
3.024	1	10	303	5	14	10	63	0
3.026	1	10	303	7	14	10	63	0
3.028	1	10	303	9	14	10	63	0
3.03	1	10	304	1	14	10	63	0
3.032	1	10	304	3	14	10	63	0
3.034	1	10	304	5	14	10	63	0
3.036	1	10	304	7	14	10	63	0
3.037	1	10	304	8	14	10	63	0
3.039	1	10	304	10	14	10	63	0
3.041	1	10	305	2	14	10	63	0
3.043	1	10	305	4	14	10	63	0
3.045	1	10	305	6	14	10	63	0
3.047	1	10	305	8	14	10	63	0
3.049	1	10	305	10	14	10	63	0
3.051	1	10	306	2	14	10	63	0
3.052	1	10	306	3	14	10	63	0
3.054	1	10	306	5	14	10	63	0
3.056	1	10	306	7	14	10	63	0
3.058	1	10	306	9	14	10	63	0
3.06	1	10	307	1	14	10	63	0
3.062	1	10	307	3	14	10	63	0
3.064	1	10	307	5	14	10	63	0
3.066	1	10	307	7	14	10	63	0
3.067	1	10	307	8	14	10	63	0
3.069	1	10	307	10	14	10	63	0
3.071	1	10	308	2	14	10	63	0
3.073	1	10	308	4	14	10	63	0
3.075	1	10	308	6	14	10	63	0
3.077	1	10	308	8	14	10	63	0
3.079	1	10	308	10	14	10	63	0
3.081	1	10	309	2	14	10	63	0
3.082	1	10	309	3	14	10	63	0
3.084	1	10	309	5	14	10	63	0
3.086	1	10	309	7	14	10	63	0
3.088	1	10	309	9	14	10	63	0
3.09	1	10	310	1	14	10	63	0
3.092	1	10	310	3	14	10	63	0
3.094	1	10	310	5	14	10	63	0
3.096	1	10	310	7	14	10	63	0
3.097	1	10	310	8	14	10	63	0
3.099	1	10	310	10	14	10	63	0
3.101	1	10	311	2	14	10	63	0
3.103	1	10	311	4	14	10	63	0
3.105	1	10	311	6	14	10	63	0
3.107	1	10	311	8	14	10	63	0
3.109	1	10	311	10	14	10	63	0
3.111	1	10	312	2	14	10	63	0
3.112	1	10	312	3	14	10	63	0
3.114	1	10	312	5	14	10	63	0
3.116	1	10	312	7	14	10	63	0
3.118	1	10	312	9	14	10	63	0
3.12	1	10	313	1	14	10	63	0
3.122	1	10	313	3	14	10	63	0
3.124	1	10	313	5	14	10	63	0
3.126	1	10	313	7	14	10	63	0
3.127	1	10	313	8	14	10	63	0
3.129	1	10	313	10	14	10	63	0
3.131	1	10	314	2	14	10	63	0
3.133	1	10	314	4	14	10	63	0
3.135	1	10	314	6	14	10	63	0
3.137	1	10	314	8	14	10	63	0
3.139	1	10	314	10	14	10	63	0
3.141	1	10	315	2	14	10	63	0
3.142	1	10	315	3	14	10	63	0
3.144	1	10	315	5	14	10	63	0
3.146	1	10	315	7	14	10	63	0
3.148	1	10	315	9	14	10	63	0
3.15	1	10	316	1	14	10	63	0
3.152	1	10	316	3	14	10	63	0
3.154	1	10	316	5	14	10	63	0
3.156	1	10	316	7	14	10	63	0
3.157	1	10	316	8	14	10	63	0
3.159	1	10	316	10	14	10	63	0
3.161	1	10	317	2	14	10	63	0
3.163	1	10	317	4	14	10	63	0
3.165	1	10	317	6	14	10	63	0
3.167	1	10	317	8	14	10	63	0
3.169	1	10	317	10	14	10	63	0
3.171	1	10	318	2	14	10	63	0
3.172	1	10	318	3	14	10	63	0
3.174	1	10	318	5	14	10	63	0
3.176	1	10	318	7	14	10	63	0
3.178	1	10	318	9	14	10	63	0
3.18	1	10	319	1	14	10	63	0
3.182	1	10	319	3	14	10	63	0
3.184	1	10	319	5	14	10	63	0
3.186	1	10	319	7	14	10	63	0
3.187	1	10	319	8	14	10	63	0
3.189	1	10	319	10	14	10	63	0
3.191	1	10	320	2	14	10	63	0
3.193	1	10	320	4	14	10	63	0
3.195	1	10	320	6	14	10	63	0
3.197	1	10	320	8	14	10	63	0
3.199	1	10	320	10	14	10	63	0
3.201	1	10	321	2	14	10	63	0
3.202	1	10	321	3	14	10	63	0
3.204	1	10	321	5	14	10	63	0
3.206	1	10	321	7	14	10	63	0
3.208	1	10	321	9	14	10	63	0
3.21	1	10	322	1	14	10	63	0
3.212	1	10	322	3	14	10	63	0
3.214	1	10	322	5	14	10	63	0
3.216	1	10	322	7	14	10	63	0
3.217	1	10	322	8	14	10	63	0
3.219	1	10	322	10	14	10	63	0
3.221	1	10	323	2	14	10	63	0
3.223	1	10	323	4	14	10	63	0
3.225	1	10	323	6	14	10	63	0
3.227	1	10	323	8	14	10	63	0
3.229	1	10	323	10	14	10	63	0
3.231	1	10	324	2	14	10	63	0
3.232	1	10	324	3	14	10	63	0
3.234	1	10	324	5	14	10	63	0
3.236	1	10	324	7	14	10	63	0
3.238	1	10	324	9	14	10	63	0
3.24	1	10	325	1	14	10	63	0
3.242	1	10	325	3	14	10	63	0
3.244	1	10	325	5	14	10	63	0
3.246	1	10	325	7	14	10	63	0
3.247	1	10	325	8	14	10	63	0
3.249	1	10	325	10	14	10	63	0
3.251	1	10	326	2	14	10	63	0
3.253	1	10	326	4	14	10	63	0
3.255	1	10	326	6	14	10	63	0
3.257	1	10	326	8	14	10	63	0
3.259	1	10	326	10	14	10	63	0
3.261	1	10	327	2	14	10	63	0
3.262	1	10	327	3	14	10	63	0
3.264	1	10	327	5	14	10	63	0
3.266	1	10	327	7	14	10	63	0
3.268	1	10	327	9	14	10	63	0
3.27	1	10	328	1	14	10	63	0
3.272	1	10	328	3	14	10	63	0
3.274	1	10	328	5	14	10	63	0
3.276	1	10	328	7	14	10	63	0
3.277	1	10	328	8	14	10	63	0
3.279	1	10	328	10	14	10	63	0
3.281	1	10	329	2	14	10	63	0
3.283	1	10	329	4	14	10	63	0
3.285	1	10	329	6	14	10	63	0
3.287	1	10	329	8	14	10	63	0
3.289	1	10	329	10	14	10	63	0
3.291	1	10	330	2	14	10	63	0
3.292	1	10	330	3	14	10	63	0
3.294	1	10	330	5	14	10	63	0
3.296	1	10	330	7	14	10	63	0
3.298	1	10	330	9	14	10	63	0
3.3	1	10	331	1	14	10	63	0
3.302	1	10	331	3	14	10	63	0
3.304	1	10	331	5	14	10	63	0
3.306	1	10	331	7	14	10	63	0
3.307	1	10	331	8	14	10	63	0
3.309	1	10	331	10	14	10	63	0
3.311	1	10	332	2	14	10	63	0
3.313	1	10	332	4	14	10	63	0
3.315	1	10	332	6	14	10	63	0
3.317	1	10	332	8	14	10	63	0
3.319	1	10	332	10	14	10	63	0
3.321	1	10	333	2	14	10	63	0
3.322	1	10	333	3	14	10	63	0
3.324	1	10	333	5	14	10	63	0
3.326	1	10	333	7	14	10	63	0
3.328	1	10	333	9	14	10	63	0
3.33	1	10	334	1	14	10	63	0
3.332	1	10	334	3	14	10	63	0
3.334	1	10	334	5	14	10	63	0
3.336	1	10	334	7	14	10	63	0
3.337	1	10	334	8	14	10	63	0
3.339	1	10	334	10	14	10	63	0
3.341	1	10	335	2	14	10	63	0
3.343	1	10	335	4	14	10	63	0
3.345	1	10	335	6	14	10	63	0
3.347	1	10	335	8	14	10	63	0
3.349	1	10	335	10	14	10	63	0
3.351	1	10	336	2	14	10	63	0
3.352	1	10	336	3	14	10	63	0
3.354	1	10	336	5	14	10	63	0
3.356	1	10	336	7	14	10	63	0
3.358	1	10	336	9	14	10	63	0
3.36	1	10	337	1	14	10	63	0
3.362	1	10	337	3	14	10	63	0
3.364	1	10	337	5	14	10	63	0
3.366	1	10	337	7	14	10	63	0
3.367	1	10	337	8	14	10	63	0
3.369	1	10	337	10	14	10	63	0
3.371	1	10	338	2	14	10	63	0
3.373	1	10	338	4	14	10	63	0
3.375	1	10	338	6	14	10	63	0
3.377	1	10	338	8	14	10	63	0
3.379	1	10	338	10	14	10	63	0
3.381	1	10	339	2	14	10	63	0
3.382	1	10	339	3	14	10	63	0
3.384	1	10	339	5	14	10	63	0
3.386	1	10	339	7	14	10	63	0
3.388	1	10	339	9	14	10	63	0
3.39	1	10	340	1	14	10	63	0
3.392	1	10	340	3	14	10	63	0
3.394	1	10	340	5	14	10	63	0
3.396	1	10	340	7	14	10	63	0
3.397	1	10	340	8	14	10	63	0
3.399	1	10	340	10	14	10	63	0
3.401	1	10	341	2	14	10	63	0
3.403	1	10	341	4	14	10	63	0
3.405	1	10	341	6	14	10	63	0
3.407	1	10	341	8	14	10	63	0
3.409	1	10	341	10	14	10	63	0
3.411	1	10	342	2	14	10	63	0
3.412	1	10	342	3	14	10	63	0
3.414	1	10	342	5	14	10	63	0
3.416	1	10	342	7	14	10	63	0
3.418	1	10	342	9	14	10	63	0
3.42	1	10	343	1	14	10	63	0
3.422	1	10	343	3	14	10	63	0
3.424	1	10	343	5	14	10	63	0
3.426	1	10	343	7	14	10	63	0
3.427	1	10	343	8	14	10	63	0
3.429	1	10	343	10	14	10	63	0
3.431	1	10	344	2	14	10	63	0
3.433	1	10	344	4	14	10	63	0
3.435	1	10	344	6	14	10	63	0
3.437	1	10	344	8	14	10	63	0
3.439	1	10	344	10	14	10	63	0
3.441	1	10	345	2	14	10	63	0
3.442	1	10	345	3	14	10	63	0
3.444	1	10	345	5	14	10	63	0
3.446	1	10	345	7	14	10	63	0
3.448	1	10	345	9	14	10	63	0
3.45	1	10	346	1	14	10	63	0
3.452	1	10	346	3	14	10	63	0
3.454	1	10	346	5	14	10	63	0
3.456	1	10	346	7	14	10	63	0
3.457	1	10	346	8	14	10	63	0
3.459	1	10	346	10	14	10	63	0
3.461	1	10	347	2	14	10	63	0
3.463	1	10	347	4	14	10	63	0
3.465	1	10	347	6	14	10	63	0
3.467	1	10	347	8	14	10	63	0
3.469	1	10	347	10	14	10	63	0
3.471	1	10	348	2	14	10	63	0
3.472	1	10	348	3	14	10	63	0
3.474	1	10	348	5	14	10	63	0
3.476	1	10	348	7	14	10	63	0
3.478	1	10	348	9	14	10	63	0
3.48	1	10	349	1	14	10	63	0
3.482	1	10	349	3	14	10	63	0
3.484	1	10	349	5	14	10	63	0
3.486	1	10	349	7	14	10	63	0
3.487	1	10	349	8	14	10	63	0
3.489	1	10	349	10	14	10	63	0
3.491	1	10	350	2	14	10	63	0
3.493	1	10	350	4	14	10	63	0
3.495	1	10	350	6	14	10	63	0
3.497	1	10	350	8	14	10	63	0
3.499	1	10	350	10	14	10	63	0
3.501	1	10	351	2	14	10	63	0
3.502	1	10	351	3	14	10	63	0
3.504	1	10	351	5	14	10	63	0
3.506	1	10	351	7	14	10	63	0
3.508	1	10	351	9	14	10	63	0
3.51	1	10	352	1	14	10	63	0
3.512	1	10	352	3	14	10	63	0
3.514	1	10	352	5	14	10	63	0
3.516	1	10	352	7	14	10	63	0
3.517	1	10	352	8	14	10	63	0
3.519	1	10	352	10	14	10	63	0
3.521	1	10	353	2	14	10	63	0
3.523	1	10	353	4	14	10	63	0
3.525	1	10	353	6	14	10	63	0
3.527	1	10	353	8	14	10	63	0
3.529	1	10	353	10	14	10	63	0
3.531	1	10	354	2	14	10	63	0
3.532	1	10	354	3	14	10	63	0
3.534	1	10	354	5	14	10	63	0
3.536	1	10	354	7	14	10	63	0
3.538	1	10	354	9	14	10	63	0
3.54	1	10	355	1	14	10	63	0
3.542	1	10	355	3	14	10	63	0
3.544	1	10	355	5	14	10	63	0
3.546	1	10	355	7	14	10	63	0
3.547	1	10	355	8	14	10	63	0
3.549	1	10	355	10	14	10	63	0
3.551	1	10	356	2	14	10	63	0
3.553	1	10	356	4	14	10	63	0
3.555	1	10	356	6	14	10	63	0
3.557	1	10	356	8	14	10	63	0
3.559	1	10	356	10	14	10	63	0
3.561	1	10	357	2	14	10	63	0
3.562	1	10	357	3	14	10	63	0
3.564	1	10	357	5	14	10	63	0
3.566	1	10	357	7	14	10	63	0
3.568	1	10	357	9	14	10	63	0
3.57	1	10	358	1	14	10	63	0
3.572	1	10	358	3	14	10	63	0
3.574	1	10	358	5	14	10	63	0
3.576	1	10	358	7	14	10	63	0
3.577	1	10	358	8	14	10	63	0
3.579	1	10	358	10	14	10	63	0
3.581	1	10	359	2	14	10	63	0
3.583	1	10	359	4	14	10	63	0
3.585	1	10	359	6	14	10	63	0
3.587	1	10	359	8	14	10	63	0
3.589	1	10	359	10	14	10	63	0
3.591	1	10	360	2	14	10	63	0
3.592	1	10	360	3	14	10	63	0
3.594	1	10	360	5	14	10	63	0
3.596	1	10	360	7	14	10	63	0
3.598	1	10	360	9	14	10	63	0
3.6	1	10	361	1	14	10	63	0
3.602	1	10	361	3	14	10	63	0
3.604	1	10	361	5	14	10	63	0
3.606	1	10	361	7	14	10	63	0
3.607	1	10	361	8	14	10	63	0
3.609	1	10	361	10	14	10	63	0
3.611	1	10	362	2	14	10	63	0
3.613	1	10	362	4	14	10	63	0
3.615	1	10	362	6	14	10	63	0
3.617	1	10	362	8	14	10	63	0
3.619	1	10	362	10	14	10	63	0
3.621	1	10	363	2	14	10	63	0
3.622	1	10	363	3	14	10	63	0
3.624	1	10	363	5	14	10	63	0
3.626	1	10	363	7	14	10	63	0
3.628	1	10	363	9	14	10	63	0
3.63	1	10	364	1	14	10	63	0
3.632	1	10	364	3	14	10	63	0
3.634	1	10	364	5	14	10	63	0
3.636	1	10	364	7	14	10	63	0
3.637	1	10	364	8	14	10	63	0
3.639	1	10	364	10	14	10	63	0
3.641	1	10	365	2	14	10	63	0
3.643	1	10	365	4	14	10	63	0
3.645	1	10	365	6	14	10	63	0
3.647	1	10	365	8	14	10	63	0
3.649	1	10	365	10	14	10	63	0
3.651	1	10	366	2	14	10	63	0
3.652	1	10	366	3	14	10	63	0
3.654	1	10	366	5	14	10	63	0
3.656	1	10	366	7	14	10	63	0
3.658	1	10	366	9	14	10	63	0
3.66	1	10	367	1	14	10	63	0
3.662	1	10	367	3	14	10	63	0
3.664	1	10	367	5	14	10	63	0
3.666	1	10	367	7	14	10	63	0
3.667	1	10	367	8	14	10	63	0
3.669	1	10	367	10	14	10	63	0
3.671	1	10	368	2	14	10	63	0
3.673	1	10	368	4	14	10	63	0
3.675	1	10	368	6	14	10	63	0
3.677	1	10	368	8	14	10	63	0
3.679	1	10	368	10	14	10	63	0
3.681	1	10	369	2	14	10	63	0
3.682	1	10	369	3	14	10	63	0
3.684	1	10	369	5	14	10	63	0
3.686	1	10	369	7	14	10	63	0
3.688	1	10	369	9	14	10	63	0
3.69	1	10	370	1	14	10	63	0
3.692	1	10	370	3	14	10	63	0
3.694	1	10	370	5	14	10	63	0
3.696	1	10	370	7	14	10	63	0
3.697	1	10	370	8	14	10	63	0
3.699	1	10	370	10	14	10	63	0
3.701	1	10	371	2	14	10	63	0
3.703	1	10	371	4	14	10	63	0
3.705	1	10	371	6	14	10	63	0
3.707	1	10	371	8	14	10	63	0
3.709	1	10	371	10	14	10	63	0
3.711	1	10	372	2	14	10	63	0
3.712	1	10	372	3	14	10	63	0
3.714	1	10	372	5	14	10	63	0
3.716	1	10	372	7	14	10	63	0
3.718	1	10	372	9	14	10	63	0
3.72	1	10	373	1	14	10	63	0
3.722	1	10	373	3	14	10	63	0
3.724	1	10	373	5	14	10	63	0
3.726	1	10	373	7	14	10	63	0
3.727	1	10	373	8	14	10	63	0
3.729	1	10	373	10	14	10	63	0
3.731	1	10	374	2	14	10	63	0
3.733	1	10	374	4	14	10	63	0
3.735	1	10	374	6	14	10	63	0
3.737	1	10	374	8	14	10	63	0
3.739	1	10	374	10	14	10	63	0
3.741	1	10	375	2	14	10	63	0
3.742	1	10	375	3	14	10	63	0
3.744	1	10	375	5	14	10	63	0
3.746	1	10	375	7	14	10	63	0
3.748	1	10	375	9	14	10	63	0
3.75	1	10	376	1	14	10	63	0
3.752	1	10	376	3	14	10	63	0
3.754	1	10	376	5	14	10	63	0
3.756	1	10	376	7	14	10	63	0
3.757	1	10	376	8	14	10	63	0
3.759	1	10	376	10	14	10	63	0
3.761	1	10	377	2	14	10	63	0
3.763	1	10	377	4	14	10	63	0
3.765	1	10	377	6	14	10	63	0
3.767	1	10	377	8	14	10	63	0
3.769	1	10	377	10	14	10	63	0
3.771	1	10	378	2	14	10	63	0
3.772	1	10	378	3	14	10	63	0
3.774	1	10	378	5	14	10	63	0
3.776	1	10	378	7	14	10	63	0
3.778	1	10	378	9	14	10	63	0
3.78	1	10	379	1	14	10	63	0
3.782	1	10	379	3	14	10	63	0
3.784	1	10	379	5	14	10	63	0
3.786	1	10	379	7	14	10	63	0
3.787	1	10	379	8	14	10	63	0
3.789	1	10	379	10	14	10	63	0
3.791	1	10	380	2	14	10	63	0
3.793	1	10	380	4	14	10	63	0
3.795	1	10	380	6	14	10	63	0
3.797	1	10	380	8	14	10	63	0
3.799	1	10	380	10	14	10	63	0
3.801	1	10	381	2	14	10	63	0
3.802	1	10	381	3	14	10	63	0
3.804	1	10	381	5	14	10	63	0
3.806	1	10	381	7	14	10	63	0
3.808	1	10	381	9	14	10	63	0
3.81	1	10	382	1	14	10	63	0
3.812	1	10	382	3	14	10	63	0
3.814	1	10	382	5	14	10	63	0
3.816	1	10	382	7	14	10	63	0
3.817	1	10	382	8	14	10	63	0
3.819	1	10	382	10	14	10	63	0
3.821	1	10	383	2	14	10	63	0
3.823	1	10	383	4	14	10	63	0
3.825	1	10	383	6	14	10	63	0
3.827	1	10	383	8	14	10	63	0
3.829	1	10	383	10	14	10	63	0
3.831	1	10	384	2	14	10	63	0
3.832	1	10	384	3	14	10	63	0
3.834	1	10	384	5	14	10	63	0
3.836	1	10	384	7	14	10	63	0
3.838	1	10	384	9	14	10	63	0
3.84	1	10	385	1	14	10	63	0
3.842	1	10	385	3	14	10	63	0
3.844	1	10	385	5	14	10	63	0
3.846	1	10	385	7	14	10	63	0
3.847	1	10	385	8	14	10	63	0
3.849	1	10	385	10	14	10	63	0
3.851	1	10	386	2	14	10	63	0
3.853	1	10	386	4	14	10	63	0
3.855	1	10	386	6	14	10	63	0
3.857	1	10	386	8	14	10	63	0
3.859	1	10	386	10	14	10	63	0
3.861	1	10	387	2	14	10	63	0
3.862	1	10	387	3	14	10	63	0
3.864	1	10	387	5	14	10	63	0
3.866	1	10	387	7	14	10	63	0
3.868	1	10	387	9	14	10	63	0
3.87	1	10	388	1	14	10	63	0
3.872	1	10	388	3	14	10	63	0
3.874	1	10	388	5	14	10	63	0
3.876	1	10	388	7	14	10	63	0
3.877	1	10	388	8	14	10	63	0
3.879	1	10	388	10	14	10	63	0
3.881	1	10	389	2	14	10	63	0
3.883	1	10	389	4	14	10	63	0
3.885	1	10	389	6	14	10	63	0
3.887	1	10	389	8	14	10	63	0
3.889	1	10	389	10	14	10	63	0
3.891	1	10	390	2	14	10	63	0
3.892	1	10	390	3	14	10	63	0
3.894	1	10	390	5	14	10	63	0
3.896	1	10	390	7	14	10	63	0
3.898	1	10	390	9	14	10	63	0
3.9	1	10	391	1	14	10	63	0
3.902	1	10	391	3	14	10	63	0
3.904	1	10	391	5	14	10	63	0
3.906	1	10	391	7	14	10	63	0
3.907	1	10	391	8	14	10	63	0
3.909	1	10	391	10	14	10	63	0
3.911	1	10	392	2	14	10	63	0
3.913	1	10	392	4	14	10	63	0
3.915	1	10	392	6	14	10	63	0
3.917	1	10	392	8	14	10	63	0
3.919	1	10	392	10	14	10	63	0
3.921	1	10	393	2	14	10	63	0
3.922	1	10	393	3	14	10	63	0
3.924	1	10	393	5	14	10	63	0
3.926	1	10	393	7	14	10	63	0
3.928	1	10	393	9	14	10	63	0
3.93	1	10	394	1	14	10	63	0
3.932	1	10	394	3	14	10	63	0
3.934	1	10	394	5	14	10	63	0
3.936	1	10	394	7	14	10	63	0
3.937	1	10	394	8	14	10	63	0
3.939	1	10	394	10	14	10	63	0
3.941	1	10	395	2	14	10	63	0
3.943	1	10	395	4	14	10	63	0
3.945	1	10	395	6	14	10	63	0
3.947	1	10	395	8	14	10	63	0
3.949	1	10	395	10	14	10	63	0
3.951	1	10	396	2	14	10	63	0
3.952	1	10	396	3	14	10	63	0
3.954	1	10	396	5	14	10	63	0
3.956	1	10	396	7	14	10	63	0
3.958	1	10	396	9	14	10	63	0
3.96	1	10	397	1	14	10	63	0
3.962	1	10	397	3	14	10	63	0
3.964	1	10	397	5	14	10	63	0
3.966	1	10	397	7	14	10	63	0
3.967	1	10	397	8	14	10	63	0
3.969	1	10	397	10	14	10	63	0
3.971	1	10	398	2	14	10	63	0
3.973	1	10	398	4	14	10	63	0
3.975	1	10	398	6	14	10	63	0
3.977	1	10	398	8	14	10	63	0
3.979	1	10	398	10	14	10	63	0
3.981	1	10	399	2	14	10	63	0
3.982	1	10	399	3	14	10	63	0
3.984	1	10	399	5	14	10	63	0
3.986	1	10	399	7	14	10	63	0
3.988	1	10	399	9	14	10	63	0
3.99	1	10	400	1	14	10	63	0
3.992	1	10	400	3	14	10	63	0
3.994	1	10	400	5	14	10	63	0
3.996	1	10	400	7	14	10	63	0
3.997	1	10	400	8	14	10	63	0
3.999	1	10	400	10	14	10	63	0
4.001	1	10	401	2	14	10	63	0
4.003	1	10	401	4	14	10	63	0
4.005	1	10	401	6	14	10	63	0
4.007	1	10	401	8	14	10	63	0
4.009	1	10	401	10	14	10	63	0
4.011	1	10	402	2	14	10	63	0
4.012	1	10	402	3	14	10	63	0
4.014	1	10	402	5	14	10	63	0
4.016	1	10	402	7	14	10	63	0
4.018	1	10	402	9	14	10	63	0
4.02	1	10	403	1	14	10	63	0
4.022	1	10	403	3	14	10	63	0
4.024	1	10	403	5	14	10	63	0
4.026	1	10	403	7	14	10	63	0
4.027	1	10	403	8	14	10	63	0
4.029	1	10	403	10	14	10	63	0
4.031	1	10	404	2	14	10	63	0
4.033	1	10	404	4	14	10	63	0
4.035	1	10	404	6	14	10	63	0
4.037	1	10	404	8	14	10	63	0
4.039	1	10	404	10	14	10	63	0
4.041	1	10	405	2	14	10	63	0
4.042	1	10	405	3	14	10	63	0
4.044	1	10	405	5	14	10	63	0
4.046	1	10	405	7	14	10	63	0
4.048	1	10	405	9	14	10	63	0
4.05	1	10	406	1	14	10	63	0
4.052	1	10	406	3	14	10	63	0
4.054	1	10	406	5	14	10	63	0
4.056	1	10	406	7	14	10	63	0
4.057	1	10	406	8	14	10	63	0
4.059	1	10	406	10	14	10	63	0
4.061	1	10	407	2	14	10	63	0
4.063	1	10	407	4	14	10	63	0
4.065	1	10	407	6	14	10	63	0
4.067	1	10	407	8	14	10	63	0
4.069	1	10	407	10	14	10	63	0
4.071	1	10	408	2	14	10	63	0
4.072	1	10	408	3	14	10	63	0
4.074	1	10	408	5	14	10	63	0
4.076	1	10	408	7	14	10	63	0
4.078	1	10	408	9	14	10	63	0
4.08	1	10	409	1	14	10	63	0
4.082	1	10	409	3	14	10	63	0
4.084	1	10	409	5	14	10	63	0
4.086	1	10	409	7	14	10	63	0
4.087	1	10	409	8	14	10	63	0
4.089	1	10	409	10	14	10	63	0
4.091	1	10	410	2	14	10	63	0
4.093	1	10	410	4	14	10	63	0
4.095	1	10	410	6	14	10	63	0
4.097	1	10	410	8	14	10	63	0
4.099	1	10	410	10	14	10	63	0
4.101	1	10	411	2	14	10	63	0
4.102	1	10	411	3	14	10	63	0
4.104	1	10	411	5	14	10	63	0
4.106	1	10	411	7	14	10	63	0
4.108	1	10	411	9	14	10	63	0
4.11	1	10	412	1	14	10	63	0
4.112	1	10	412	3	14	10	63	0
4.114	1	10	412	5	14	10	63	0
4.116	1	10	412	7	14	10	63	0
4.117	1	10	412	8	14	10	63	0
4.119	1	10	412	10	14	10	63	0
4.121	1	10	413	2	14	10	63	0
4.123	1	10	413	4	14	10	63	0
4.125	1	10	413	6	14	10	63	0
4.127	1	10	413	8	14	10	63	0
4.129	1	10	413	10	14	10	63	0
4.131	1	10	414	2	14	10	63	0
4.132	1	10	414	3	14	10	63	0
4.134	1	10	414	5	14	10	63	0
4.136	1	10	414	7	14	10	63	0
4.138	1	10	414	9	14	10	63	0
4.14	1	10	415	1	14	10	63	0
4.142	1	10	415	3	14	10	63	0
4.144	1	10	415	5	14	10	63	0
4.146	1	10	415	7	14	10	63	0
4.147	1	10	415	8	14	10	63	0
4.149	1	10	415	10	14	10	63	0
4.151	1	10	416	2	14	10	63	0
4.153	1	10	416	4	14	10	63	0
4.155	1	10	416	6	14	10	63	0
4.157	1	10	416	8	14	10	63	0
4.159	1	10	416	10	14	10	63	0
4.161	1	10	417	2	14	10	63	0
4.162	1	10	417	3	14	10	63	0
4.164	1	10	417	5	14	10	63	0
4.166	1	10	417	7	14	10	63	0
4.168	1	10	417	9	14	10	63	0
4.17	1	10	418	1	14	10	63	0
4.172	1	10	418	3	14	10	63	0
4.174	1	10	418	5	14	10	63	0
4.176	1	10	418	7	14	10	63	0
4.177	1	10	418	8	14	10	63	0
4.179	1	10	418	10	14	10	63	0
4.181	1	10	419	2	14	10	63	0
4.183	1	10	419	4	14	10	63	0
4.185	1	10	419	6	14	10	63	0
4.187	1	10	419	8	14	10	63	0
4.189	1	10	419	10	14	10	63	0
4.191	1	10	420	2	14	10	63	0
4.192	1	10	420	3	14	10	63	0
4.194	1	10	420	5	14	10	63	0
4.196	1	10	420	7	14	10	63	0
4.198	1	10	420	9	14	10	63	0
4.2	1	10	421	1	14	10	63	0
4.202	1	10	421	3	14	10	63	0
4.204	1	10	421	5	14	10	63	0
4.206	1	10	421	7	14	10	63	0
4.207	1	10	421	8	14	10	63	0
4.209	1	10	421	10	14	10	63	0
4.211	1	10	422	2	14	10	63	0
4.213	1	10	422	4	14	10	63	0
4.215	1	10	422	6	14	10	63	0
4.217	1	10	422	8	14	10	63	0
4.219	1	10	422	10	14	10	63	0
4.221	1	10	423	2	14	10	63	0
4.222	1	10	423	3	14	10	63	0
4.224	1	10	423	5	14	10	63	0
4.226	1	10	423	7	14	10	63	0
4.228	1	10	423	9	14	10	63	0
4.23	1	10	424	1	14	10	63	0
4.232	1	10	424	3	14	10	63	0
4.234	1	10	424	5	14	10	63	0
4.236	1	10	424	7	14	10	63	0
4.237	1	10	424	8	14	10	63	0
4.239	1	10	424	10	14	10	63	0
4.241	1	10	425	2	14	10	63	0
4.243	1	10	425	4	14	10	63	0
4.245	1	10	425	6	14	10	63	0
4.247	1	10	425	8	14	10	63	0
4.249	1	10	425	10	14	10	63	0
4.251	1	10	426	2	14	10	63	0
4.252	1	10	426	3	14	10	63	0
4.254	1	10	426	5	14	10	63	0
4.256	1	10	426	7	14	10	63	0
4.258	1	10	426	9	14	10	63	0
4.26	1	10	427	1	14	10	63	0
4.262	1	10	427	3	14	10	63	0
4.264	1	10	427	5	14	10	63	0
4.266	1	10	427	7	14	10	63	0
4.267	1	10	427	8	14	10	63	0
4.269	1	10	427	10	14	10	63	0
4.271	1	10	428	2	14	10	63	0
4.273	1	10	428	4	14	10	63	0
4.275	1	10	428	6	14	10	63	0
4.277	1	10	428	8	14	10	63	0
4.279	1	10	428	10	14	10	63	0
4.281	1	10	429	2	14	10	63	0
4.282	1	10	429	3	14	10	63	0
4.284	1	10	429	5	14	10	63	0
4.286	1	10	429	7	14	10	63	0
4.288	1	10	429	9	14	10	63	0
4.29	1	10	430	1	14	10	63	0
4.292	1	10	430	3	14	10	63	0
4.294	1	10	430	5	14	10	63	0
4.296	1	10	430	7	14	10	63	0
4.297	1	10	430	8	14	10	63	0
4.299	1	10	430	10	14	10	63	0
4.301	1	10	431	2	14	10	63	0
4.303	1	10	431	4	14	10	63	0
4.305	1	10	431	6	14	10	63	0
4.307	1	10	431	8	14	10	63	0
4.309	1	10	431	10	14	10	63	0
4.311	1	10	432	2	14	10	63	0
4.312	1	10	432	3	14	10	63	0
4.314	1	10	432	5	14	10	63	0
4.316	1	10	432	7	14	10	63	0
4.318	1	10	432	9	14	10	63	0
4.32	1	10	433	1	14	10	63	0
4.322	1	10	433	3	14	10	63	0
4.324	1	10	433	5	14	10	63	0
4.326	1	10	433	7	14	10	63	0
4.327	1	10	433	8	14	10	63	0
4.329	1	10	433	10	14	10	63	0
4.331	1	10	434	2	14	10	63	0
4.333	1	10	434	4	14	10	63	0
4.335	1	10	434	6	14	10	63	0
4.337	1	10	434	8	14	10	63	0
4.339	1	10	434	10	14	10	63	0
4.341	1	10	435	2	14	10	63	0
4.342	1	10	435	3	14	10	63	0
4.344	1	10	435	5	14	10	63	0
4.346	1	10	435	7	14	10	63	0
4.348	1	10	435	9	14	10	63	0
4.35	1	10	436	1	14	10	63	0
4.352	1	10	436	3	14	10	63	0
4.354	1	10	436	5	14	10	63	0
4.356	1	10	436	7	14	10	63	0
4.357	1	10	436	8	14	10	63	0
4.359	1	10	436	10	14	10	63	0
4.361	1	10	437	2	14	10	63	0
4.363	1	10	437	4	14	10	63	0
4.365	1	10	437	6	14	10	63	0
4.367	1	10	437	8	14	10	63	0
4.369	1	10	437	10	14	10	63	0
4.371	1	10	438	2	14	10	63	0
4.372	1	10	438	3	14	10	63	0
4.374	1	10	438	5	14	10	63	0
4.376	1	10	438	7	14	10	63	0
4.378	1	10	438	9	14	10	63	0
4.38	1	10	439	1	14	10	63	0
4.382	1	10	439	3	14	10	63	0
4.384	1	10	439	5	14	10	63	0
4.386	1	10	439	7	14	10	63	0
4.387	1	10	439	8	14	10	63	0
4.389	1	10	439	10	14	10	63	0
4.391	1	10	440	2	14	10	63	0
4.393	1	10	440	4	14	10	63	0
4.395	1	10	440	6	14	10	63	0
4.397	1	10	440	8	14	10	63	0
4.399	1	10	440	10	14	10	63	0
4.401	1	10	441	2	14	10	63	0
4.402	1	10	441	3	14	10	63	0
4.404	1	10	441	5	14	10	63	0
4.406	1	10	441	7	14	10	63	0
4.408	1	10	441	9	14	10	63	0
4.41	1	10	442	1	14	10	63	0
4.412	1	10	442	3	14	10	63	0
4.414	1	10	442	5	14	10	63	0
4.416	1	10	442	7	14	10	63	0
4.417	1	10	442	8	14	10	63	0
4.419	1	10	442	10	14	10	63	0
4.421	1	10	443	2	14	10	63	0
4.423	1	10	443	4	14	10	63	0
4.425	1	10	443	6	14	10	63	0
4.427	1	10	443	8	14	10	63	0
4.429	1	10	443	10	14	10	63	0
4.431	1	10	444	2	14	10	63	0
4.432	1	10	444	3	14	10	63	0
4.434	1	10	444	5	14	10	63	0
4.436	1	10	444	7	14	10	63	0
4.438	1	10	444	9	14	10	63	0
4.44	1	10	445	1	14	10	63	0
4.442	1	10	445	3	14	10	63	0
4.444	1	10	445	5	14	10	63	0
4.446	1	10	445	7	14	10	63	0
4.447	1	10	445	8	14	10	63	0
4.449	1	10	445	10	14	10	63	0
4.451	1	10	446	2	14	10	63	0
4.453	1	10	446	4	14	10	63	0
4.455	1	10	446	6	14	10	63	0
4.457	1	10	446	8	14	10	63	0
4.459	1	10	446	10	14	10	63	0
4.461	1	10	447	2	14	10	63	0
4.462	1	10	447	3	14	10	63	0
4.464	1	10	447	5	14	10	63	0
4.466	1	10	447	7	14	10	63	0
4.468	1	10	447	9	14	10	63	0
4.47	1	10	448	1	14	10	63	0
4.472	1	10	448	3	14	10	63	0
4.474	1	10	448	5	14	10	63	0
4.476	1	10	448	7	14	10	63	0
4.477	1	10	448	8	14	10	63	0
4.479	1	10	448	10	14	10	63	0
4.481	1	10	449	2	14	10	63	0
4.483	1	10	449	4	14	10	63	0
4.485	1	10	449	6	14	10	63	0
4.487	1	10	449	8	14	10	63	0
4.489	1	10	449	10	14	10	63	0
4.491	1	10	450	2	14	10	63	0
4.492	1	10	450	3	14	10	63	0
4.494	1	10	450	5	14	10	63	0
4.496	1	10	450	7	14	10	63	0
4.498	1	10	450	9	14	10	63	0
4.5	1	10	451	1	14	10	63	0
4.502	1	10	451	3	14	10	63	0
4.504	1	10	451	5	14	10	63	0
4.506	1	10	451	7	14	10	63	0
4.507	1	10	451	8	14	10	63	0
4.509	1	10	451	10	14	10	63	0
4.511	1	10	452	2	14	10	63	0
4.513	1	10	452	4	14	10	63	0
4.515	1	10	452	6	14	10	63	0
4.517	1	10	452	8	14	10	63	0
4.519	1	10	452	10	14	10	63	0
4.521	1	10	453	2	14	10	63	0
4.522	1	10	453	3	14	10	63	0
4.524	1	10	453	5	14	10	63	0
4.526	1	10	453	7	14	10	63	0
4.528	1	10	453	9	14	10	63	0
4.53	1	10	454	1	14	10	63	0
4.532	1	10	454	3	14	10	63	0
4.534	1	10	454	5	14	10	63	0
4.536	1	10	454	7	14	10	63	0
4.537	1	10	454	8	14	10	63	0
4.539	1	10	454	10	14	10	63	0
4.541	1	10	455	2	14	10	63	0
4.543	1	10	455	4	14	10	63	0
4.545	1	10	455	6	14	10	63	0
4.547	1	10	455	8	14	10	63	0
4.549	1	10	455	10	14	10	63	0
4.551	1	10	456	2	14	10	63	0
4.552	1	10	456	3	14	10	63	0
4.554	1	10	456	5	14	10	63	0
4.556	1	10	456	7	14	10	63	0
4.558	1	10	456	9	14	10	63	0
4.56	1	10	457	1	14	10	63	0
4.562	1	10	457	3	14	10	63	0
4.564	1	10	457	5	14	10	63	0
4.566	1	10	457	7	14	10	63	0
4.567	1	10	457	8	14	10	63	0
4.569	1	10	457	10	14	10	63	0
4.571	1	10	458	2	14	10	63	0
4.573	1	10	458	4	14	10	63	0
4.575	1	10	458	6	14	10	63	0
4.577	1	10	458	8	14	10	63	0
4.579	1	10	458	10	14	10	63	0
4.581	1	10	459	2	14	10	63	0
4.582	1	10	459	3	14	10	63	0
4.584	1	10	459	5	14	10	63	0
4.586	1	10	459	7	14	10	63	0
4.588	1	10	459	9	14	10	63	0
4.59	1	10	460	1	14	10	63	0
4.592	1	10	460	3	14	10	63	0
4.594	1	10	460	5	14	10	63	0
4.596	1	10	460	7	14	10	63	0
4.597	1	10	460	8	14	10	63	0
4.599	1	10	460	10	14	10	63	0
4.601	1	10	461	2	14	10	63	0
4.603	1	10	461	4	14	10	63	0
4.605	1	10	461	6	14	10	63	0
4.607	1	10	461	8	14	10	63	0
4.609	1	10	461	10	14	10	63	0
4.611	1	10	462	2	14	10	63	0
4.612	1	10	462	3	14	10	63	0
4.614	1	10	462	5	14	10	63	0
4.616	1	10	462	7	14	10	63	0
4.618	1	10	462	9	14	10	63	0
4.62	1	10	463	1	14	10	63	0
4.622	1	10	463	3	14	10	63	0
4.624	1	10	463	5	14	10	63	0
4.626	1	10	463	7	14	10	63	0
4.627	1	10	463	8	14	10	63	0
4.629	1	10	463	10	14	10	63	0
4.631	1	10	464	2	14	10	63	0
4.633	1	10	464	4	14	10	63	0
4.635	1	10	464	6	14	10	63	0
4.637	1	10	464	8	14	10	63	0
4.639	1	10	464	10	14	10	63	0
4.641	1	10	465	2	14	10	63	0
4.642	1	10	465	3	14	10	63	0
4.644	1	10	465	5	14	10	63	0
4.646	1	10	465	7	14	10	63	0
4.648	1	10	465	9	14	10	63	0
4.65	1	10	466	1	14	10	63	0
4.652	1	10	466	3	14	10	63	0
4.654	1	10	466	5	14	10	63	0
4.656	1	10	466	7	14	10	63	0
4.657	1	10	466	8	14	10	63	0
4.659	1	10	466	10	14	10	63	0
4.661	1	10	467	2	14	10	63	0
4.663	1	10	467	4	14	10	63	0
4.665	1	10	467	6	14	10	63	0
4.667	1	10	467	8	14	10	63	0
4.669	1	10	467	10	14	10	63	0
4.671	1	10	468	2	14	10	63	0
4.672	1	10	468	3	14	10	63	0
4.674	1	10	468	5	14	10	63	0
4.676	1	10	468	7	14	10	63	0
4.678	1	10	468	9	14	10	63	0
4.68	1	10	469	1	14	10	63	0
4.682	1	10	469	3	14	10	63	0
4.684	1	10	469	5	14	10	63	0
4.686	1	10	469	7	14	10	63	0
4.687	1	10	469	8	14	10	63	0
4.689	1	10	469	10	14	10	63	0
4.691	1	10	470	2	14	10	63	0
4.693	1	10	470	4	14	10	63	0
4.695	1	10	470	6	14	10	63	0
4.697	1	10	470	8	14	10	63	0
4.699	1	10	470	10	14	10	63	0
4.701	1	10	471	2	14	10	63	0
4.702	1	10	471	3	14	10	63	0
4.704	1	10	471	5	14	10	63	0
4.706	1	10	471	7	14	10	63	0
4.708	1	10	471	9	14	10	63	0
4.71	1	10	472	1	14	10	63	0
4.712	1	10	472	3	14	10	63	0
4.714	1	10	472	5	14	10	63	0
4.716	1	10	472	7	14	10	63	0
4.717	1	10	472	8	14	10	63	0
4.719	1	10	472	10	14	10	63	0
4.721	1	10	473	2	14	10	63	0
4.723	1	10	473	4	14	10	63	0
4.725	1	10	473	6	14	10	63	0
4.727	1	10	473	8	14	10	63	0
4.729	1	10	473	10	14	10	63	0
4.731	1	10	474	2	14	10	63	0
4.732	1	10	474	3	14	10	63	0
4.734	1	10	474	5	14	10	63	0
4.736	1	10	474	7	14	10	63	0
4.738	1	10	474	9	14	10	63	0
4.74	1	10	475	1	14	10	63	0
4.742	1	10	475	3	14	10	63	0
4.744	1	10	475	5	14	10	63	0
4.746	1	10	475	7	14	10	63	0
4.747	1	10	475	8	14	10	63	0
4.749	1	10	475	10	14	10	63	0
4.751	1	10	476	2	14	10	63	0
4.753	1	10	476	4	14	10	63	0
4.755	1	10	476	6	14	10	63	0
4.757	1	10	476	8	14	10	63	0
4.759	1	10	476	10	14	10	63	0
4.761	1	10	477	2	14	10	63	0
4.762	1	10	477	3	14	10	63	0
4.764	1	10	477	5	14	10	63	0
4.766	1	10	477	7	14	10	63	0
4.768	1	10	477	9	14	10	63	0
4.77	1	10	478	1	14	10	63	0
4.772	1	10	478	3	14	10	63	0
4.774	1	10	478	5	14	10	63	0
4.776	1	10	478	7	14	10	63	0
4.777	1	10	478	8	14	10	63	0
4.779	1	10	478	10	14	10	63	0
4.781	1	10	479	2	14	10	63	0
4.783	1	10	479	4	14	10	63	0
4.785	1	10	479	6	14	10	63	0
4.787	1	10	479	8	14	10	63	0
4.789	1	10	479	10	14	10	63	0
4.791	1	10	480	2	14	10	63	0
4.792	1	10	480	3	14	10	63	0
4.794	1	10	480	5	14	10	63	0
4.796	1	10	480	7	14	10	63	0
4.798	1	10	480	9	14	10	63	0
4.8	1	10	481	1	14	10	63	0
4.802	1	10	481	3	14	10	63	0
4.804	1	10	481	5	14	10	63	0
4.806	1	10	481	7	14	10	63	0
4.807	1	10	481	8	14	10	63	0
4.809	1	10	481	10	14	10	63	0
4.811	1	10	482	2	14	10	63	0
4.813	1	10	482	4	14	10	63	0
4.815	1	10	482	6	14	10	63	0
4.817	1	10	482	8	14	10	63	0
4.819	1	10	482	10	14	10	63	0
4.821	1	10	483	2	14	10	63	0
4.822	1	10	483	3	14	10	63	0
4.824	1	10	483	5	14	10	63	0
4.826	1	10	483	7	14	10	63	0
4.828	1	10	483	9	14	10	63	0
4.83	1	10	484	1	14	10	63	0
4.832	1	10	484	3	14	10	63	0
4.834	1	10	484	5	14	10	63	0
4.836	1	10	484	7	14	10	63	0
4.837	1	10	484	8	14	10	63	0
4.839	1	10	484	10	14	10	63	0
4.841	1	10	485	2	14	10	63	0
4.843	1	10	485	4	14	10	63	0
4.845	1	10	485	6	14	10	63	0
4.847	1	10	485	8	14	10	63	0
4.849	1	10	485	10	14	10	63	0
4.851	1	10	486	2	14	10	63	0
4.852	1	10	486	3	14	10	63	0
4.854	1	10	486	5	14	10	63	0
4.856	1	10	486	7	14	10	63	0
4.858	1	10	486	9	14	10	63	0
4.86	1	10	487	1	14	10	63	0
4.862	1	10	487	3	14	10	63	0
4.864	1	10	487	5	14	10	63	0
4.866	1	10	487	7	14	10	63	0
4.867	1	10	487	8	14	10	63	0
4.869	1	10	487	10	14	10	63	0
4.871	1	10	488	2	14	10	63	0
4.873	1	10	488	4	14	10	63	0
4.875	1	10	488	6	14	10	63	0
4.877	1	10	488	8	14	10	63	0
4.879	1	10	488	10	14	10	63	0
4.881	1	10	489	2	14	10	63	0
4.882	1	10	489	3	14	10	63	0
4.884	1	10	489	5	14	10	63	0
4.886	1	10	489	7	14	10	63	0
4.888	1	10	489	9	14	10	63	0
4.89	1	10	490	1	14	10	63	0
4.892	1	10	490	3	14	10	63	0
4.894	1	10	490	5	14	10	63	0
4.896	1	10	490	7	14	10	63	0
4.897	1	10	490	8	14	10	63	0
4.899	1	10	490	10	14	10	63	0
4.901	1	10	491	2	14	10	63	0
4.903	1	10	491	4	14	10	63	0
4.905	1	10	491	6	14	10	63	0
4.907	1	10	491	8	14	10	63	0
4.909	1	10	491	10	14	10	63	0
4.911	1	10	492	2	14	10	63	0
4.912	1	10	492	3	14	10	63	0
4.914	1	10	492	5	14	10	63	0
4.916	1	10	492	7	14	10	63	0
4.918	1	10	492	9	14	10	63	0
4.92	1	10	493	1	14	10	63	0
4.922	1	10	493	3	14	10	63	0
4.924	1	10	493	5	14	10	63	0
4.926	1	10	493	7	14	10	63	0
4.927	1	10	493	8	14	10	63	0
4.929	1	10	493	10	14	10	63	0
4.931	1	10	494	2	14	10	63	0
4.933	1	10	494	4	14	10	63	0
4.935	1	10	494	6	14	10	63	0
4.937	1	10	494	8	14	10	63	0
4.939	1	10	494	10	14	10	63	0
4.941	1	10	495	2	14	10	63	0
4.942	1	10	495	3	14	10	63	0
4.944	1	10	495	5	14	10	63	0
4.946	1	10	495	7	14	10	63	0
4.948	1	10	495	9	14	10	63	0
4.95	1	10	496	1	14	10	63	0
4.952	1	10	496	3	14	10	63	0
4.954	1	10	496	5	14	10	63	0
4.956	1	10	496	7	14	10	63	0
4.957	1	10	496	8	14	10	63	0
4.959	1	10	496	10	14	10	63	0
4.961	1	10	497	2	14	10	63	0
4.963	1	10	497	4	14	10	63	0
4.965	1	10	497	6	14	10	63	0
4.967	1	10	497	8	14	10	63	0
4.969	1	10	497	10	14	10	63	0
4.971	1	10	498	2	14	10	63	0
4.972	1	10	498	3	14	10	63	0
4.974	1	10	498	5	14	10	63	0
4.976	1	10	498	7	14	10	63	0
4.978	1	10	498	9	14	10	63	0
4.98	1	10	499	1	14	10	63	0
4.982	1	10	499	3	14	10	63	0
4.984	1	10	499	5	14	10	63	0
4.986	1	10	499	7	14	10	63	0
4.987	1	10	499	8	14	10	63	0
4.989	1	10	499	10	14	10	63	0
4.991	1	10	500	2	14	10	63	0
4.993	1	10	500	4	14	10	63	0
4.995	1	10	500	6	14	10	63	0
4.997	1	10	500	8	14	10	63	0
4.999	1	10	500	10	14	10	63	0
