% time	cellId	IMSI	frame	sframe	RNTI	mcs	size	ccId
0.026	1	9	3	7	4	0	19	0
0.027	1	9	3	8	4	0	19	0
0.028	1	9	3	9	4	0	19	0
0.03	1	9	4	1	4	0	19	0
0.031	1	9	4	2	4	0	7	0
0.032	1	9	4	3	4	0	7	0
0.033	1	9	4	4	4	0	7	0
0.034	1	9	4	5	4	0	7	0
0.036	1	9	4	7	4	0	7	0
0.037	1	9	4	8	4	0	7	0
0.038	1	9	4	9	4	0	7	0
0.04	1	9	5	1	4	0	7	0
0.041	1	9	5	2	4	0	7	0
0.043	1	9	5	4	4	0	7	0
0.045	1	9	5	6	4	12	73	0
0.046	1	9	5	7	4	12	73	0
0.048	1	9	5	9	4	12	73	0
0.05	1	9	6	1	4	12	73	0
0.052	1	9	6	3	4	12	73	0
0.054	1	9	6	5	4	12	73	0
0.056	1	9	6	7	4	12	73	0
0.058	1	9	6	9	4	12	73	0
0.06	1	9	7	1	4	12	73	0
0.061	1	9	7	2	4	12	73	0
0.063	1	9	7	4	4	12	73	0
0.065	1	9	7	6	4	12	73	0
0.067	1	9	7	8	4	12	73	0
0.069	1	9	7	10	4	12	73	0
0.071	1	9	8	2	4	12	73	0
0.073	1	9	8	4	4	12	73	0
0.075	1	9	8	6	4	12	73	0
0.076	1	9	8	7	4	12	73	0
0.078	1	9	8	9	4	12	73	0
0.08	1	9	9	1	4	12	73	0
0.082	1	9	9	3	4	12	73	0
0.084	1	9	9	5	4	12	73	0
0.086	1	9	9	7	4	12	73	0
0.088	1	9	9	9	4	12	73	0
0.09	1	9	10	1	4	12	73	0
0.091	1	9	10	2	4	12	73	0
0.093	1	9	10	4	4	12	73	0
0.095	1	9	10	6	4	12	73	0
0.097	1	9	10	8	4	12	73	0
0.099	1	9	10	10	4	12	73	0
0.101	1	9	11	2	4	12	73	0
0.103	1	9	11	4	4	12	73	0
0.105	1	9	11	6	4	12	73	0
0.106	1	9	11	7	4	12	73	0
0.108	1	9	11	9	4	12	73	0
0.11	1	9	12	1	4	12	73	0
0.112	1	9	12	3	4	12	73	0
0.114	1	9	12	5	4	12	73	0
0.116	1	9	12	7	4	12	73	0
0.118	1	9	12	9	4	12	73	0
0.12	1	9	13	1	4	12	73	0
0.121	1	9	13	2	4	12	73	0
0.123	1	9	13	4	4	12	73	0
0.125	1	9	13	6	4	12	73	0
0.127	1	9	13	8	4	12	73	0
0.129	1	9	13	10	4	12	73	0
0.131	1	9	14	2	4	12	73	0
0.133	1	9	14	4	4	12	73	0
0.135	1	9	14	6	4	12	73	0
0.136	1	9	14	7	4	12	73	0
0.138	1	9	14	9	4	12	73	0
0.14	1	9	15	1	4	12	73	0
0.142	1	9	15	3	4	12	73	0
0.144	1	9	15	5	4	12	73	0
0.146	1	9	15	7	4	12	73	0
0.148	1	9	15	9	4	12	73	0
0.15	1	9	16	1	4	12	73	0
0.151	1	9	16	2	4	12	73	0
0.153	1	9	16	4	4	12	73	0
0.155	1	9	16	6	4	12	73	0
0.157	1	9	16	8	4	12	73	0
0.159	1	9	16	10	4	12	73	0
0.161	1	9	17	2	4	12	73	0
0.163	1	9	17	4	4	12	73	0
0.165	1	9	17	6	4	12	73	0
0.166	1	9	17	7	4	12	73	0
0.168	1	9	17	9	4	12	73	0
0.17	1	9	18	1	4	12	73	0
0.172	1	9	18	3	4	12	73	0
0.174	1	9	18	5	4	12	73	0
0.176	1	9	18	7	4	12	73	0
0.178	1	9	18	9	4	12	73	0
0.18	1	9	19	1	4	12	73	0
0.181	1	9	19	2	4	12	73	0
0.183	1	9	19	4	4	12	73	0
0.185	1	9	19	6	4	12	73	0
0.187	1	9	19	8	4	12	73	0
0.189	1	9	19	10	4	12	73	0
0.191	1	9	20	2	4	12	73	0
0.193	1	9	20	4	4	12	73	0
0.195	1	9	20	6	4	12	73	0
0.196	1	9	20	7	4	12	73	0
0.198	1	9	20	9	4	12	73	0
0.2	1	9	21	1	4	12	73	0
0.202	1	9	21	3	4	12	73	0
0.204	1	9	21	5	4	12	73	0
0.206	1	9	21	7	4	12	73	0
0.208	1	9	21	9	4	12	73	0
0.21	1	9	22	1	4	12	73	0
0.211	1	9	22	2	4	12	73	0
0.213	1	9	22	4	4	12	73	0
0.215	1	9	22	6	4	12	73	0
0.217	1	9	22	8	4	12	73	0
0.219	1	9	22	10	4	12	73	0
0.221	1	9	23	2	4	12	73	0
0.223	1	9	23	4	4	12	73	0
0.225	1	9	23	6	4	12	73	0
0.226	1	9	23	7	4	12	73	0
0.228	1	9	23	9	4	12	73	0
0.23	1	9	24	1	4	12	73	0
0.232	1	9	24	3	4	12	73	0
0.234	1	9	24	5	4	12	73	0
0.236	1	9	24	7	4	12	73	0
0.238	1	9	24	9	4	12	73	0
0.24	1	9	25	1	4	12	73	0
0.241	1	9	25	2	4	12	73	0
0.243	1	9	25	4	4	12	73	0
0.245	1	9	25	6	4	12	73	0
0.247	1	9	25	8	4	12	73	0
0.249	1	9	25	10	4	12	73	0
0.251	1	9	26	2	4	12	73	0
0.253	1	9	26	4	4	12	73	0
0.255	1	9	26	6	4	12	73	0
0.256	1	9	26	7	4	12	73	0
0.258	1	9	26	9	4	12	73	0
0.26	1	9	27	1	4	12	73	0
0.262	1	9	27	3	4	12	73	0
0.264	1	9	27	5	4	12	73	0
0.266	1	9	27	7	4	12	73	0
0.268	1	9	27	9	4	12	73	0
0.27	1	9	28	1	4	12	73	0
0.271	1	9	28	2	4	12	73	0
0.273	1	9	28	4	4	12	73	0
0.275	1	9	28	6	4	12	73	0
0.277	1	9	28	8	4	12	73	0
0.279	1	9	28	10	4	12	73	0
0.281	1	9	29	2	4	12	73	0
0.283	1	9	29	4	4	12	73	0
0.285	1	9	29	6	4	12	73	0
0.286	1	9	29	7	4	12	73	0
0.288	1	9	29	9	4	12	73	0
0.29	1	9	30	1	4	12	73	0
0.292	1	9	30	3	4	12	73	0
0.294	1	9	30	5	4	12	73	0
0.296	1	9	30	7	4	12	73	0
0.298	1	9	30	9	4	12	73	0
0.3	1	9	31	1	4	12	73	0
0.301	1	9	31	2	4	12	73	0
0.303	1	9	31	4	4	12	73	0
0.305	1	9	31	6	4	12	73	0
0.307	1	9	31	8	4	12	73	0
0.309	1	9	31	10	4	12	73	0
0.311	1	9	32	2	4	12	73	0
0.313	1	9	32	4	4	12	73	0
0.315	1	9	32	6	4	12	73	0
0.316	1	9	32	7	4	12	73	0
0.318	1	9	32	9	4	12	73	0
0.32	1	9	33	1	4	12	73	0
0.322	1	9	33	3	4	12	73	0
0.324	1	9	33	5	4	12	73	0
0.326	1	9	33	7	4	12	73	0
0.328	1	9	33	9	4	12	73	0
0.33	1	9	34	1	4	12	73	0
0.331	1	9	34	2	4	12	73	0
0.333	1	9	34	4	4	12	73	0
0.335	1	9	34	6	4	12	73	0
0.337	1	9	34	8	4	12	73	0
0.339	1	9	34	10	4	12	73	0
0.341	1	9	35	2	4	12	73	0
0.343	1	9	35	4	4	12	73	0
0.345	1	9	35	6	4	12	73	0
0.346	1	9	35	7	4	12	73	0
0.348	1	9	35	9	4	12	73	0
0.35	1	9	36	1	4	12	73	0
0.352	1	9	36	3	4	12	73	0
0.354	1	9	36	5	4	12	73	0
0.356	1	9	36	7	4	12	73	0
0.358	1	9	36	9	4	12	73	0
0.36	1	9	37	1	4	12	73	0
0.361	1	9	37	2	4	12	73	0
0.363	1	9	37	4	4	12	73	0
0.365	1	9	37	6	4	12	73	0
0.367	1	9	37	8	4	12	73	0
0.369	1	9	37	10	4	12	73	0
0.371	1	9	38	2	4	12	73	0
0.373	1	9	38	4	4	12	73	0
0.375	1	9	38	6	4	12	73	0
0.376	1	9	38	7	4	12	73	0
0.378	1	9	38	9	4	12	73	0
0.38	1	9	39	1	4	12	73	0
0.382	1	9	39	3	4	12	73	0
0.384	1	9	39	5	4	12	73	0
0.386	1	9	39	7	4	12	73	0
0.388	1	9	39	9	4	12	73	0
0.39	1	9	40	1	4	12	73	0
0.391	1	9	40	2	4	12	73	0
0.393	1	9	40	4	4	12	73	0
0.395	1	9	40	6	4	12	73	0
0.397	1	9	40	8	4	12	73	0
0.399	1	9	40	10	4	12	73	0
0.401	1	9	41	2	4	12	73	0
0.403	1	9	41	4	4	12	73	0
0.405	1	9	41	6	4	12	73	0
0.406	1	9	41	7	4	12	73	0
0.408	1	9	41	9	4	12	73	0
0.41	1	9	42	1	4	12	73	0
0.412	1	9	42	3	4	12	73	0
0.414	1	9	42	5	4	12	73	0
0.416	1	9	42	7	4	12	73	0
0.418	1	9	42	9	4	12	73	0
0.42	1	9	43	1	4	12	73	0
0.421	1	9	43	2	4	12	73	0
0.423	1	9	43	4	4	12	73	0
0.425	1	9	43	6	4	12	73	0
0.427	1	9	43	8	4	12	73	0
0.429	1	9	43	10	4	12	73	0
0.431	1	9	44	2	4	12	73	0
0.433	1	9	44	4	4	12	73	0
0.435	1	9	44	6	4	12	73	0
0.436	1	9	44	7	4	12	73	0
0.438	1	9	44	9	4	12	73	0
0.44	1	9	45	1	4	12	73	0
0.442	1	9	45	3	4	12	73	0
0.444	1	9	45	5	4	12	73	0
0.446	1	9	45	7	4	12	73	0
0.448	1	9	45	9	4	12	73	0
0.45	1	9	46	1	4	12	73	0
0.451	1	9	46	2	4	12	73	0
0.453	1	9	46	4	4	12	73	0
0.455	1	9	46	6	4	12	73	0
0.457	1	9	46	8	4	12	73	0
0.459	1	9	46	10	4	12	73	0
0.461	1	9	47	2	4	12	73	0
0.463	1	9	47	4	4	12	73	0
0.465	1	9	47	6	4	12	73	0
0.466	1	9	47	7	4	12	73	0
0.468	1	9	47	9	4	12	73	0
0.47	1	9	48	1	4	12	73	0
0.472	1	9	48	3	4	12	73	0
0.474	1	9	48	5	4	12	73	0
0.476	1	9	48	7	4	12	73	0
0.478	1	9	48	9	4	12	73	0
0.48	1	9	49	1	4	12	73	0
0.481	1	9	49	2	4	12	73	0
0.483	1	9	49	4	4	12	73	0
0.485	1	9	49	6	4	12	73	0
0.487	1	9	49	8	4	12	73	0
0.489	1	9	49	10	4	12	73	0
0.491	1	9	50	2	4	12	73	0
0.493	1	9	50	4	4	12	73	0
0.495	1	9	50	6	4	12	73	0
0.496	1	9	50	7	4	12	73	0
0.498	1	9	50	9	4	12	73	0
0.5	1	9	51	1	4	12	73	0
0.502	1	9	51	3	4	12	73	0
0.504	1	9	51	5	4	12	73	0
0.506	1	9	51	7	4	12	73	0
0.508	1	9	51	9	4	12	73	0
0.51	1	9	52	1	4	12	73	0
0.511	1	9	52	2	4	12	73	0
0.513	1	9	52	4	4	12	73	0
0.515	1	9	52	6	4	12	73	0
0.517	1	9	52	8	4	12	73	0
0.519	1	9	52	10	4	12	73	0
0.521	1	9	53	2	4	12	73	0
0.523	1	9	53	4	4	12	73	0
0.525	1	9	53	6	4	12	73	0
0.526	1	9	53	7	4	12	73	0
0.528	1	9	53	9	4	12	73	0
0.53	1	9	54	1	4	12	73	0
0.532	1	9	54	3	4	12	73	0
0.534	1	9	54	5	4	12	73	0
0.536	1	9	54	7	4	12	73	0
0.538	1	9	54	9	4	12	73	0
0.54	1	9	55	1	4	12	73	0
0.541	1	9	55	2	4	12	73	0
0.543	1	9	55	4	4	12	73	0
0.545	1	9	55	6	4	12	73	0
0.547	1	9	55	8	4	12	73	0
0.549	1	9	55	10	4	12	73	0
0.551	1	9	56	2	4	12	73	0
0.553	1	9	56	4	4	12	73	0
0.555	1	9	56	6	4	12	73	0
0.556	1	9	56	7	4	12	73	0
0.558	1	9	56	9	4	12	73	0
0.56	1	9	57	1	4	12	73	0
0.562	1	9	57	3	4	12	73	0
0.564	1	9	57	5	4	12	73	0
0.566	1	9	57	7	4	12	73	0
0.568	1	9	57	9	4	12	73	0
0.57	1	9	58	1	4	12	73	0
0.571	1	9	58	2	4	12	73	0
0.573	1	9	58	4	4	12	73	0
0.575	1	9	58	6	4	12	73	0
0.577	1	9	58	8	4	12	73	0
0.579	1	9	58	10	4	12	73	0
0.581	1	9	59	2	4	12	73	0
0.583	1	9	59	4	4	12	73	0
0.585	1	9	59	6	4	12	73	0
0.586	1	9	59	7	4	12	73	0
0.588	1	9	59	9	4	12	73	0
0.59	1	9	60	1	4	12	73	0
0.592	1	9	60	3	4	12	73	0
0.594	1	9	60	5	4	12	73	0
0.596	1	9	60	7	4	12	73	0
0.598	1	9	60	9	4	12	73	0
0.6	1	9	61	1	4	12	73	0
0.601	1	9	61	2	4	12	73	0
0.603	1	9	61	4	4	12	73	0
0.605	1	9	61	6	4	12	73	0
0.607	1	9	61	8	4	12	73	0
0.609	1	9	61	10	4	12	73	0
0.611	1	9	62	2	4	12	73	0
0.613	1	9	62	4	4	12	73	0
0.615	1	9	62	6	4	12	73	0
0.616	1	9	62	7	4	12	73	0
0.618	1	9	62	9	4	12	73	0
0.62	1	9	63	1	4	12	73	0
0.622	1	9	63	3	4	12	73	0
0.624	1	9	63	5	4	12	73	0
0.626	1	9	63	7	4	12	73	0
0.628	1	9	63	9	4	12	73	0
0.63	1	9	64	1	4	12	73	0
0.631	1	9	64	2	4	12	73	0
0.633	1	9	64	4	4	12	73	0
0.635	1	9	64	6	4	12	73	0
0.637	1	9	64	8	4	12	73	0
0.639	1	9	64	10	4	12	73	0
0.641	1	9	65	2	4	12	73	0
0.643	1	9	65	4	4	12	73	0
0.645	1	9	65	6	4	12	73	0
0.646	1	9	65	7	4	12	73	0
0.648	1	9	65	9	4	12	73	0
0.65	1	9	66	1	4	12	73	0
0.652	1	9	66	3	4	12	73	0
0.654	1	9	66	5	4	12	73	0
0.656	1	9	66	7	4	12	73	0
0.658	1	9	66	9	4	12	73	0
0.66	1	9	67	1	4	12	73	0
0.661	1	9	67	2	4	12	73	0
0.663	1	9	67	4	4	12	73	0
0.665	1	9	67	6	4	12	73	0
0.667	1	9	67	8	4	12	73	0
0.669	1	9	67	10	4	12	73	0
0.671	1	9	68	2	4	12	73	0
0.673	1	9	68	4	4	12	73	0
0.675	1	9	68	6	4	12	73	0
0.676	1	9	68	7	4	12	73	0
0.678	1	9	68	9	4	12	73	0
0.68	1	9	69	1	4	12	73	0
0.682	1	9	69	3	4	12	73	0
0.684	1	9	69	5	4	12	73	0
0.686	1	9	69	7	4	12	73	0
0.688	1	9	69	9	4	12	73	0
0.69	1	9	70	1	4	12	73	0
0.691	1	9	70	2	4	12	73	0
0.693	1	9	70	4	4	12	73	0
0.695	1	9	70	6	4	12	73	0
0.697	1	9	70	8	4	12	73	0
0.699	1	9	70	10	4	12	73	0
0.701	1	9	71	2	4	12	73	0
0.703	1	9	71	4	4	12	73	0
0.705	1	9	71	6	4	12	73	0
0.706	1	9	71	7	4	12	73	0
0.708	1	9	71	9	4	12	73	0
0.71	1	9	72	1	4	12	73	0
0.712	1	9	72	3	4	12	73	0
0.714	1	9	72	5	4	12	73	0
0.716	1	9	72	7	4	12	73	0
0.718	1	9	72	9	4	12	73	0
0.72	1	9	73	1	4	12	73	0
0.721	1	9	73	2	4	12	73	0
0.723	1	9	73	4	4	12	73	0
0.725	1	9	73	6	4	12	73	0
0.727	1	9	73	8	4	12	73	0
0.729	1	9	73	10	4	12	73	0
0.731	1	9	74	2	4	12	73	0
0.733	1	9	74	4	4	12	73	0
0.735	1	9	74	6	4	12	73	0
0.736	1	9	74	7	4	12	73	0
0.738	1	9	74	9	4	12	73	0
0.74	1	9	75	1	4	12	73	0
0.742	1	9	75	3	4	12	73	0
0.744	1	9	75	5	4	12	73	0
0.746	1	9	75	7	4	12	73	0
0.748	1	9	75	9	4	12	73	0
0.75	1	9	76	1	4	12	73	0
0.751	1	9	76	2	4	12	73	0
0.753	1	9	76	4	4	12	73	0
0.755	1	9	76	6	4	12	73	0
0.757	1	9	76	8	4	12	73	0
0.759	1	9	76	10	4	12	73	0
0.761	1	9	77	2	4	12	73	0
0.763	1	9	77	4	4	12	73	0
0.765	1	9	77	6	4	12	73	0
0.766	1	9	77	7	4	12	73	0
0.768	1	9	77	9	4	12	73	0
0.77	1	9	78	1	4	12	73	0
0.772	1	9	78	3	4	12	73	0
0.774	1	9	78	5	4	12	73	0
0.776	1	9	78	7	4	12	73	0
0.778	1	9	78	9	4	12	73	0
0.78	1	9	79	1	4	12	73	0
0.781	1	9	79	2	4	12	73	0
0.783	1	9	79	4	4	12	73	0
0.785	1	9	79	6	4	12	73	0
0.787	1	9	79	8	4	12	73	0
0.789	1	9	79	10	4	12	73	0
0.791	1	9	80	2	4	12	73	0
0.793	1	9	80	4	4	12	73	0
0.795	1	9	80	6	4	12	73	0
0.796	1	9	80	7	4	12	73	0
0.798	1	9	80	9	4	12	73	0
0.8	1	9	81	1	4	12	73	0
0.802	1	9	81	3	4	12	73	0
0.804	1	9	81	5	4	12	73	0
0.806	1	9	81	7	4	12	73	0
0.808	1	9	81	9	4	12	73	0
0.81	1	9	82	1	4	12	73	0
0.811	1	9	82	2	4	12	73	0
0.813	1	9	82	4	4	12	73	0
0.815	1	9	82	6	4	12	73	0
0.817	1	9	82	8	4	12	73	0
0.819	1	9	82	10	4	12	73	0
0.821	1	9	83	2	4	12	73	0
0.823	1	9	83	4	4	12	73	0
0.825	1	9	83	6	4	12	73	0
0.826	1	9	83	7	4	12	73	0
0.828	1	9	83	9	4	12	73	0
0.83	1	9	84	1	4	12	73	0
0.832	1	9	84	3	4	12	73	0
0.834	1	9	84	5	4	12	73	0
0.836	1	9	84	7	4	12	73	0
0.838	1	9	84	9	4	12	73	0
0.84	1	9	85	1	4	12	73	0
0.841	1	9	85	2	4	12	73	0
0.843	1	9	85	4	4	12	73	0
0.845	1	9	85	6	4	12	73	0
0.847	1	9	85	8	4	12	73	0
0.849	1	9	85	10	4	12	73	0
0.851	1	9	86	2	4	12	73	0
0.853	1	9	86	4	4	12	73	0
0.855	1	9	86	6	4	12	73	0
0.856	1	9	86	7	4	12	73	0
0.858	1	9	86	9	4	12	73	0
0.86	1	9	87	1	4	12	73	0
0.862	1	9	87	3	4	12	73	0
0.864	1	9	87	5	4	12	73	0
0.866	1	9	87	7	4	12	73	0
0.868	1	9	87	9	4	12	73	0
0.87	1	9	88	1	4	12	73	0
0.871	1	9	88	2	4	12	73	0
0.873	1	9	88	4	4	12	73	0
0.875	1	9	88	6	4	12	73	0
0.877	1	9	88	8	4	12	73	0
0.879	1	9	88	10	4	12	73	0
0.881	1	9	89	2	4	12	73	0
0.883	1	9	89	4	4	12	73	0
0.885	1	9	89	6	4	12	73	0
0.886	1	9	89	7	4	12	73	0
0.888	1	9	89	9	4	12	73	0
0.89	1	9	90	1	4	12	73	0
0.892	1	9	90	3	4	12	73	0
0.894	1	9	90	5	4	12	73	0
0.896	1	9	90	7	4	12	73	0
0.898	1	9	90	9	4	12	73	0
0.9	1	9	91	1	4	12	73	0
0.901	1	9	91	2	4	12	73	0
0.903	1	9	91	4	4	12	73	0
0.905	1	9	91	6	4	12	73	0
0.907	1	9	91	8	4	12	73	0
0.909	1	9	91	10	4	12	73	0
0.911	1	9	92	2	4	12	73	0
0.913	1	9	92	4	4	12	73	0
0.915	1	9	92	6	4	12	73	0
0.916	1	9	92	7	4	12	73	0
0.918	1	9	92	9	4	12	73	0
0.92	1	9	93	1	4	12	73	0
0.922	1	9	93	3	4	12	73	0
0.924	1	9	93	5	4	12	73	0
0.926	1	9	93	7	4	12	73	0
0.928	1	9	93	9	4	12	73	0
0.93	1	9	94	1	4	12	73	0
0.931	1	9	94	2	4	12	73	0
0.933	1	9	94	4	4	12	73	0
0.935	1	9	94	6	4	12	73	0
0.937	1	9	94	8	4	12	73	0
0.939	1	9	94	10	4	12	73	0
0.941	1	9	95	2	4	12	73	0
0.943	1	9	95	4	4	12	73	0
0.945	1	9	95	6	4	12	73	0
0.946	1	9	95	7	4	12	73	0
0.948	1	9	95	9	4	12	73	0
0.95	1	9	96	1	4	12	73	0
0.952	1	9	96	3	4	12	73	0
0.954	1	9	96	5	4	12	73	0
0.956	1	9	96	7	4	12	73	0
0.958	1	9	96	9	4	12	73	0
0.96	1	9	97	1	4	12	73	0
0.961	1	9	97	2	4	12	73	0
0.963	1	9	97	4	4	12	73	0
0.965	1	9	97	6	4	12	73	0
0.967	1	9	97	8	4	12	73	0
0.969	1	9	97	10	4	12	73	0
0.971	1	9	98	2	4	12	73	0
0.973	1	9	98	4	4	12	73	0
0.975	1	9	98	6	4	12	73	0
0.976	1	9	98	7	4	12	73	0
0.978	1	9	98	9	4	12	73	0
0.98	1	9	99	1	4	12	73	0
0.982	1	9	99	3	4	12	73	0
0.984	1	9	99	5	4	12	73	0
0.986	1	9	99	7	4	12	73	0
0.988	1	9	99	9	4	12	73	0
0.99	1	9	100	1	4	12	73	0
0.991	1	9	100	2	4	12	73	0
0.993	1	9	100	4	4	12	73	0
0.995	1	9	100	6	4	12	73	0
0.997	1	9	100	8	4	12	73	0
0.999	1	9	100	10	4	12	73	0
1.001	1	9	101	2	4	12	73	0
1.003	1	9	101	4	4	12	73	0
1.005	1	9	101	6	4	12	73	0
1.006	1	9	101	7	4	12	73	0
1.008	1	9	101	9	4	12	73	0
1.01	1	9	102	1	4	12	73	0
1.012	1	9	102	3	4	12	73	0
1.014	1	9	102	5	4	12	73	0
1.016	1	9	102	7	4	12	73	0
1.018	1	9	102	9	4	12	73	0
1.02	1	9	103	1	4	12	73	0
1.021	1	9	103	2	4	12	73	0
1.023	1	9	103	4	4	12	73	0
1.025	1	9	103	6	4	12	73	0
1.027	1	9	103	8	4	12	73	0
1.029	1	9	103	10	4	12	73	0
1.031	1	9	104	2	4	12	73	0
1.033	1	9	104	4	4	12	73	0
1.035	1	9	104	6	4	12	73	0
1.036	1	9	104	7	4	12	73	0
1.038	1	9	104	9	4	12	73	0
1.04	1	9	105	1	4	12	73	0
1.042	1	9	105	3	4	12	73	0
1.044	1	9	105	5	4	12	73	0
1.046	1	9	105	7	4	12	73	0
1.048	1	9	105	9	4	12	73	0
1.05	1	9	106	1	4	12	73	0
1.051	1	9	106	2	4	12	73	0
1.053	1	9	106	4	4	12	73	0
1.055	1	9	106	6	4	12	73	0
1.057	1	9	106	8	4	12	73	0
1.059	1	9	106	10	4	12	73	0
1.061	1	9	107	2	4	12	73	0
1.063	1	9	107	4	4	12	73	0
1.065	1	9	107	6	4	12	73	0
1.066	1	9	107	7	4	12	73	0
1.068	1	9	107	9	4	12	73	0
1.07	1	9	108	1	4	12	73	0
1.072	1	9	108	3	4	12	73	0
1.074	1	9	108	5	4	12	73	0
1.076	1	9	108	7	4	12	73	0
1.078	1	9	108	9	4	12	73	0
1.08	1	9	109	1	4	12	73	0
1.081	1	9	109	2	4	12	73	0
1.083	1	9	109	4	4	12	73	0
1.085	1	9	109	6	4	12	73	0
1.087	1	9	109	8	4	12	73	0
1.089	1	9	109	10	4	12	73	0
1.091	1	9	110	2	4	12	73	0
1.093	1	9	110	4	4	12	73	0
1.095	1	9	110	6	4	12	73	0
1.096	1	9	110	7	4	12	73	0
1.098	1	9	110	9	4	12	73	0
1.1	1	9	111	1	4	12	73	0
1.102	1	9	111	3	4	12	73	0
1.104	1	9	111	5	4	12	73	0
1.106	1	9	111	7	4	12	73	0
1.108	1	9	111	9	4	12	73	0
1.11	1	9	112	1	4	12	73	0
1.111	1	9	112	2	4	12	73	0
1.113	1	9	112	4	4	12	73	0
1.115	1	9	112	6	4	12	73	0
1.117	1	9	112	8	4	12	73	0
1.119	1	9	112	10	4	12	73	0
1.121	1	9	113	2	4	12	73	0
1.123	1	9	113	4	4	12	73	0
1.125	1	9	113	6	4	12	73	0
1.126	1	9	113	7	4	12	73	0
1.128	1	9	113	9	4	12	73	0
1.13	1	9	114	1	4	12	73	0
1.132	1	9	114	3	4	12	73	0
1.134	1	9	114	5	4	12	73	0
1.136	1	9	114	7	4	12	73	0
1.138	1	9	114	9	4	12	73	0
1.14	1	9	115	1	4	12	73	0
1.141	1	9	115	2	4	12	73	0
1.143	1	9	115	4	4	12	73	0
1.145	1	9	115	6	4	12	73	0
1.147	1	9	115	8	4	12	73	0
1.149	1	9	115	10	4	12	73	0
1.151	1	9	116	2	4	12	73	0
1.153	1	9	116	4	4	12	73	0
1.155	1	9	116	6	4	12	73	0
1.156	1	9	116	7	4	12	73	0
1.158	1	9	116	9	4	12	73	0
1.16	1	9	117	1	4	12	73	0
1.162	1	9	117	3	4	12	73	0
1.164	1	9	117	5	4	12	73	0
1.166	1	9	117	7	4	12	73	0
1.168	1	9	117	9	4	12	73	0
1.17	1	9	118	1	4	12	73	0
1.171	1	9	118	2	4	12	73	0
1.173	1	9	118	4	4	12	73	0
1.175	1	9	118	6	4	12	73	0
1.177	1	9	118	8	4	12	73	0
1.179	1	9	118	10	4	12	73	0
1.181	1	9	119	2	4	12	73	0
1.183	1	9	119	4	4	12	73	0
1.185	1	9	119	6	4	12	73	0
1.186	1	9	119	7	4	12	73	0
1.188	1	9	119	9	4	12	73	0
1.19	1	9	120	1	4	12	73	0
1.192	1	9	120	3	4	12	73	0
1.194	1	9	120	5	4	12	73	0
1.196	1	9	120	7	4	12	73	0
1.198	1	9	120	9	4	12	73	0
1.2	1	9	121	1	4	12	73	0
1.201	1	9	121	2	4	12	73	0
1.203	1	9	121	4	4	12	73	0
1.205	1	9	121	6	4	12	73	0
1.207	1	9	121	8	4	12	73	0
1.209	1	9	121	10	4	12	73	0
1.211	1	9	122	2	4	12	73	0
1.213	1	9	122	4	4	12	73	0
1.215	1	9	122	6	4	12	73	0
1.216	1	9	122	7	4	12	73	0
1.218	1	9	122	9	4	12	73	0
1.22	1	9	123	1	4	12	73	0
1.222	1	9	123	3	4	12	73	0
1.224	1	9	123	5	4	12	73	0
1.226	1	9	123	7	4	12	73	0
1.228	1	9	123	9	4	12	73	0
1.23	1	9	124	1	4	12	73	0
1.231	1	9	124	2	4	12	73	0
1.233	1	9	124	4	4	12	73	0
1.235	1	9	124	6	4	12	73	0
1.237	1	9	124	8	4	12	73	0
1.239	1	9	124	10	4	12	73	0
1.241	1	9	125	2	4	12	73	0
1.243	1	9	125	4	4	12	73	0
1.245	1	9	125	6	4	12	73	0
1.246	1	9	125	7	4	12	73	0
1.248	1	9	125	9	4	12	73	0
1.25	1	9	126	1	4	12	73	0
1.252	1	9	126	3	4	12	73	0
1.254	1	9	126	5	4	12	73	0
1.256	1	9	126	7	4	12	73	0
1.258	1	9	126	9	4	12	73	0
1.26	1	9	127	1	4	12	73	0
1.261	1	9	127	2	4	12	73	0
1.263	1	9	127	4	4	12	73	0
1.265	1	9	127	6	4	12	73	0
1.267	1	9	127	8	4	12	73	0
1.269	1	9	127	10	4	12	73	0
1.271	1	9	128	2	4	12	73	0
1.273	1	9	128	4	4	12	73	0
1.275	1	9	128	6	4	12	73	0
1.276	1	9	128	7	4	12	73	0
1.278	1	9	128	9	4	12	73	0
1.28	1	9	129	1	4	12	73	0
1.282	1	9	129	3	4	12	73	0
1.284	1	9	129	5	4	12	73	0
1.286	1	9	129	7	4	12	73	0
1.288	1	9	129	9	4	12	73	0
1.29	1	9	130	1	4	12	73	0
1.291	1	9	130	2	4	12	73	0
1.293	1	9	130	4	4	12	73	0
1.295	1	9	130	6	4	12	73	0
1.297	1	9	130	8	4	12	73	0
1.299	1	9	130	10	4	12	73	0
1.301	1	9	131	2	4	12	73	0
1.303	1	9	131	4	4	12	73	0
1.305	1	9	131	6	4	12	73	0
1.306	1	9	131	7	4	12	73	0
1.308	1	9	131	9	4	12	73	0
1.31	1	9	132	1	4	12	73	0
1.312	1	9	132	3	4	12	73	0
1.314	1	9	132	5	4	12	73	0
1.316	1	9	132	7	4	12	73	0
1.318	1	9	132	9	4	12	73	0
1.32	1	9	133	1	4	12	73	0
1.321	1	9	133	2	4	12	73	0
1.323	1	9	133	4	4	12	73	0
1.325	1	9	133	6	4	12	73	0
1.327	1	9	133	8	4	12	73	0
1.329	1	9	133	10	4	12	73	0
1.331	1	9	134	2	4	12	73	0
1.333	1	9	134	4	4	12	73	0
1.335	1	9	134	6	4	12	73	0
1.336	1	9	134	7	4	12	73	0
1.338	1	9	134	9	4	12	73	0
1.34	1	9	135	1	4	12	73	0
1.342	1	9	135	3	4	12	73	0
1.344	1	9	135	5	4	12	73	0
1.346	1	9	135	7	4	12	73	0
1.348	1	9	135	9	4	12	73	0
1.35	1	9	136	1	4	12	73	0
1.351	1	9	136	2	4	12	73	0
1.353	1	9	136	4	4	12	73	0
1.355	1	9	136	6	4	12	73	0
1.357	1	9	136	8	4	12	73	0
1.359	1	9	136	10	4	12	73	0
1.361	1	9	137	2	4	12	73	0
1.363	1	9	137	4	4	12	73	0
1.365	1	9	137	6	4	12	73	0
1.366	1	9	137	7	4	12	73	0
1.368	1	9	137	9	4	12	73	0
1.37	1	9	138	1	4	12	73	0
1.372	1	9	138	3	4	12	73	0
1.374	1	9	138	5	4	12	73	0
1.376	1	9	138	7	4	12	73	0
1.378	1	9	138	9	4	12	73	0
1.38	1	9	139	1	4	12	73	0
1.381	1	9	139	2	4	12	73	0
1.383	1	9	139	4	4	12	73	0
1.385	1	9	139	6	4	12	73	0
1.387	1	9	139	8	4	12	73	0
1.389	1	9	139	10	4	12	73	0
1.391	1	9	140	2	4	12	73	0
1.393	1	9	140	4	4	12	73	0
1.395	1	9	140	6	4	12	73	0
1.396	1	9	140	7	4	12	73	0
1.398	1	9	140	9	4	12	73	0
1.4	1	9	141	1	4	12	73	0
1.402	1	9	141	3	4	12	73	0
1.404	1	9	141	5	4	12	73	0
1.406	1	9	141	7	4	12	73	0
1.408	1	9	141	9	4	12	73	0
1.41	1	9	142	1	4	12	73	0
1.411	1	9	142	2	4	12	73	0
1.413	1	9	142	4	4	12	73	0
1.415	1	9	142	6	4	12	73	0
1.417	1	9	142	8	4	12	73	0
1.419	1	9	142	10	4	12	73	0
1.421	1	9	143	2	4	12	73	0
1.423	1	9	143	4	4	12	73	0
1.425	1	9	143	6	4	12	73	0
1.426	1	9	143	7	4	12	73	0
1.428	1	9	143	9	4	12	73	0
1.43	1	9	144	1	4	12	73	0
1.432	1	9	144	3	4	12	73	0
1.434	1	9	144	5	4	12	73	0
1.436	1	9	144	7	4	12	73	0
1.438	1	9	144	9	4	12	73	0
1.44	1	9	145	1	4	12	73	0
1.441	1	9	145	2	4	12	73	0
1.443	1	9	145	4	4	12	73	0
1.445	1	9	145	6	4	12	73	0
1.447	1	9	145	8	4	12	73	0
1.449	1	9	145	10	4	12	73	0
1.451	1	9	146	2	4	12	73	0
1.453	1	9	146	4	4	12	73	0
1.455	1	9	146	6	4	12	73	0
1.456	1	9	146	7	4	12	73	0
1.458	1	9	146	9	4	12	73	0
1.46	1	9	147	1	4	12	73	0
1.462	1	9	147	3	4	12	73	0
1.464	1	9	147	5	4	12	73	0
1.466	1	9	147	7	4	12	73	0
1.468	1	9	147	9	4	12	73	0
1.47	1	9	148	1	4	12	73	0
1.471	1	9	148	2	4	12	73	0
1.473	1	9	148	4	4	12	73	0
1.475	1	9	148	6	4	12	73	0
1.477	1	9	148	8	4	12	73	0
1.479	1	9	148	10	4	12	73	0
1.481	1	9	149	2	4	12	73	0
1.483	1	9	149	4	4	12	73	0
1.485	1	9	149	6	4	12	73	0
1.486	1	9	149	7	4	12	73	0
1.488	1	9	149	9	4	12	73	0
1.49	1	9	150	1	4	12	73	0
1.492	1	9	150	3	4	12	73	0
1.494	1	9	150	5	4	12	73	0
1.496	1	9	150	7	4	12	73	0
1.498	1	9	150	9	4	12	73	0
1.5	1	9	151	1	4	12	73	0
1.501	1	9	151	2	4	12	73	0
1.503	1	9	151	4	4	12	73	0
1.505	1	9	151	6	4	12	73	0
1.507	1	9	151	8	4	12	73	0
1.509	1	9	151	10	4	12	73	0
1.511	1	9	152	2	4	12	73	0
1.513	1	9	152	4	4	12	73	0
1.515	1	9	152	6	4	12	73	0
1.516	1	9	152	7	4	12	73	0
1.518	1	9	152	9	4	12	73	0
1.52	1	9	153	1	4	12	73	0
1.522	1	9	153	3	4	12	73	0
1.524	1	9	153	5	4	12	73	0
1.526	1	9	153	7	4	12	73	0
1.528	1	9	153	9	4	12	73	0
1.53	1	9	154	1	4	12	73	0
1.531	1	9	154	2	4	12	73	0
1.533	1	9	154	4	4	12	73	0
1.535	1	9	154	6	4	12	73	0
1.537	1	9	154	8	4	12	73	0
1.539	1	9	154	10	4	12	73	0
1.541	1	9	155	2	4	12	73	0
1.543	1	9	155	4	4	12	73	0
1.545	1	9	155	6	4	12	73	0
1.546	1	9	155	7	4	12	73	0
1.548	1	9	155	9	4	12	73	0
1.55	1	9	156	1	4	12	73	0
1.552	1	9	156	3	4	12	73	0
1.554	1	9	156	5	4	12	73	0
1.556	1	9	156	7	4	12	73	0
1.558	1	9	156	9	4	12	73	0
1.56	1	9	157	1	4	12	73	0
1.561	1	9	157	2	4	12	73	0
1.563	1	9	157	4	4	12	73	0
1.565	1	9	157	6	4	12	73	0
1.567	1	9	157	8	4	12	73	0
1.569	1	9	157	10	4	12	73	0
1.571	1	9	158	2	4	12	73	0
1.573	1	9	158	4	4	12	73	0
1.575	1	9	158	6	4	12	73	0
1.576	1	9	158	7	4	12	73	0
1.578	1	9	158	9	4	12	73	0
1.58	1	9	159	1	4	12	73	0
1.582	1	9	159	3	4	12	73	0
1.584	1	9	159	5	4	12	73	0
1.586	1	9	159	7	4	12	73	0
1.588	1	9	159	9	4	12	73	0
1.59	1	9	160	1	4	12	73	0
1.591	1	9	160	2	4	12	73	0
1.593	1	9	160	4	4	12	73	0
1.595	1	9	160	6	4	12	73	0
1.597	1	9	160	8	4	12	73	0
1.599	1	9	160	10	4	12	73	0
1.601	1	9	161	2	4	12	73	0
1.603	1	9	161	4	4	12	73	0
1.605	1	9	161	6	4	12	73	0
1.606	1	9	161	7	4	12	73	0
1.608	1	9	161	9	4	12	73	0
1.61	1	9	162	1	4	12	73	0
1.612	1	9	162	3	4	12	73	0
1.614	1	9	162	5	4	12	73	0
1.616	1	9	162	7	4	12	73	0
1.618	1	9	162	9	4	12	73	0
1.62	1	9	163	1	4	12	73	0
1.621	1	9	163	2	4	12	73	0
1.623	1	9	163	4	4	12	73	0
1.625	1	9	163	6	4	12	73	0
1.627	1	9	163	8	4	12	73	0
1.629	1	9	163	10	4	12	73	0
1.631	1	9	164	2	4	12	73	0
1.633	1	9	164	4	4	12	73	0
1.635	1	9	164	6	4	12	73	0
1.636	1	9	164	7	4	12	73	0
1.638	1	9	164	9	4	12	73	0
1.64	1	9	165	1	4	12	73	0
1.642	1	9	165	3	4	12	73	0
1.644	1	9	165	5	4	12	73	0
1.646	1	9	165	7	4	12	73	0
1.648	1	9	165	9	4	12	73	0
1.65	1	9	166	1	4	12	73	0
1.651	1	9	166	2	4	12	73	0
1.653	1	9	166	4	4	12	73	0
1.655	1	9	166	6	4	12	73	0
1.657	1	9	166	8	4	12	73	0
1.659	1	9	166	10	4	12	73	0
1.661	1	9	167	2	4	12	73	0
1.663	1	9	167	4	4	12	73	0
1.665	1	9	167	6	4	12	73	0
1.666	1	9	167	7	4	12	73	0
1.668	1	9	167	9	4	12	73	0
1.67	1	9	168	1	4	12	73	0
1.672	1	9	168	3	4	12	73	0
1.674	1	9	168	5	4	12	73	0
1.676	1	9	168	7	4	12	73	0
1.678	1	9	168	9	4	12	73	0
1.68	1	9	169	1	4	12	73	0
1.681	1	9	169	2	4	12	73	0
1.683	1	9	169	4	4	12	73	0
1.685	1	9	169	6	4	12	73	0
1.687	1	9	169	8	4	12	73	0
1.689	1	9	169	10	4	12	73	0
1.691	1	9	170	2	4	12	73	0
1.693	1	9	170	4	4	12	73	0
1.695	1	9	170	6	4	12	73	0
1.696	1	9	170	7	4	12	73	0
1.698	1	9	170	9	4	12	73	0
1.7	1	9	171	1	4	12	73	0
1.702	1	9	171	3	4	12	73	0
1.704	1	9	171	5	4	12	73	0
1.706	1	9	171	7	4	12	73	0
1.708	1	9	171	9	4	12	73	0
1.71	1	9	172	1	4	12	73	0
1.711	1	9	172	2	4	12	73	0
1.713	1	9	172	4	4	12	73	0
1.715	1	9	172	6	4	12	73	0
1.717	1	9	172	8	4	12	73	0
1.719	1	9	172	10	4	12	73	0
1.721	1	9	173	2	4	12	73	0
1.723	1	9	173	4	4	12	73	0
1.725	1	9	173	6	4	12	73	0
1.726	1	9	173	7	4	12	73	0
1.728	1	9	173	9	4	12	73	0
1.73	1	9	174	1	4	12	73	0
1.732	1	9	174	3	4	12	73	0
1.734	1	9	174	5	4	12	73	0
1.736	1	9	174	7	4	12	73	0
1.738	1	9	174	9	4	12	73	0
1.74	1	9	175	1	4	12	73	0
1.741	1	9	175	2	4	12	73	0
1.743	1	9	175	4	4	12	73	0
1.745	1	9	175	6	4	12	73	0
1.747	1	9	175	8	4	12	73	0
1.749	1	9	175	10	4	12	73	0
1.751	1	9	176	2	4	12	73	0
1.753	1	9	176	4	4	12	73	0
1.755	1	9	176	6	4	12	73	0
1.756	1	9	176	7	4	12	73	0
1.758	1	9	176	9	4	12	73	0
1.76	1	9	177	1	4	12	73	0
1.762	1	9	177	3	4	12	73	0
1.764	1	9	177	5	4	12	73	0
1.766	1	9	177	7	4	12	73	0
1.768	1	9	177	9	4	12	73	0
1.77	1	9	178	1	4	12	73	0
1.771	1	9	178	2	4	12	73	0
1.773	1	9	178	4	4	12	73	0
1.775	1	9	178	6	4	12	73	0
1.777	1	9	178	8	4	12	73	0
1.779	1	9	178	10	4	12	73	0
1.781	1	9	179	2	4	12	73	0
1.783	1	9	179	4	4	12	73	0
1.785	1	9	179	6	4	12	73	0
1.786	1	9	179	7	4	12	73	0
1.788	1	9	179	9	4	12	73	0
1.79	1	9	180	1	4	12	73	0
1.792	1	9	180	3	4	12	73	0
1.794	1	9	180	5	4	12	73	0
1.796	1	9	180	7	4	12	73	0
1.798	1	9	180	9	4	12	73	0
1.8	1	9	181	1	4	12	73	0
1.801	1	9	181	2	4	12	73	0
1.803	1	9	181	4	4	12	73	0
1.805	1	9	181	6	4	12	73	0
1.807	1	9	181	8	4	12	73	0
1.809	1	9	181	10	4	12	73	0
1.811	1	9	182	2	4	12	73	0
1.813	1	9	182	4	4	12	73	0
1.815	1	9	182	6	4	12	73	0
1.816	1	9	182	7	4	12	73	0
1.818	1	9	182	9	4	12	73	0
1.82	1	9	183	1	4	12	73	0
1.822	1	9	183	3	4	12	73	0
1.824	1	9	183	5	4	12	73	0
1.826	1	9	183	7	4	12	73	0
1.828	1	9	183	9	4	12	73	0
1.83	1	9	184	1	4	12	73	0
1.831	1	9	184	2	4	12	73	0
1.833	1	9	184	4	4	12	73	0
1.835	1	9	184	6	4	12	73	0
1.837	1	9	184	8	4	12	73	0
1.839	1	9	184	10	4	12	73	0
1.841	1	9	185	2	4	12	73	0
1.843	1	9	185	4	4	12	73	0
1.845	1	9	185	6	4	12	73	0
1.846	1	9	185	7	4	12	73	0
1.848	1	9	185	9	4	12	73	0
1.85	1	9	186	1	4	12	73	0
1.852	1	9	186	3	4	12	73	0
1.854	1	9	186	5	4	12	73	0
1.856	1	9	186	7	4	12	73	0
1.858	1	9	186	9	4	12	73	0
1.86	1	9	187	1	4	12	73	0
1.861	1	9	187	2	4	12	73	0
1.863	1	9	187	4	4	12	73	0
1.865	1	9	187	6	4	12	73	0
1.867	1	9	187	8	4	12	73	0
1.869	1	9	187	10	4	12	73	0
1.871	1	9	188	2	4	12	73	0
1.873	1	9	188	4	4	12	73	0
1.875	1	9	188	6	4	12	73	0
1.876	1	9	188	7	4	12	73	0
1.878	1	9	188	9	4	12	73	0
1.88	1	9	189	1	4	12	73	0
1.882	1	9	189	3	4	12	73	0
1.884	1	9	189	5	4	12	73	0
1.886	1	9	189	7	4	12	73	0
1.888	1	9	189	9	4	12	73	0
1.89	1	9	190	1	4	12	73	0
1.891	1	9	190	2	4	12	73	0
1.893	1	9	190	4	4	12	73	0
1.895	1	9	190	6	4	12	73	0
1.897	1	9	190	8	4	12	73	0
1.899	1	9	190	10	4	12	73	0
1.901	1	9	191	2	4	12	73	0
1.903	1	9	191	4	4	12	73	0
1.905	1	9	191	6	4	12	73	0
1.906	1	9	191	7	4	12	73	0
1.908	1	9	191	9	4	12	73	0
1.91	1	9	192	1	4	12	73	0
1.912	1	9	192	3	4	12	73	0
1.914	1	9	192	5	4	12	73	0
1.916	1	9	192	7	4	12	73	0
1.918	1	9	192	9	4	12	73	0
1.92	1	9	193	1	4	12	73	0
1.921	1	9	193	2	4	12	73	0
1.923	1	9	193	4	4	12	73	0
1.925	1	9	193	6	4	12	73	0
1.927	1	9	193	8	4	12	73	0
1.929	1	9	193	10	4	12	73	0
1.931	1	9	194	2	4	12	73	0
1.933	1	9	194	4	4	12	73	0
1.935	1	9	194	6	4	12	73	0
1.936	1	9	194	7	4	12	73	0
1.938	1	9	194	9	4	12	73	0
1.94	1	9	195	1	4	12	73	0
1.942	1	9	195	3	4	12	73	0
1.944	1	9	195	5	4	12	73	0
1.946	1	9	195	7	4	12	73	0
1.948	1	9	195	9	4	12	73	0
1.95	1	9	196	1	4	12	73	0
1.951	1	9	196	2	4	12	73	0
1.953	1	9	196	4	4	12	73	0
1.955	1	9	196	6	4	12	73	0
1.957	1	9	196	8	4	12	73	0
1.959	1	9	196	10	4	12	73	0
1.961	1	9	197	2	4	12	73	0
1.963	1	9	197	4	4	12	73	0
1.965	1	9	197	6	4	12	73	0
1.966	1	9	197	7	4	12	73	0
1.968	1	9	197	9	4	12	73	0
1.97	1	9	198	1	4	12	73	0
1.972	1	9	198	3	4	12	73	0
1.974	1	9	198	5	4	12	73	0
1.976	1	9	198	7	4	12	73	0
1.978	1	9	198	9	4	12	73	0
1.98	1	9	199	1	4	12	73	0
1.981	1	9	199	2	4	12	73	0
1.983	1	9	199	4	4	12	73	0
1.985	1	9	199	6	4	12	73	0
1.987	1	9	199	8	4	12	73	0
1.989	1	9	199	10	4	12	73	0
1.991	1	9	200	2	4	12	73	0
1.993	1	9	200	4	4	12	73	0
1.995	1	9	200	6	4	12	73	0
1.996	1	9	200	7	4	12	73	0
1.998	1	9	200	9	4	12	73	0
2	1	9	201	1	4	12	73	0
2.002	1	9	201	3	4	12	73	0
2.004	1	9	201	5	4	12	73	0
2.006	1	9	201	7	4	12	73	0
2.008	1	9	201	9	4	12	73	0
2.01	1	9	202	1	4	12	73	0
2.011	1	9	202	2	4	12	73	0
2.013	1	9	202	4	4	12	73	0
2.015	1	9	202	6	4	12	73	0
2.017	1	9	202	8	4	12	73	0
2.019	1	9	202	10	4	12	73	0
2.021	1	9	203	2	4	12	73	0
2.023	1	9	203	4	4	12	73	0
2.025	1	9	203	6	4	12	73	0
2.026	1	9	203	7	4	12	73	0
2.028	1	9	203	9	4	12	73	0
2.03	1	9	204	1	4	12	73	0
2.032	1	9	204	3	4	12	73	0
2.034	1	9	204	5	4	12	73	0
2.036	1	9	204	7	4	12	73	0
2.038	1	9	204	9	4	12	73	0
2.04	1	9	205	1	4	12	73	0
2.041	1	9	205	2	4	12	73	0
2.043	1	9	205	4	4	12	73	0
2.045	1	9	205	6	4	12	73	0
2.047	1	9	205	8	4	12	73	0
2.049	1	9	205	10	4	12	73	0
2.051	1	9	206	2	4	12	73	0
2.053	1	9	206	4	4	12	73	0
2.055	1	9	206	6	4	12	73	0
2.056	1	9	206	7	4	12	73	0
2.058	1	9	206	9	4	12	73	0
2.06	1	9	207	1	4	12	73	0
2.062	1	9	207	3	4	12	73	0
2.064	1	9	207	5	4	12	73	0
2.066	1	9	207	7	4	12	73	0
2.068	1	9	207	9	4	12	73	0
2.07	1	9	208	1	4	12	73	0
2.071	1	9	208	2	4	12	73	0
2.073	1	9	208	4	4	12	73	0
2.075	1	9	208	6	4	12	73	0
2.077	1	9	208	8	4	12	73	0
2.079	1	9	208	10	4	12	73	0
2.081	1	9	209	2	4	12	73	0
2.083	1	9	209	4	4	12	73	0
2.085	1	9	209	6	4	12	73	0
2.086	1	9	209	7	4	12	73	0
2.088	1	9	209	9	4	12	73	0
2.09	1	9	210	1	4	12	73	0
2.092	1	9	210	3	4	12	73	0
2.094	1	9	210	5	4	12	73	0
2.096	1	9	210	7	4	12	73	0
2.098	1	9	210	9	4	12	73	0
2.1	1	9	211	1	4	12	73	0
2.101	1	9	211	2	4	12	73	0
2.103	1	9	211	4	4	12	73	0
2.105	1	9	211	6	4	12	73	0
2.107	1	9	211	8	4	12	73	0
2.109	1	9	211	10	4	12	73	0
2.111	1	9	212	2	4	12	73	0
2.113	1	9	212	4	4	12	73	0
2.115	1	9	212	6	4	12	73	0
2.116	1	9	212	7	4	12	73	0
2.118	1	9	212	9	4	12	73	0
2.12	1	9	213	1	4	12	73	0
2.122	1	9	213	3	4	12	73	0
2.124	1	9	213	5	4	12	73	0
2.126	1	9	213	7	4	12	73	0
2.128	1	9	213	9	4	12	73	0
2.13	1	9	214	1	4	12	73	0
2.131	1	9	214	2	4	12	73	0
2.133	1	9	214	4	4	12	73	0
2.135	1	9	214	6	4	12	73	0
2.137	1	9	214	8	4	12	73	0
2.139	1	9	214	10	4	12	73	0
2.141	1	9	215	2	4	12	73	0
2.143	1	9	215	4	4	12	73	0
2.145	1	9	215	6	4	12	73	0
2.146	1	9	215	7	4	12	73	0
2.148	1	9	215	9	4	12	73	0
2.15	1	9	216	1	4	12	73	0
2.152	1	9	216	3	4	12	73	0
2.154	1	9	216	5	4	12	73	0
2.156	1	9	216	7	4	12	73	0
2.158	1	9	216	9	4	12	73	0
2.16	1	9	217	1	4	12	73	0
2.161	1	9	217	2	4	12	73	0
2.163	1	9	217	4	4	12	73	0
2.165	1	9	217	6	4	12	73	0
2.167	1	9	217	8	4	12	73	0
2.169	1	9	217	10	4	12	73	0
2.171	1	9	218	2	4	12	73	0
2.173	1	9	218	4	4	12	73	0
2.175	1	9	218	6	4	12	73	0
2.176	1	9	218	7	4	12	73	0
2.178	1	9	218	9	4	12	73	0
2.18	1	9	219	1	4	12	73	0
2.182	1	9	219	3	4	12	73	0
2.184	1	9	219	5	4	12	73	0
2.186	1	9	219	7	4	12	73	0
2.188	1	9	219	9	4	12	73	0
2.19	1	9	220	1	4	12	73	0
2.191	1	9	220	2	4	12	73	0
2.193	1	9	220	4	4	12	73	0
2.195	1	9	220	6	4	12	73	0
2.197	1	9	220	8	4	12	73	0
2.199	1	9	220	10	4	12	73	0
2.201	1	9	221	2	4	12	73	0
2.203	1	9	221	4	4	12	73	0
2.205	1	9	221	6	4	12	73	0
2.206	1	9	221	7	4	12	73	0
2.208	1	9	221	9	4	12	73	0
2.21	1	9	222	1	4	12	73	0
2.212	1	9	222	3	4	12	73	0
2.214	1	9	222	5	4	12	73	0
2.216	1	9	222	7	4	12	73	0
2.218	1	9	222	9	4	12	73	0
2.22	1	9	223	1	4	12	73	0
2.221	1	9	223	2	4	12	73	0
2.223	1	9	223	4	4	12	73	0
2.225	1	9	223	6	4	12	73	0
2.227	1	9	223	8	4	12	73	0
2.229	1	9	223	10	4	12	73	0
2.231	1	9	224	2	4	12	73	0
2.233	1	9	224	4	4	12	73	0
2.235	1	9	224	6	4	12	73	0
2.236	1	9	224	7	4	12	73	0
2.238	1	9	224	9	4	12	73	0
2.24	1	9	225	1	4	12	73	0
2.242	1	9	225	3	4	12	73	0
2.244	1	9	225	5	4	12	73	0
2.246	1	9	225	7	4	12	73	0
2.248	1	9	225	9	4	12	73	0
2.25	1	9	226	1	4	12	73	0
2.251	1	9	226	2	4	12	73	0
2.253	1	9	226	4	4	12	73	0
2.255	1	9	226	6	4	12	73	0
2.257	1	9	226	8	4	12	73	0
2.259	1	9	226	10	4	12	73	0
2.261	1	9	227	2	4	12	73	0
2.263	1	9	227	4	4	12	73	0
2.265	1	9	227	6	4	12	73	0
2.266	1	9	227	7	4	12	73	0
2.268	1	9	227	9	4	12	73	0
2.27	1	9	228	1	4	12	73	0
2.272	1	9	228	3	4	12	73	0
2.274	1	9	228	5	4	12	73	0
2.276	1	9	228	7	4	12	73	0
2.278	1	9	228	9	4	12	73	0
2.28	1	9	229	1	4	12	73	0
2.281	1	9	229	2	4	12	73	0
2.283	1	9	229	4	4	12	73	0
2.285	1	9	229	6	4	12	73	0
2.287	1	9	229	8	4	12	73	0
2.289	1	9	229	10	4	12	73	0
2.291	1	9	230	2	4	12	73	0
2.293	1	9	230	4	4	12	73	0
2.295	1	9	230	6	4	12	73	0
2.296	1	9	230	7	4	12	73	0
2.298	1	9	230	9	4	12	73	0
2.3	1	9	231	1	4	12	73	0
2.302	1	9	231	3	4	12	73	0
2.304	1	9	231	5	4	12	73	0
2.306	1	9	231	7	4	12	73	0
2.308	1	9	231	9	4	12	73	0
2.31	1	9	232	1	4	12	73	0
2.311	1	9	232	2	4	12	73	0
2.313	1	9	232	4	4	12	73	0
2.315	1	9	232	6	4	12	73	0
2.317	1	9	232	8	4	12	73	0
2.319	1	9	232	10	4	12	73	0
2.321	1	9	233	2	4	12	73	0
2.323	1	9	233	4	4	12	73	0
2.325	1	9	233	6	4	12	73	0
2.326	1	9	233	7	4	12	73	0
2.328	1	9	233	9	4	12	73	0
2.33	1	9	234	1	4	12	73	0
2.332	1	9	234	3	4	12	73	0
2.334	1	9	234	5	4	12	73	0
2.336	1	9	234	7	4	12	73	0
2.338	1	9	234	9	4	12	73	0
2.34	1	9	235	1	4	12	73	0
2.341	1	9	235	2	4	12	73	0
2.343	1	9	235	4	4	12	73	0
2.345	1	9	235	6	4	12	73	0
2.347	1	9	235	8	4	12	73	0
2.349	1	9	235	10	4	12	73	0
2.351	1	9	236	2	4	12	73	0
2.353	1	9	236	4	4	12	73	0
2.355	1	9	236	6	4	12	73	0
2.356	1	9	236	7	4	12	73	0
2.358	1	9	236	9	4	12	73	0
2.36	1	9	237	1	4	12	73	0
2.362	1	9	237	3	4	12	73	0
2.364	1	9	237	5	4	12	73	0
2.366	1	9	237	7	4	12	73	0
2.368	1	9	237	9	4	12	73	0
2.37	1	9	238	1	4	12	73	0
2.371	1	9	238	2	4	12	73	0
2.373	1	9	238	4	4	12	73	0
2.375	1	9	238	6	4	12	73	0
2.377	1	9	238	8	4	12	73	0
2.379	1	9	238	10	4	12	73	0
2.381	1	9	239	2	4	12	73	0
2.383	1	9	239	4	4	12	73	0
2.385	1	9	239	6	4	12	73	0
2.386	1	9	239	7	4	12	73	0
2.388	1	9	239	9	4	12	73	0
2.39	1	9	240	1	4	12	73	0
2.392	1	9	240	3	4	12	73	0
2.394	1	9	240	5	4	12	73	0
2.396	1	9	240	7	4	12	73	0
2.398	1	9	240	9	4	12	73	0
2.4	1	9	241	1	4	12	73	0
2.401	1	9	241	2	4	12	73	0
2.403	1	9	241	4	4	12	73	0
2.405	1	9	241	6	4	12	73	0
2.407	1	9	241	8	4	12	73	0
2.409	1	9	241	10	4	12	73	0
2.411	1	9	242	2	4	12	73	0
2.413	1	9	242	4	4	12	73	0
2.415	1	9	242	6	4	12	73	0
2.416	1	9	242	7	4	12	73	0
2.418	1	9	242	9	4	12	73	0
2.42	1	9	243	1	4	12	73	0
2.422	1	9	243	3	4	12	73	0
2.424	1	9	243	5	4	12	73	0
2.426	1	9	243	7	4	12	73	0
2.428	1	9	243	9	4	12	73	0
2.43	1	9	244	1	4	12	73	0
2.431	1	9	244	2	4	12	73	0
2.433	1	9	244	4	4	12	73	0
2.435	1	9	244	6	4	12	73	0
2.437	1	9	244	8	4	12	73	0
2.439	1	9	244	10	4	12	73	0
2.441	1	9	245	2	4	12	73	0
2.443	1	9	245	4	4	12	73	0
2.445	1	9	245	6	4	12	73	0
2.446	1	9	245	7	4	12	73	0
2.448	1	9	245	9	4	12	73	0
2.45	1	9	246	1	4	12	73	0
2.452	1	9	246	3	4	12	73	0
2.454	1	9	246	5	4	12	73	0
2.456	1	9	246	7	4	12	73	0
2.458	1	9	246	9	4	12	73	0
2.46	1	9	247	1	4	12	73	0
2.461	1	9	247	2	4	12	73	0
2.463	1	9	247	4	4	12	73	0
2.465	1	9	247	6	4	12	73	0
2.467	1	9	247	8	4	12	73	0
2.469	1	9	247	10	4	12	73	0
2.471	1	9	248	2	4	12	73	0
2.473	1	9	248	4	4	12	73	0
2.475	1	9	248	6	4	12	73	0
2.476	1	9	248	7	4	12	73	0
2.478	1	9	248	9	4	12	73	0
2.48	1	9	249	1	4	12	73	0
2.482	1	9	249	3	4	12	73	0
2.484	1	9	249	5	4	12	73	0
2.486	1	9	249	7	4	12	73	0
2.488	1	9	249	9	4	12	73	0
2.49	1	9	250	1	4	12	73	0
2.491	1	9	250	2	4	12	73	0
2.493	1	9	250	4	4	12	73	0
2.495	1	9	250	6	4	12	73	0
2.497	1	9	250	8	4	12	73	0
2.499	1	9	250	10	4	12	73	0
2.501	1	9	251	2	4	12	73	0
2.503	1	9	251	4	4	12	73	0
2.505	1	9	251	6	4	12	73	0
2.506	1	9	251	7	4	12	73	0
2.508	1	9	251	9	4	12	73	0
2.51	1	9	252	1	4	12	73	0
2.512	1	9	252	3	4	12	73	0
2.514	1	9	252	5	4	12	73	0
2.516	1	9	252	7	4	12	73	0
2.518	1	9	252	9	4	12	73	0
2.52	1	9	253	1	4	12	73	0
2.521	1	9	253	2	4	12	73	0
2.523	1	9	253	4	4	12	73	0
2.525	1	9	253	6	4	12	73	0
2.527	1	9	253	8	4	12	73	0
2.529	1	9	253	10	4	12	73	0
2.531	1	9	254	2	4	12	73	0
2.533	1	9	254	4	4	12	73	0
2.535	1	9	254	6	4	12	73	0
2.536	1	9	254	7	4	12	73	0
2.538	1	9	254	9	4	12	73	0
2.54	1	9	255	1	4	12	73	0
2.542	1	9	255	3	4	12	73	0
2.544	1	9	255	5	4	12	73	0
2.546	1	9	255	7	4	12	73	0
2.548	1	9	255	9	4	12	73	0
2.55	1	9	256	1	4	12	73	0
2.551	1	9	256	2	4	12	73	0
2.553	1	9	256	4	4	12	73	0
2.555	1	9	256	6	4	12	73	0
2.557	1	9	256	8	4	12	73	0
2.559	1	9	256	10	4	12	73	0
2.561	1	9	257	2	4	12	73	0
2.563	1	9	257	4	4	12	73	0
2.565	1	9	257	6	4	12	73	0
2.566	1	9	257	7	4	12	73	0
2.568	1	9	257	9	4	12	73	0
2.57	1	9	258	1	4	12	73	0
2.572	1	9	258	3	4	12	73	0
2.574	1	9	258	5	4	12	73	0
2.576	1	9	258	7	4	12	73	0
2.578	1	9	258	9	4	12	73	0
2.58	1	9	259	1	4	12	73	0
2.581	1	9	259	2	4	12	73	0
2.583	1	9	259	4	4	12	73	0
2.585	1	9	259	6	4	12	73	0
2.587	1	9	259	8	4	12	73	0
2.589	1	9	259	10	4	12	73	0
2.591	1	9	260	2	4	12	73	0
2.593	1	9	260	4	4	12	73	0
2.595	1	9	260	6	4	12	73	0
2.596	1	9	260	7	4	12	73	0
2.598	1	9	260	9	4	12	73	0
2.6	1	9	261	1	4	12	73	0
2.602	1	9	261	3	4	12	73	0
2.604	1	9	261	5	4	12	73	0
2.606	1	9	261	7	4	12	73	0
2.608	1	9	261	9	4	12	73	0
2.61	1	9	262	1	4	12	73	0
2.611	1	9	262	2	4	12	73	0
2.613	1	9	262	4	4	12	73	0
2.615	1	9	262	6	4	12	73	0
2.617	1	9	262	8	4	12	73	0
2.619	1	9	262	10	4	12	73	0
2.621	1	9	263	2	4	12	73	0
2.623	1	9	263	4	4	12	73	0
2.625	1	9	263	6	4	12	73	0
2.626	1	9	263	7	4	12	73	0
2.628	1	9	263	9	4	12	73	0
2.63	1	9	264	1	4	12	73	0
2.632	1	9	264	3	4	12	73	0
2.634	1	9	264	5	4	12	73	0
2.636	1	9	264	7	4	12	73	0
2.638	1	9	264	9	4	12	73	0
2.64	1	9	265	1	4	12	73	0
2.641	1	9	265	2	4	12	73	0
2.643	1	9	265	4	4	12	73	0
2.645	1	9	265	6	4	12	73	0
2.647	1	9	265	8	4	12	73	0
2.649	1	9	265	10	4	12	73	0
2.651	1	9	266	2	4	12	73	0
2.653	1	9	266	4	4	12	73	0
2.655	1	9	266	6	4	12	73	0
2.656	1	9	266	7	4	12	73	0
2.658	1	9	266	9	4	12	73	0
2.66	1	9	267	1	4	12	73	0
2.662	1	9	267	3	4	12	73	0
2.664	1	9	267	5	4	12	73	0
2.666	1	9	267	7	4	12	73	0
2.668	1	9	267	9	4	12	73	0
2.67	1	9	268	1	4	12	73	0
2.671	1	9	268	2	4	12	73	0
2.673	1	9	268	4	4	12	73	0
2.675	1	9	268	6	4	12	73	0
2.677	1	9	268	8	4	12	73	0
2.679	1	9	268	10	4	12	73	0
2.681	1	9	269	2	4	12	73	0
2.683	1	9	269	4	4	12	73	0
2.685	1	9	269	6	4	12	73	0
2.686	1	9	269	7	4	12	73	0
2.688	1	9	269	9	4	12	73	0
2.69	1	9	270	1	4	12	73	0
2.692	1	9	270	3	4	12	73	0
2.694	1	9	270	5	4	12	73	0
2.696	1	9	270	7	4	12	73	0
2.698	1	9	270	9	4	12	73	0
2.7	1	9	271	1	4	12	73	0
2.701	1	9	271	2	4	12	73	0
2.703	1	9	271	4	4	12	73	0
2.705	1	9	271	6	4	12	73	0
2.707	1	9	271	8	4	12	73	0
2.709	1	9	271	10	4	12	73	0
2.711	1	9	272	2	4	12	73	0
2.713	1	9	272	4	4	12	73	0
2.715	1	9	272	6	4	12	73	0
2.716	1	9	272	7	4	12	73	0
2.718	1	9	272	9	4	12	73	0
2.72	1	9	273	1	4	12	73	0
2.722	1	9	273	3	4	12	73	0
2.724	1	9	273	5	4	12	73	0
2.726	1	9	273	7	4	12	73	0
2.728	1	9	273	9	4	12	73	0
2.73	1	9	274	1	4	12	73	0
2.731	1	9	274	2	4	12	73	0
2.733	1	9	274	4	4	12	73	0
2.735	1	9	274	6	4	12	73	0
2.737	1	9	274	8	4	12	73	0
2.739	1	9	274	10	4	12	73	0
2.741	1	9	275	2	4	12	73	0
2.743	1	9	275	4	4	12	73	0
2.745	1	9	275	6	4	12	73	0
2.746	1	9	275	7	4	12	73	0
2.748	1	9	275	9	4	12	73	0
2.75	1	9	276	1	4	12	73	0
2.752	1	9	276	3	4	12	73	0
2.754	1	9	276	5	4	12	73	0
2.756	1	9	276	7	4	12	73	0
2.758	1	9	276	9	4	12	73	0
2.76	1	9	277	1	4	12	73	0
2.761	1	9	277	2	4	12	73	0
2.763	1	9	277	4	4	12	73	0
2.765	1	9	277	6	4	12	73	0
2.767	1	9	277	8	4	12	73	0
2.769	1	9	277	10	4	12	73	0
2.771	1	9	278	2	4	12	73	0
2.773	1	9	278	4	4	12	73	0
2.775	1	9	278	6	4	12	73	0
2.776	1	9	278	7	4	12	73	0
2.778	1	9	278	9	4	12	73	0
2.78	1	9	279	1	4	12	73	0
2.782	1	9	279	3	4	12	73	0
2.784	1	9	279	5	4	12	73	0
2.786	1	9	279	7	4	12	73	0
2.788	1	9	279	9	4	12	73	0
2.79	1	9	280	1	4	12	73	0
2.791	1	9	280	2	4	12	73	0
2.793	1	9	280	4	4	12	73	0
2.795	1	9	280	6	4	12	73	0
2.797	1	9	280	8	4	12	73	0
2.799	1	9	280	10	4	12	73	0
2.801	1	9	281	2	4	12	73	0
2.803	1	9	281	4	4	12	73	0
2.805	1	9	281	6	4	12	73	0
2.806	1	9	281	7	4	12	73	0
2.808	1	9	281	9	4	12	73	0
2.81	1	9	282	1	4	12	73	0
2.812	1	9	282	3	4	12	73	0
2.814	1	9	282	5	4	12	73	0
2.816	1	9	282	7	4	12	73	0
2.818	1	9	282	9	4	12	73	0
2.82	1	9	283	1	4	12	73	0
2.821	1	9	283	2	4	12	73	0
2.823	1	9	283	4	4	12	73	0
2.825	1	9	283	6	4	12	73	0
2.827	1	9	283	8	4	12	73	0
2.829	1	9	283	10	4	12	73	0
2.831	1	9	284	2	4	12	73	0
2.833	1	9	284	4	4	12	73	0
2.835	1	9	284	6	4	12	73	0
2.836	1	9	284	7	4	12	73	0
2.838	1	9	284	9	4	12	73	0
2.84	1	9	285	1	4	12	73	0
2.842	1	9	285	3	4	12	73	0
2.844	1	9	285	5	4	12	73	0
2.846	1	9	285	7	4	12	73	0
2.848	1	9	285	9	4	12	73	0
2.85	1	9	286	1	4	12	73	0
2.851	1	9	286	2	4	12	73	0
2.853	1	9	286	4	4	12	73	0
2.855	1	9	286	6	4	12	73	0
2.857	1	9	286	8	4	12	73	0
2.859	1	9	286	10	4	12	73	0
2.861	1	9	287	2	4	12	73	0
2.863	1	9	287	4	4	12	73	0
2.865	1	9	287	6	4	12	73	0
2.866	1	9	287	7	4	12	73	0
2.868	1	9	287	9	4	12	73	0
2.87	1	9	288	1	4	12	73	0
2.872	1	9	288	3	4	12	73	0
2.874	1	9	288	5	4	12	73	0
2.876	1	9	288	7	4	12	73	0
2.878	1	9	288	9	4	12	73	0
2.88	1	9	289	1	4	12	73	0
2.881	1	9	289	2	4	12	73	0
2.883	1	9	289	4	4	12	73	0
2.885	1	9	289	6	4	12	73	0
2.887	1	9	289	8	4	12	73	0
2.889	1	9	289	10	4	12	73	0
2.891	1	9	290	2	4	12	73	0
2.893	1	9	290	4	4	12	73	0
2.895	1	9	290	6	4	12	73	0
2.896	1	9	290	7	4	12	73	0
2.898	1	9	290	9	4	12	73	0
2.9	1	9	291	1	4	12	73	0
2.902	1	9	291	3	4	12	73	0
2.904	1	9	291	5	4	12	73	0
2.906	1	9	291	7	4	12	73	0
2.908	1	9	291	9	4	12	73	0
2.91	1	9	292	1	4	12	73	0
2.911	1	9	292	2	4	12	73	0
2.913	1	9	292	4	4	12	73	0
2.915	1	9	292	6	4	12	73	0
2.917	1	9	292	8	4	12	73	0
2.919	1	9	292	10	4	12	73	0
2.921	1	9	293	2	4	12	73	0
2.923	1	9	293	4	4	12	73	0
2.925	1	9	293	6	4	12	73	0
2.926	1	9	293	7	4	12	73	0
2.928	1	9	293	9	4	12	73	0
2.93	1	9	294	1	4	12	73	0
2.932	1	9	294	3	4	12	73	0
2.934	1	9	294	5	4	12	73	0
2.936	1	9	294	7	4	12	73	0
2.938	1	9	294	9	4	12	73	0
2.94	1	9	295	1	4	12	73	0
2.941	1	9	295	2	4	12	73	0
2.943	1	9	295	4	4	12	73	0
2.945	1	9	295	6	4	12	73	0
2.947	1	9	295	8	4	12	73	0
2.949	1	9	295	10	4	12	73	0
2.951	1	9	296	2	4	12	73	0
2.953	1	9	296	4	4	12	73	0
2.955	1	9	296	6	4	12	73	0
2.956	1	9	296	7	4	12	73	0
2.958	1	9	296	9	4	12	73	0
2.96	1	9	297	1	4	12	73	0
2.962	1	9	297	3	4	12	73	0
2.964	1	9	297	5	4	12	73	0
2.966	1	9	297	7	4	12	73	0
2.968	1	9	297	9	4	12	73	0
2.97	1	9	298	1	4	12	73	0
2.971	1	9	298	2	4	12	73	0
2.973	1	9	298	4	4	12	73	0
2.975	1	9	298	6	4	12	73	0
2.977	1	9	298	8	4	12	73	0
2.979	1	9	298	10	4	12	73	0
2.981	1	9	299	2	4	12	73	0
2.983	1	9	299	4	4	12	73	0
2.985	1	9	299	6	4	12	73	0
2.986	1	9	299	7	4	12	73	0
2.988	1	9	299	9	4	12	73	0
2.99	1	9	300	1	4	12	73	0
2.992	1	9	300	3	4	12	73	0
2.994	1	9	300	5	4	12	73	0
2.996	1	9	300	7	4	12	73	0
2.998	1	9	300	9	4	12	73	0
3	1	9	301	1	4	12	73	0
3.001	1	9	301	2	4	12	73	0
3.003	1	9	301	4	4	12	73	0
3.005	1	9	301	6	4	12	73	0
3.007	1	9	301	8	4	12	73	0
3.009	1	9	301	10	4	12	73	0
3.011	1	9	302	2	4	12	73	0
3.013	1	9	302	4	4	12	73	0
3.015	1	9	302	6	4	12	73	0
3.016	1	9	302	7	4	12	73	0
3.018	1	9	302	9	4	12	73	0
3.02	1	9	303	1	4	12	73	0
3.022	1	9	303	3	4	12	73	0
3.024	1	9	303	5	4	12	73	0
3.026	1	9	303	7	4	12	73	0
3.028	1	9	303	9	4	12	73	0
3.03	1	9	304	1	4	12	73	0
3.031	1	9	304	2	4	12	73	0
3.033	1	9	304	4	4	12	73	0
3.035	1	9	304	6	4	12	73	0
3.037	1	9	304	8	4	12	73	0
3.039	1	9	304	10	4	12	73	0
3.041	1	9	305	2	4	12	73	0
3.043	1	9	305	4	4	12	73	0
3.045	1	9	305	6	4	12	73	0
3.046	1	9	305	7	4	12	73	0
3.048	1	9	305	9	4	12	73	0
3.05	1	9	306	1	4	12	73	0
3.052	1	9	306	3	4	12	73	0
3.054	1	9	306	5	4	12	73	0
3.056	1	9	306	7	4	12	73	0
3.058	1	9	306	9	4	12	73	0
3.06	1	9	307	1	4	12	73	0
3.061	1	9	307	2	4	12	73	0
3.063	1	9	307	4	4	12	73	0
3.065	1	9	307	6	4	12	73	0
3.067	1	9	307	8	4	12	73	0
3.069	1	9	307	10	4	12	73	0
3.071	1	9	308	2	4	12	73	0
3.073	1	9	308	4	4	12	73	0
3.075	1	9	308	6	4	12	73	0
3.076	1	9	308	7	4	12	73	0
3.078	1	9	308	9	4	12	73	0
3.08	1	9	309	1	4	12	73	0
3.082	1	9	309	3	4	12	73	0
3.084	1	9	309	5	4	12	73	0
3.086	1	9	309	7	4	12	73	0
3.088	1	9	309	9	4	12	73	0
3.09	1	9	310	1	4	12	73	0
3.091	1	9	310	2	4	12	73	0
3.093	1	9	310	4	4	12	73	0
3.095	1	9	310	6	4	12	73	0
3.097	1	9	310	8	4	12	73	0
3.099	1	9	310	10	4	12	73	0
3.101	1	9	311	2	4	12	73	0
3.103	1	9	311	4	4	12	73	0
3.105	1	9	311	6	4	12	73	0
3.106	1	9	311	7	4	12	73	0
3.108	1	9	311	9	4	12	73	0
3.11	1	9	312	1	4	12	73	0
3.112	1	9	312	3	4	12	73	0
3.114	1	9	312	5	4	12	73	0
3.116	1	9	312	7	4	12	73	0
3.118	1	9	312	9	4	12	73	0
3.12	1	9	313	1	4	12	73	0
3.121	1	9	313	2	4	12	73	0
3.123	1	9	313	4	4	12	73	0
3.125	1	9	313	6	4	12	73	0
3.127	1	9	313	8	4	12	73	0
3.129	1	9	313	10	4	12	73	0
3.131	1	9	314	2	4	12	73	0
3.133	1	9	314	4	4	12	73	0
3.135	1	9	314	6	4	12	73	0
3.136	1	9	314	7	4	12	73	0
3.138	1	9	314	9	4	12	73	0
3.14	1	9	315	1	4	12	73	0
3.142	1	9	315	3	4	12	73	0
3.144	1	9	315	5	4	12	73	0
3.146	1	9	315	7	4	12	73	0
3.148	1	9	315	9	4	12	73	0
3.15	1	9	316	1	4	12	73	0
3.151	1	9	316	2	4	12	73	0
3.153	1	9	316	4	4	12	73	0
3.155	1	9	316	6	4	12	73	0
3.157	1	9	316	8	4	12	73	0
3.159	1	9	316	10	4	12	73	0
3.161	1	9	317	2	4	12	73	0
3.163	1	9	317	4	4	12	73	0
3.165	1	9	317	6	4	12	73	0
3.166	1	9	317	7	4	12	73	0
3.168	1	9	317	9	4	12	73	0
3.17	1	9	318	1	4	12	73	0
3.172	1	9	318	3	4	12	73	0
3.174	1	9	318	5	4	12	73	0
3.176	1	9	318	7	4	12	73	0
3.178	1	9	318	9	4	12	73	0
3.18	1	9	319	1	4	12	73	0
3.181	1	9	319	2	4	12	73	0
3.183	1	9	319	4	4	12	73	0
3.185	1	9	319	6	4	12	73	0
3.187	1	9	319	8	4	12	73	0
3.189	1	9	319	10	4	12	73	0
3.191	1	9	320	2	4	12	73	0
3.193	1	9	320	4	4	12	73	0
3.195	1	9	320	6	4	12	73	0
3.196	1	9	320	7	4	12	73	0
3.198	1	9	320	9	4	12	73	0
3.2	1	9	321	1	4	12	73	0
3.202	1	9	321	3	4	12	73	0
3.204	1	9	321	5	4	12	73	0
3.206	1	9	321	7	4	12	73	0
3.208	1	9	321	9	4	12	73	0
3.21	1	9	322	1	4	12	73	0
3.211	1	9	322	2	4	12	73	0
3.213	1	9	322	4	4	12	73	0
3.215	1	9	322	6	4	12	73	0
3.217	1	9	322	8	4	12	73	0
3.219	1	9	322	10	4	12	73	0
3.221	1	9	323	2	4	12	73	0
3.223	1	9	323	4	4	12	73	0
3.225	1	9	323	6	4	12	73	0
3.226	1	9	323	7	4	12	73	0
3.228	1	9	323	9	4	12	73	0
3.23	1	9	324	1	4	12	73	0
3.232	1	9	324	3	4	12	73	0
3.234	1	9	324	5	4	12	73	0
3.236	1	9	324	7	4	12	73	0
3.238	1	9	324	9	4	12	73	0
3.24	1	9	325	1	4	12	73	0
3.241	1	9	325	2	4	12	73	0
3.243	1	9	325	4	4	12	73	0
3.245	1	9	325	6	4	12	73	0
3.247	1	9	325	8	4	12	73	0
3.249	1	9	325	10	4	12	73	0
3.251	1	9	326	2	4	12	73	0
3.253	1	9	326	4	4	12	73	0
3.255	1	9	326	6	4	12	73	0
3.256	1	9	326	7	4	12	73	0
3.258	1	9	326	9	4	12	73	0
3.26	1	9	327	1	4	12	73	0
3.262	1	9	327	3	4	12	73	0
3.264	1	9	327	5	4	12	73	0
3.266	1	9	327	7	4	12	73	0
3.268	1	9	327	9	4	12	73	0
3.27	1	9	328	1	4	12	73	0
3.271	1	9	328	2	4	12	73	0
3.273	1	9	328	4	4	12	73	0
3.275	1	9	328	6	4	12	73	0
3.277	1	9	328	8	4	12	73	0
3.279	1	9	328	10	4	12	73	0
3.281	1	9	329	2	4	12	73	0
3.283	1	9	329	4	4	12	73	0
3.285	1	9	329	6	4	12	73	0
3.286	1	9	329	7	4	12	73	0
3.288	1	9	329	9	4	12	73	0
3.29	1	9	330	1	4	12	73	0
3.292	1	9	330	3	4	12	73	0
3.294	1	9	330	5	4	12	73	0
3.296	1	9	330	7	4	12	73	0
3.298	1	9	330	9	4	12	73	0
3.3	1	9	331	1	4	12	73	0
3.301	1	9	331	2	4	12	73	0
3.303	1	9	331	4	4	12	73	0
3.305	1	9	331	6	4	12	73	0
3.307	1	9	331	8	4	12	73	0
3.309	1	9	331	10	4	12	73	0
3.311	1	9	332	2	4	12	73	0
3.313	1	9	332	4	4	12	73	0
3.315	1	9	332	6	4	12	73	0
3.316	1	9	332	7	4	12	73	0
3.318	1	9	332	9	4	12	73	0
3.32	1	9	333	1	4	12	73	0
3.322	1	9	333	3	4	12	73	0
3.324	1	9	333	5	4	12	73	0
3.326	1	9	333	7	4	12	73	0
3.328	1	9	333	9	4	12	73	0
3.33	1	9	334	1	4	12	73	0
3.331	1	9	334	2	4	12	73	0
3.333	1	9	334	4	4	12	73	0
3.335	1	9	334	6	4	12	73	0
3.337	1	9	334	8	4	12	73	0
3.339	1	9	334	10	4	12	73	0
3.341	1	9	335	2	4	12	73	0
3.343	1	9	335	4	4	12	73	0
3.345	1	9	335	6	4	12	73	0
3.346	1	9	335	7	4	12	73	0
3.348	1	9	335	9	4	12	73	0
3.35	1	9	336	1	4	12	73	0
3.352	1	9	336	3	4	12	73	0
3.354	1	9	336	5	4	12	73	0
3.356	1	9	336	7	4	12	73	0
3.358	1	9	336	9	4	12	73	0
3.36	1	9	337	1	4	12	73	0
3.361	1	9	337	2	4	12	73	0
3.363	1	9	337	4	4	12	73	0
3.365	1	9	337	6	4	12	73	0
3.367	1	9	337	8	4	12	73	0
3.369	1	9	337	10	4	12	73	0
3.371	1	9	338	2	4	12	73	0
3.373	1	9	338	4	4	12	73	0
3.375	1	9	338	6	4	12	73	0
3.376	1	9	338	7	4	12	73	0
3.378	1	9	338	9	4	12	73	0
3.38	1	9	339	1	4	12	73	0
3.382	1	9	339	3	4	12	73	0
3.384	1	9	339	5	4	12	73	0
3.386	1	9	339	7	4	12	73	0
3.388	1	9	339	9	4	12	73	0
3.39	1	9	340	1	4	12	73	0
3.391	1	9	340	2	4	12	73	0
3.393	1	9	340	4	4	12	73	0
3.395	1	9	340	6	4	12	73	0
3.397	1	9	340	8	4	12	73	0
3.399	1	9	340	10	4	12	73	0
3.401	1	9	341	2	4	12	73	0
3.403	1	9	341	4	4	12	73	0
3.405	1	9	341	6	4	12	73	0
3.406	1	9	341	7	4	12	73	0
3.408	1	9	341	9	4	12	73	0
3.41	1	9	342	1	4	12	73	0
3.412	1	9	342	3	4	12	73	0
3.414	1	9	342	5	4	12	73	0
3.416	1	9	342	7	4	12	73	0
3.418	1	9	342	9	4	12	73	0
3.42	1	9	343	1	4	12	73	0
3.421	1	9	343	2	4	12	73	0
3.423	1	9	343	4	4	12	73	0
3.425	1	9	343	6	4	12	73	0
3.427	1	9	343	8	4	12	73	0
3.429	1	9	343	10	4	12	73	0
3.431	1	9	344	2	4	12	73	0
3.433	1	9	344	4	4	12	73	0
3.435	1	9	344	6	4	12	73	0
3.436	1	9	344	7	4	12	73	0
3.438	1	9	344	9	4	12	73	0
3.44	1	9	345	1	4	12	73	0
3.442	1	9	345	3	4	12	73	0
3.444	1	9	345	5	4	12	73	0
3.446	1	9	345	7	4	12	73	0
3.448	1	9	345	9	4	12	73	0
3.45	1	9	346	1	4	12	73	0
3.451	1	9	346	2	4	12	73	0
3.453	1	9	346	4	4	12	73	0
3.455	1	9	346	6	4	12	73	0
3.457	1	9	346	8	4	12	73	0
3.459	1	9	346	10	4	12	73	0
3.461	1	9	347	2	4	12	73	0
3.463	1	9	347	4	4	12	73	0
3.465	1	9	347	6	4	12	73	0
3.466	1	9	347	7	4	12	73	0
3.468	1	9	347	9	4	12	73	0
3.47	1	9	348	1	4	12	73	0
3.472	1	9	348	3	4	12	73	0
3.474	1	9	348	5	4	12	73	0
3.476	1	9	348	7	4	12	73	0
3.478	1	9	348	9	4	12	73	0
3.48	1	9	349	1	4	12	73	0
3.481	1	9	349	2	4	12	73	0
3.483	1	9	349	4	4	12	73	0
3.485	1	9	349	6	4	12	73	0
3.487	1	9	349	8	4	12	73	0
3.489	1	9	349	10	4	12	73	0
3.491	1	9	350	2	4	12	73	0
3.493	1	9	350	4	4	12	73	0
3.495	1	9	350	6	4	12	73	0
3.496	1	9	350	7	4	12	73	0
3.498	1	9	350	9	4	12	73	0
3.5	1	9	351	1	4	12	73	0
3.502	1	9	351	3	4	12	73	0
3.504	1	9	351	5	4	12	73	0
3.506	1	9	351	7	4	12	73	0
3.508	1	9	351	9	4	12	73	0
3.51	1	9	352	1	4	12	73	0
3.511	1	9	352	2	4	12	73	0
3.513	1	9	352	4	4	12	73	0
3.515	1	9	352	6	4	12	73	0
3.517	1	9	352	8	4	12	73	0
3.519	1	9	352	10	4	12	73	0
3.521	1	9	353	2	4	12	73	0
3.523	1	9	353	4	4	12	73	0
3.525	1	9	353	6	4	12	73	0
3.526	1	9	353	7	4	12	73	0
3.528	1	9	353	9	4	12	73	0
3.53	1	9	354	1	4	12	73	0
3.532	1	9	354	3	4	12	73	0
3.534	1	9	354	5	4	12	73	0
3.536	1	9	354	7	4	12	73	0
3.538	1	9	354	9	4	12	73	0
3.54	1	9	355	1	4	12	73	0
3.541	1	9	355	2	4	12	73	0
3.543	1	9	355	4	4	12	73	0
3.545	1	9	355	6	4	12	73	0
3.547	1	9	355	8	4	12	73	0
3.549	1	9	355	10	4	12	73	0
3.551	1	9	356	2	4	12	73	0
3.553	1	9	356	4	4	12	73	0
3.555	1	9	356	6	4	12	73	0
3.556	1	9	356	7	4	12	73	0
3.558	1	9	356	9	4	12	73	0
3.56	1	9	357	1	4	12	73	0
3.562	1	9	357	3	4	12	73	0
3.564	1	9	357	5	4	12	73	0
3.566	1	9	357	7	4	12	73	0
3.568	1	9	357	9	4	12	73	0
3.57	1	9	358	1	4	12	73	0
3.571	1	9	358	2	4	12	73	0
3.573	1	9	358	4	4	12	73	0
3.575	1	9	358	6	4	12	73	0
3.577	1	9	358	8	4	12	73	0
3.579	1	9	358	10	4	12	73	0
3.581	1	9	359	2	4	12	73	0
3.583	1	9	359	4	4	12	73	0
3.585	1	9	359	6	4	12	73	0
3.586	1	9	359	7	4	12	73	0
3.588	1	9	359	9	4	12	73	0
3.59	1	9	360	1	4	12	73	0
3.592	1	9	360	3	4	12	73	0
3.594	1	9	360	5	4	12	73	0
3.596	1	9	360	7	4	12	73	0
3.598	1	9	360	9	4	12	73	0
3.6	1	9	361	1	4	12	73	0
3.601	1	9	361	2	4	12	73	0
3.603	1	9	361	4	4	12	73	0
3.605	1	9	361	6	4	12	73	0
3.607	1	9	361	8	4	12	73	0
3.609	1	9	361	10	4	12	73	0
3.611	1	9	362	2	4	12	73	0
3.613	1	9	362	4	4	12	73	0
3.615	1	9	362	6	4	12	73	0
3.616	1	9	362	7	4	12	73	0
3.618	1	9	362	9	4	12	73	0
3.62	1	9	363	1	4	12	73	0
3.622	1	9	363	3	4	12	73	0
3.624	1	9	363	5	4	12	73	0
3.626	1	9	363	7	4	12	73	0
3.628	1	9	363	9	4	12	73	0
3.63	1	9	364	1	4	12	73	0
3.631	1	9	364	2	4	12	73	0
3.633	1	9	364	4	4	12	73	0
3.635	1	9	364	6	4	12	73	0
3.637	1	9	364	8	4	12	73	0
3.639	1	9	364	10	4	12	73	0
3.641	1	9	365	2	4	12	73	0
3.643	1	9	365	4	4	12	73	0
3.645	1	9	365	6	4	12	73	0
3.646	1	9	365	7	4	12	73	0
3.648	1	9	365	9	4	12	73	0
3.65	1	9	366	1	4	12	73	0
3.652	1	9	366	3	4	12	73	0
3.654	1	9	366	5	4	12	73	0
3.656	1	9	366	7	4	12	73	0
3.658	1	9	366	9	4	12	73	0
3.66	1	9	367	1	4	12	73	0
3.661	1	9	367	2	4	12	73	0
3.663	1	9	367	4	4	12	73	0
3.665	1	9	367	6	4	12	73	0
3.667	1	9	367	8	4	12	73	0
3.669	1	9	367	10	4	12	73	0
3.671	1	9	368	2	4	12	73	0
3.673	1	9	368	4	4	12	73	0
3.675	1	9	368	6	4	12	73	0
3.676	1	9	368	7	4	12	73	0
3.678	1	9	368	9	4	12	73	0
3.68	1	9	369	1	4	12	73	0
3.682	1	9	369	3	4	12	73	0
3.684	1	9	369	5	4	12	73	0
3.686	1	9	369	7	4	12	73	0
3.688	1	9	369	9	4	12	73	0
3.69	1	9	370	1	4	12	73	0
3.691	1	9	370	2	4	12	73	0
3.693	1	9	370	4	4	12	73	0
3.695	1	9	370	6	4	12	73	0
3.697	1	9	370	8	4	12	73	0
3.699	1	9	370	10	4	12	73	0
3.701	1	9	371	2	4	12	73	0
3.703	1	9	371	4	4	12	73	0
3.705	1	9	371	6	4	12	73	0
3.706	1	9	371	7	4	12	73	0
3.708	1	9	371	9	4	12	73	0
3.71	1	9	372	1	4	12	73	0
3.712	1	9	372	3	4	12	73	0
3.714	1	9	372	5	4	12	73	0
3.716	1	9	372	7	4	12	73	0
3.718	1	9	372	9	4	12	73	0
3.72	1	9	373	1	4	12	73	0
3.721	1	9	373	2	4	12	73	0
3.723	1	9	373	4	4	12	73	0
3.725	1	9	373	6	4	12	73	0
3.727	1	9	373	8	4	12	73	0
3.729	1	9	373	10	4	12	73	0
3.731	1	9	374	2	4	12	73	0
3.733	1	9	374	4	4	12	73	0
3.735	1	9	374	6	4	12	73	0
3.736	1	9	374	7	4	12	73	0
3.738	1	9	374	9	4	12	73	0
3.74	1	9	375	1	4	12	73	0
3.742	1	9	375	3	4	12	73	0
3.744	1	9	375	5	4	12	73	0
3.746	1	9	375	7	4	12	73	0
3.748	1	9	375	9	4	12	73	0
3.75	1	9	376	1	4	12	73	0
3.751	1	9	376	2	4	12	73	0
3.753	1	9	376	4	4	12	73	0
3.755	1	9	376	6	4	12	73	0
3.757	1	9	376	8	4	12	73	0
3.759	1	9	376	10	4	12	73	0
3.761	1	9	377	2	4	12	73	0
3.763	1	9	377	4	4	12	73	0
3.765	1	9	377	6	4	12	73	0
3.766	1	9	377	7	4	12	73	0
3.768	1	9	377	9	4	12	73	0
3.77	1	9	378	1	4	12	73	0
3.772	1	9	378	3	4	12	73	0
3.774	1	9	378	5	4	12	73	0
3.776	1	9	378	7	4	12	73	0
3.778	1	9	378	9	4	12	73	0
3.78	1	9	379	1	4	12	73	0
3.781	1	9	379	2	4	12	73	0
3.783	1	9	379	4	4	12	73	0
3.785	1	9	379	6	4	12	73	0
3.787	1	9	379	8	4	12	73	0
3.789	1	9	379	10	4	12	73	0
3.791	1	9	380	2	4	12	73	0
3.793	1	9	380	4	4	12	73	0
3.795	1	9	380	6	4	12	73	0
3.796	1	9	380	7	4	12	73	0
3.798	1	9	380	9	4	12	73	0
3.8	1	9	381	1	4	12	73	0
3.802	1	9	381	3	4	12	73	0
3.804	1	9	381	5	4	12	73	0
3.806	1	9	381	7	4	12	73	0
3.808	1	9	381	9	4	12	73	0
3.81	1	9	382	1	4	12	73	0
3.811	1	9	382	2	4	12	73	0
3.813	1	9	382	4	4	12	73	0
3.815	1	9	382	6	4	12	73	0
3.817	1	9	382	8	4	12	73	0
3.819	1	9	382	10	4	12	73	0
3.821	1	9	383	2	4	12	73	0
3.823	1	9	383	4	4	12	73	0
3.825	1	9	383	6	4	12	73	0
3.826	1	9	383	7	4	12	73	0
3.828	1	9	383	9	4	12	73	0
3.83	1	9	384	1	4	12	73	0
3.832	1	9	384	3	4	12	73	0
3.834	1	9	384	5	4	12	73	0
3.836	1	9	384	7	4	12	73	0
3.838	1	9	384	9	4	12	73	0
3.84	1	9	385	1	4	12	73	0
3.841	1	9	385	2	4	12	73	0
3.843	1	9	385	4	4	12	73	0
3.845	1	9	385	6	4	12	73	0
3.847	1	9	385	8	4	12	73	0
3.849	1	9	385	10	4	12	73	0
3.851	1	9	386	2	4	12	73	0
3.853	1	9	386	4	4	12	73	0
3.855	1	9	386	6	4	12	73	0
3.856	1	9	386	7	4	12	73	0
3.858	1	9	386	9	4	12	73	0
3.86	1	9	387	1	4	12	73	0
3.862	1	9	387	3	4	12	73	0
3.864	1	9	387	5	4	12	73	0
3.866	1	9	387	7	4	12	73	0
3.868	1	9	387	9	4	12	73	0
3.87	1	9	388	1	4	12	73	0
3.871	1	9	388	2	4	12	73	0
3.873	1	9	388	4	4	12	73	0
3.875	1	9	388	6	4	12	73	0
3.877	1	9	388	8	4	12	73	0
3.879	1	9	388	10	4	12	73	0
3.881	1	9	389	2	4	12	73	0
3.883	1	9	389	4	4	12	73	0
3.885	1	9	389	6	4	12	73	0
3.886	1	9	389	7	4	12	73	0
3.888	1	9	389	9	4	12	73	0
3.89	1	9	390	1	4	12	73	0
3.892	1	9	390	3	4	12	73	0
3.894	1	9	390	5	4	12	73	0
3.896	1	9	390	7	4	12	73	0
3.898	1	9	390	9	4	12	73	0
3.9	1	9	391	1	4	12	73	0
3.901	1	9	391	2	4	12	73	0
3.903	1	9	391	4	4	12	73	0
3.905	1	9	391	6	4	12	73	0
3.907	1	9	391	8	4	12	73	0
3.909	1	9	391	10	4	12	73	0
3.911	1	9	392	2	4	12	73	0
3.913	1	9	392	4	4	12	73	0
3.915	1	9	392	6	4	12	73	0
3.916	1	9	392	7	4	12	73	0
3.918	1	9	392	9	4	12	73	0
3.92	1	9	393	1	4	12	73	0
3.922	1	9	393	3	4	12	73	0
3.924	1	9	393	5	4	12	73	0
3.926	1	9	393	7	4	12	73	0
3.928	1	9	393	9	4	12	73	0
3.93	1	9	394	1	4	12	73	0
3.931	1	9	394	2	4	12	73	0
3.933	1	9	394	4	4	12	73	0
3.935	1	9	394	6	4	12	73	0
3.937	1	9	394	8	4	12	73	0
3.939	1	9	394	10	4	12	73	0
3.941	1	9	395	2	4	12	73	0
3.943	1	9	395	4	4	12	73	0
3.945	1	9	395	6	4	12	73	0
3.946	1	9	395	7	4	12	73	0
3.948	1	9	395	9	4	12	73	0
3.95	1	9	396	1	4	12	73	0
3.952	1	9	396	3	4	12	73	0
3.954	1	9	396	5	4	12	73	0
3.956	1	9	396	7	4	12	73	0
3.958	1	9	396	9	4	12	73	0
3.96	1	9	397	1	4	12	73	0
3.961	1	9	397	2	4	12	73	0
3.963	1	9	397	4	4	12	73	0
3.965	1	9	397	6	4	12	73	0
3.967	1	9	397	8	4	12	73	0
3.969	1	9	397	10	4	12	73	0
3.971	1	9	398	2	4	12	73	0
3.973	1	9	398	4	4	12	73	0
3.975	1	9	398	6	4	12	73	0
3.976	1	9	398	7	4	12	73	0
3.978	1	9	398	9	4	12	73	0
3.98	1	9	399	1	4	12	73	0
3.982	1	9	399	3	4	12	73	0
3.984	1	9	399	5	4	12	73	0
3.986	1	9	399	7	4	12	73	0
3.988	1	9	399	9	4	12	73	0
3.99	1	9	400	1	4	12	73	0
3.991	1	9	400	2	4	12	73	0
3.993	1	9	400	4	4	12	73	0
3.995	1	9	400	6	4	12	73	0
3.997	1	9	400	8	4	12	73	0
3.999	1	9	400	10	4	12	73	0
4.001	1	9	401	2	4	12	73	0
4.003	1	9	401	4	4	12	73	0
4.005	1	9	401	6	4	12	73	0
4.006	1	9	401	7	4	12	73	0
4.008	1	9	401	9	4	12	73	0
4.01	1	9	402	1	4	12	73	0
4.012	1	9	402	3	4	12	73	0
4.014	1	9	402	5	4	12	73	0
4.016	1	9	402	7	4	12	73	0
4.018	1	9	402	9	4	12	73	0
4.02	1	9	403	1	4	12	73	0
4.021	1	9	403	2	4	12	73	0
4.023	1	9	403	4	4	12	73	0
4.025	1	9	403	6	4	12	73	0
4.027	1	9	403	8	4	12	73	0
4.029	1	9	403	10	4	12	73	0
4.031	1	9	404	2	4	12	73	0
4.033	1	9	404	4	4	12	73	0
4.035	1	9	404	6	4	12	73	0
4.036	1	9	404	7	4	12	73	0
4.038	1	9	404	9	4	12	73	0
4.04	1	9	405	1	4	12	73	0
4.042	1	9	405	3	4	12	73	0
4.044	1	9	405	5	4	12	73	0
4.046	1	9	405	7	4	12	73	0
4.048	1	9	405	9	4	12	73	0
4.05	1	9	406	1	4	12	73	0
4.051	1	9	406	2	4	12	73	0
4.053	1	9	406	4	4	12	73	0
4.055	1	9	406	6	4	12	73	0
4.057	1	9	406	8	4	12	73	0
4.059	1	9	406	10	4	12	73	0
4.061	1	9	407	2	4	12	73	0
4.063	1	9	407	4	4	12	73	0
4.065	1	9	407	6	4	12	73	0
4.066	1	9	407	7	4	12	73	0
4.068	1	9	407	9	4	12	73	0
4.07	1	9	408	1	4	12	73	0
4.072	1	9	408	3	4	12	73	0
4.074	1	9	408	5	4	12	73	0
4.076	1	9	408	7	4	12	73	0
4.078	1	9	408	9	4	12	73	0
4.08	1	9	409	1	4	12	73	0
4.081	1	9	409	2	4	12	73	0
4.083	1	9	409	4	4	12	73	0
4.085	1	9	409	6	4	12	73	0
4.087	1	9	409	8	4	12	73	0
4.089	1	9	409	10	4	12	73	0
4.091	1	9	410	2	4	12	73	0
4.093	1	9	410	4	4	12	73	0
4.095	1	9	410	6	4	12	73	0
4.096	1	9	410	7	4	12	73	0
4.098	1	9	410	9	4	12	73	0
4.1	1	9	411	1	4	12	73	0
4.102	1	9	411	3	4	12	73	0
4.104	1	9	411	5	4	12	73	0
4.106	1	9	411	7	4	12	73	0
4.108	1	9	411	9	4	12	73	0
4.11	1	9	412	1	4	12	73	0
4.111	1	9	412	2	4	12	73	0
4.113	1	9	412	4	4	12	73	0
4.115	1	9	412	6	4	12	73	0
4.117	1	9	412	8	4	12	73	0
4.119	1	9	412	10	4	12	73	0
4.121	1	9	413	2	4	12	73	0
4.123	1	9	413	4	4	12	73	0
4.125	1	9	413	6	4	12	73	0
4.126	1	9	413	7	4	12	73	0
4.128	1	9	413	9	4	12	73	0
4.13	1	9	414	1	4	12	73	0
4.132	1	9	414	3	4	12	73	0
4.134	1	9	414	5	4	12	73	0
4.136	1	9	414	7	4	12	73	0
4.138	1	9	414	9	4	12	73	0
4.14	1	9	415	1	4	12	73	0
4.141	1	9	415	2	4	12	73	0
4.143	1	9	415	4	4	12	73	0
4.145	1	9	415	6	4	12	73	0
4.147	1	9	415	8	4	12	73	0
4.149	1	9	415	10	4	12	73	0
4.151	1	9	416	2	4	12	73	0
4.153	1	9	416	4	4	12	73	0
4.155	1	9	416	6	4	12	73	0
4.156	1	9	416	7	4	12	73	0
4.158	1	9	416	9	4	12	73	0
4.16	1	9	417	1	4	12	73	0
4.162	1	9	417	3	4	12	73	0
4.164	1	9	417	5	4	12	73	0
4.166	1	9	417	7	4	12	73	0
4.168	1	9	417	9	4	12	73	0
4.17	1	9	418	1	4	12	73	0
4.171	1	9	418	2	4	12	73	0
4.173	1	9	418	4	4	12	73	0
4.175	1	9	418	6	4	12	73	0
4.177	1	9	418	8	4	12	73	0
4.179	1	9	418	10	4	12	73	0
4.181	1	9	419	2	4	12	73	0
4.183	1	9	419	4	4	12	73	0
4.185	1	9	419	6	4	12	73	0
4.186	1	9	419	7	4	12	73	0
4.188	1	9	419	9	4	12	73	0
4.19	1	9	420	1	4	12	73	0
4.192	1	9	420	3	4	12	73	0
4.194	1	9	420	5	4	12	73	0
4.196	1	9	420	7	4	12	73	0
4.198	1	9	420	9	4	12	73	0
4.2	1	9	421	1	4	12	73	0
4.201	1	9	421	2	4	12	73	0
4.203	1	9	421	4	4	12	73	0
4.205	1	9	421	6	4	12	73	0
4.207	1	9	421	8	4	12	73	0
4.209	1	9	421	10	4	12	73	0
4.211	1	9	422	2	4	12	73	0
4.213	1	9	422	4	4	12	73	0
4.215	1	9	422	6	4	12	73	0
4.216	1	9	422	7	4	12	73	0
4.218	1	9	422	9	4	12	73	0
4.22	1	9	423	1	4	12	73	0
4.222	1	9	423	3	4	12	73	0
4.224	1	9	423	5	4	12	73	0
4.226	1	9	423	7	4	12	73	0
4.228	1	9	423	9	4	12	73	0
4.23	1	9	424	1	4	12	73	0
4.231	1	9	424	2	4	12	73	0
4.233	1	9	424	4	4	12	73	0
4.235	1	9	424	6	4	12	73	0
4.237	1	9	424	8	4	12	73	0
4.239	1	9	424	10	4	12	73	0
4.241	1	9	425	2	4	12	73	0
4.243	1	9	425	4	4	12	73	0
4.245	1	9	425	6	4	12	73	0
4.246	1	9	425	7	4	12	73	0
4.248	1	9	425	9	4	12	73	0
4.25	1	9	426	1	4	12	73	0
4.252	1	9	426	3	4	12	73	0
4.254	1	9	426	5	4	12	73	0
4.256	1	9	426	7	4	12	73	0
4.258	1	9	426	9	4	12	73	0
4.26	1	9	427	1	4	12	73	0
4.261	1	9	427	2	4	12	73	0
4.263	1	9	427	4	4	12	73	0
4.265	1	9	427	6	4	12	73	0
4.267	1	9	427	8	4	12	73	0
4.269	1	9	427	10	4	12	73	0
4.271	1	9	428	2	4	12	73	0
4.273	1	9	428	4	4	12	73	0
4.275	1	9	428	6	4	12	73	0
4.276	1	9	428	7	4	12	73	0
4.278	1	9	428	9	4	12	73	0
4.28	1	9	429	1	4	12	73	0
4.282	1	9	429	3	4	12	73	0
4.284	1	9	429	5	4	12	73	0
4.286	1	9	429	7	4	12	73	0
4.288	1	9	429	9	4	12	73	0
4.29	1	9	430	1	4	12	73	0
4.291	1	9	430	2	4	12	73	0
4.293	1	9	430	4	4	12	73	0
4.295	1	9	430	6	4	12	73	0
4.297	1	9	430	8	4	12	73	0
4.299	1	9	430	10	4	12	73	0
4.301	1	9	431	2	4	12	73	0
4.303	1	9	431	4	4	12	73	0
4.305	1	9	431	6	4	12	73	0
4.306	1	9	431	7	4	12	73	0
4.308	1	9	431	9	4	12	73	0
4.31	1	9	432	1	4	12	73	0
4.312	1	9	432	3	4	12	73	0
4.314	1	9	432	5	4	12	73	0
4.316	1	9	432	7	4	12	73	0
4.318	1	9	432	9	4	12	73	0
4.32	1	9	433	1	4	12	73	0
4.321	1	9	433	2	4	12	73	0
4.323	1	9	433	4	4	12	73	0
4.325	1	9	433	6	4	12	73	0
4.327	1	9	433	8	4	12	73	0
4.329	1	9	433	10	4	12	73	0
4.331	1	9	434	2	4	12	73	0
4.333	1	9	434	4	4	12	73	0
4.335	1	9	434	6	4	12	73	0
4.336	1	9	434	7	4	12	73	0
4.338	1	9	434	9	4	12	73	0
4.34	1	9	435	1	4	12	73	0
4.342	1	9	435	3	4	12	73	0
4.344	1	9	435	5	4	12	73	0
4.346	1	9	435	7	4	12	73	0
4.348	1	9	435	9	4	12	73	0
4.35	1	9	436	1	4	12	73	0
4.351	1	9	436	2	4	12	73	0
4.353	1	9	436	4	4	12	73	0
4.355	1	9	436	6	4	12	73	0
4.357	1	9	436	8	4	12	73	0
4.359	1	9	436	10	4	12	73	0
4.361	1	9	437	2	4	12	73	0
4.363	1	9	437	4	4	12	73	0
4.365	1	9	437	6	4	12	73	0
4.366	1	9	437	7	4	12	73	0
4.368	1	9	437	9	4	12	73	0
4.37	1	9	438	1	4	12	73	0
4.372	1	9	438	3	4	12	73	0
4.374	1	9	438	5	4	12	73	0
4.376	1	9	438	7	4	12	73	0
4.378	1	9	438	9	4	12	73	0
4.38	1	9	439	1	4	12	73	0
4.381	1	9	439	2	4	12	73	0
4.383	1	9	439	4	4	12	73	0
4.385	1	9	439	6	4	12	73	0
4.387	1	9	439	8	4	12	73	0
4.389	1	9	439	10	4	12	73	0
4.391	1	9	440	2	4	12	73	0
4.393	1	9	440	4	4	12	73	0
4.395	1	9	440	6	4	12	73	0
4.396	1	9	440	7	4	12	73	0
4.398	1	9	440	9	4	12	73	0
4.4	1	9	441	1	4	12	73	0
4.402	1	9	441	3	4	12	73	0
4.404	1	9	441	5	4	12	73	0
4.406	1	9	441	7	4	12	73	0
4.408	1	9	441	9	4	12	73	0
4.41	1	9	442	1	4	12	73	0
4.411	1	9	442	2	4	12	73	0
4.413	1	9	442	4	4	12	73	0
4.415	1	9	442	6	4	12	73	0
4.417	1	9	442	8	4	12	73	0
4.419	1	9	442	10	4	12	73	0
4.421	1	9	443	2	4	12	73	0
4.423	1	9	443	4	4	12	73	0
4.425	1	9	443	6	4	12	73	0
4.426	1	9	443	7	4	12	73	0
4.428	1	9	443	9	4	12	73	0
4.43	1	9	444	1	4	12	73	0
4.432	1	9	444	3	4	12	73	0
4.434	1	9	444	5	4	12	73	0
4.436	1	9	444	7	4	12	73	0
4.438	1	9	444	9	4	12	73	0
4.44	1	9	445	1	4	12	73	0
4.441	1	9	445	2	4	12	73	0
4.443	1	9	445	4	4	12	73	0
4.445	1	9	445	6	4	12	73	0
4.447	1	9	445	8	4	12	73	0
4.449	1	9	445	10	4	12	73	0
4.451	1	9	446	2	4	12	73	0
4.453	1	9	446	4	4	12	73	0
4.455	1	9	446	6	4	12	73	0
4.456	1	9	446	7	4	12	73	0
4.458	1	9	446	9	4	12	73	0
4.46	1	9	447	1	4	12	73	0
4.462	1	9	447	3	4	12	73	0
4.464	1	9	447	5	4	12	73	0
4.466	1	9	447	7	4	12	73	0
4.468	1	9	447	9	4	12	73	0
4.47	1	9	448	1	4	12	73	0
4.471	1	9	448	2	4	12	73	0
4.473	1	9	448	4	4	12	73	0
4.475	1	9	448	6	4	12	73	0
4.477	1	9	448	8	4	12	73	0
4.479	1	9	448	10	4	12	73	0
4.481	1	9	449	2	4	12	73	0
4.483	1	9	449	4	4	12	73	0
4.485	1	9	449	6	4	12	73	0
4.486	1	9	449	7	4	12	73	0
4.488	1	9	449	9	4	12	73	0
4.49	1	9	450	1	4	12	73	0
4.492	1	9	450	3	4	12	73	0
4.494	1	9	450	5	4	12	73	0
4.496	1	9	450	7	4	12	73	0
4.498	1	9	450	9	4	12	73	0
4.5	1	9	451	1	4	12	73	0
4.501	1	9	451	2	4	12	73	0
4.503	1	9	451	4	4	12	73	0
4.505	1	9	451	6	4	12	73	0
4.507	1	9	451	8	4	12	73	0
4.509	1	9	451	10	4	12	73	0
4.511	1	9	452	2	4	12	73	0
4.513	1	9	452	4	4	12	73	0
4.515	1	9	452	6	4	12	73	0
4.516	1	9	452	7	4	12	73	0
4.518	1	9	452	9	4	12	73	0
4.52	1	9	453	1	4	12	73	0
4.522	1	9	453	3	4	12	73	0
4.524	1	9	453	5	4	12	73	0
4.526	1	9	453	7	4	12	73	0
4.528	1	9	453	9	4	12	73	0
4.53	1	9	454	1	4	12	73	0
4.531	1	9	454	2	4	12	73	0
4.533	1	9	454	4	4	12	73	0
4.535	1	9	454	6	4	12	73	0
4.537	1	9	454	8	4	12	73	0
4.539	1	9	454	10	4	12	73	0
4.541	1	9	455	2	4	12	73	0
4.543	1	9	455	4	4	12	73	0
4.545	1	9	455	6	4	12	73	0
4.546	1	9	455	7	4	12	73	0
4.548	1	9	455	9	4	12	73	0
4.55	1	9	456	1	4	12	73	0
4.552	1	9	456	3	4	12	73	0
4.554	1	9	456	5	4	12	73	0
4.556	1	9	456	7	4	12	73	0
4.558	1	9	456	9	4	12	73	0
4.56	1	9	457	1	4	12	73	0
4.561	1	9	457	2	4	12	73	0
4.563	1	9	457	4	4	12	73	0
4.565	1	9	457	6	4	12	73	0
4.567	1	9	457	8	4	12	73	0
4.569	1	9	457	10	4	12	73	0
4.571	1	9	458	2	4	12	73	0
4.573	1	9	458	4	4	12	73	0
4.575	1	9	458	6	4	12	73	0
4.576	1	9	458	7	4	12	73	0
4.578	1	9	458	9	4	12	73	0
4.58	1	9	459	1	4	12	73	0
4.582	1	9	459	3	4	12	73	0
4.584	1	9	459	5	4	12	73	0
4.586	1	9	459	7	4	12	73	0
4.588	1	9	459	9	4	12	73	0
4.59	1	9	460	1	4	12	73	0
4.591	1	9	460	2	4	12	73	0
4.593	1	9	460	4	4	12	73	0
4.595	1	9	460	6	4	12	73	0
4.597	1	9	460	8	4	12	73	0
4.599	1	9	460	10	4	12	73	0
4.601	1	9	461	2	4	12	73	0
4.603	1	9	461	4	4	12	73	0
4.605	1	9	461	6	4	12	73	0
4.606	1	9	461	7	4	12	73	0
4.608	1	9	461	9	4	12	73	0
4.61	1	9	462	1	4	12	73	0
4.612	1	9	462	3	4	12	73	0
4.614	1	9	462	5	4	12	73	0
4.616	1	9	462	7	4	12	73	0
4.618	1	9	462	9	4	12	73	0
4.62	1	9	463	1	4	12	73	0
4.621	1	9	463	2	4	12	73	0
4.623	1	9	463	4	4	12	73	0
4.625	1	9	463	6	4	12	73	0
4.627	1	9	463	8	4	12	73	0
4.629	1	9	463	10	4	12	73	0
4.631	1	9	464	2	4	12	73	0
4.633	1	9	464	4	4	12	73	0
4.635	1	9	464	6	4	12	73	0
4.636	1	9	464	7	4	12	73	0
4.638	1	9	464	9	4	12	73	0
4.64	1	9	465	1	4	12	73	0
4.642	1	9	465	3	4	12	73	0
4.644	1	9	465	5	4	12	73	0
4.646	1	9	465	7	4	12	73	0
4.648	1	9	465	9	4	12	73	0
4.65	1	9	466	1	4	12	73	0
4.651	1	9	466	2	4	12	73	0
4.653	1	9	466	4	4	12	73	0
4.655	1	9	466	6	4	12	73	0
4.657	1	9	466	8	4	12	73	0
4.659	1	9	466	10	4	12	73	0
4.661	1	9	467	2	4	12	73	0
4.663	1	9	467	4	4	12	73	0
4.665	1	9	467	6	4	12	73	0
4.666	1	9	467	7	4	12	73	0
4.668	1	9	467	9	4	12	73	0
4.67	1	9	468	1	4	12	73	0
4.672	1	9	468	3	4	12	73	0
4.674	1	9	468	5	4	12	73	0
4.676	1	9	468	7	4	12	73	0
4.678	1	9	468	9	4	12	73	0
4.68	1	9	469	1	4	12	73	0
4.681	1	9	469	2	4	12	73	0
4.683	1	9	469	4	4	12	73	0
4.685	1	9	469	6	4	12	73	0
4.687	1	9	469	8	4	12	73	0
4.689	1	9	469	10	4	12	73	0
4.691	1	9	470	2	4	12	73	0
4.693	1	9	470	4	4	12	73	0
4.695	1	9	470	6	4	12	73	0
4.696	1	9	470	7	4	12	73	0
4.698	1	9	470	9	4	12	73	0
4.7	1	9	471	1	4	12	73	0
4.702	1	9	471	3	4	12	73	0
4.704	1	9	471	5	4	12	73	0
4.706	1	9	471	7	4	12	73	0
4.708	1	9	471	9	4	12	73	0
4.71	1	9	472	1	4	12	73	0
4.711	1	9	472	2	4	12	73	0
4.713	1	9	472	4	4	12	73	0
4.715	1	9	472	6	4	12	73	0
4.717	1	9	472	8	4	12	73	0
4.719	1	9	472	10	4	12	73	0
4.721	1	9	473	2	4	12	73	0
4.723	1	9	473	4	4	12	73	0
4.725	1	9	473	6	4	12	73	0
4.726	1	9	473	7	4	12	73	0
4.728	1	9	473	9	4	12	73	0
4.73	1	9	474	1	4	12	73	0
4.732	1	9	474	3	4	12	73	0
4.734	1	9	474	5	4	12	73	0
4.736	1	9	474	7	4	12	73	0
4.738	1	9	474	9	4	12	73	0
4.74	1	9	475	1	4	12	73	0
4.741	1	9	475	2	4	12	73	0
4.743	1	9	475	4	4	12	73	0
4.745	1	9	475	6	4	12	73	0
4.747	1	9	475	8	4	12	73	0
4.749	1	9	475	10	4	12	73	0
4.751	1	9	476	2	4	12	73	0
4.753	1	9	476	4	4	12	73	0
4.755	1	9	476	6	4	12	73	0
4.756	1	9	476	7	4	12	73	0
4.758	1	9	476	9	4	12	73	0
4.76	1	9	477	1	4	12	73	0
4.762	1	9	477	3	4	12	73	0
4.764	1	9	477	5	4	12	73	0
4.766	1	9	477	7	4	12	73	0
4.768	1	9	477	9	4	12	73	0
4.77	1	9	478	1	4	12	73	0
4.771	1	9	478	2	4	12	73	0
4.773	1	9	478	4	4	12	73	0
4.775	1	9	478	6	4	12	73	0
4.777	1	9	478	8	4	12	73	0
4.779	1	9	478	10	4	12	73	0
4.781	1	9	479	2	4	12	73	0
4.783	1	9	479	4	4	12	73	0
4.785	1	9	479	6	4	12	73	0
4.786	1	9	479	7	4	12	73	0
4.788	1	9	479	9	4	12	73	0
4.79	1	9	480	1	4	12	73	0
4.792	1	9	480	3	4	12	73	0
4.794	1	9	480	5	4	12	73	0
4.796	1	9	480	7	4	12	73	0
4.798	1	9	480	9	4	12	73	0
4.8	1	9	481	1	4	12	73	0
4.801	1	9	481	2	4	12	73	0
4.803	1	9	481	4	4	12	73	0
4.805	1	9	481	6	4	12	73	0
4.807	1	9	481	8	4	12	73	0
4.809	1	9	481	10	4	12	73	0
4.811	1	9	482	2	4	12	73	0
4.813	1	9	482	4	4	12	73	0
4.815	1	9	482	6	4	12	73	0
4.816	1	9	482	7	4	12	73	0
4.818	1	9	482	9	4	12	73	0
4.82	1	9	483	1	4	12	73	0
4.822	1	9	483	3	4	12	73	0
4.824	1	9	483	5	4	12	73	0
4.826	1	9	483	7	4	12	73	0
4.828	1	9	483	9	4	12	73	0
4.83	1	9	484	1	4	12	73	0
4.831	1	9	484	2	4	12	73	0
4.833	1	9	484	4	4	12	73	0
4.835	1	9	484	6	4	12	73	0
4.837	1	9	484	8	4	12	73	0
4.839	1	9	484	10	4	12	73	0
4.841	1	9	485	2	4	12	73	0
4.843	1	9	485	4	4	12	73	0
4.845	1	9	485	6	4	12	73	0
4.846	1	9	485	7	4	12	73	0
4.848	1	9	485	9	4	12	73	0
4.85	1	9	486	1	4	12	73	0
4.852	1	9	486	3	4	12	73	0
4.854	1	9	486	5	4	12	73	0
4.856	1	9	486	7	4	12	73	0
4.858	1	9	486	9	4	12	73	0
4.86	1	9	487	1	4	12	73	0
4.861	1	9	487	2	4	12	73	0
4.863	1	9	487	4	4	12	73	0
4.865	1	9	487	6	4	12	73	0
4.867	1	9	487	8	4	12	73	0
4.869	1	9	487	10	4	12	73	0
4.871	1	9	488	2	4	12	73	0
4.873	1	9	488	4	4	12	73	0
4.875	1	9	488	6	4	12	73	0
4.876	1	9	488	7	4	12	73	0
4.878	1	9	488	9	4	12	73	0
4.88	1	9	489	1	4	12	73	0
4.882	1	9	489	3	4	12	73	0
4.884	1	9	489	5	4	12	73	0
4.886	1	9	489	7	4	12	73	0
4.888	1	9	489	9	4	12	73	0
4.89	1	9	490	1	4	12	73	0
4.891	1	9	490	2	4	12	73	0
4.893	1	9	490	4	4	12	73	0
4.895	1	9	490	6	4	12	73	0
4.897	1	9	490	8	4	12	73	0
4.899	1	9	490	10	4	12	73	0
4.901	1	9	491	2	4	12	73	0
4.903	1	9	491	4	4	12	73	0
4.905	1	9	491	6	4	12	73	0
4.906	1	9	491	7	4	12	73	0
4.908	1	9	491	9	4	12	73	0
4.91	1	9	492	1	4	12	73	0
4.912	1	9	492	3	4	12	73	0
4.914	1	9	492	5	4	12	73	0
4.916	1	9	492	7	4	12	73	0
4.918	1	9	492	9	4	12	73	0
4.92	1	9	493	1	4	12	73	0
4.921	1	9	493	2	4	12	73	0
4.923	1	9	493	4	4	12	73	0
4.925	1	9	493	6	4	12	73	0
4.927	1	9	493	8	4	12	73	0
4.929	1	9	493	10	4	12	73	0
4.931	1	9	494	2	4	12	73	0
4.933	1	9	494	4	4	12	73	0
4.935	1	9	494	6	4	12	73	0
4.936	1	9	494	7	4	12	73	0
4.938	1	9	494	9	4	12	73	0
4.94	1	9	495	1	4	12	73	0
4.942	1	9	495	3	4	12	73	0
4.944	1	9	495	5	4	12	73	0
4.946	1	9	495	7	4	12	73	0
4.948	1	9	495	9	4	12	73	0
4.95	1	9	496	1	4	12	73	0
4.951	1	9	496	2	4	12	73	0
4.953	1	9	496	4	4	12	73	0
4.955	1	9	496	6	4	12	73	0
4.957	1	9	496	8	4	12	73	0
4.959	1	9	496	10	4	12	73	0
4.961	1	9	497	2	4	12	73	0
4.963	1	9	497	4	4	12	73	0
4.965	1	9	497	6	4	12	73	0
4.966	1	9	497	7	4	12	73	0
4.968	1	9	497	9	4	12	73	0
4.97	1	9	498	1	4	12	73	0
4.972	1	9	498	3	4	12	73	0
4.974	1	9	498	5	4	12	73	0
4.976	1	9	498	7	4	12	73	0
4.978	1	9	498	9	4	12	73	0
4.98	1	9	499	1	4	12	73	0
4.981	1	9	499	2	4	12	73	0
4.983	1	9	499	4	4	12	73	0
4.985	1	9	499	6	4	12	73	0
4.987	1	9	499	8	4	12	73	0
4.989	1	9	499	10	4	12	73	0
4.991	1	9	500	2	4	12	73	0
4.993	1	9	500	4	4	12	73	0
4.995	1	9	500	6	4	12	73	0
4.996	1	9	500	7	4	12	73	0
4.998	1	9	500	9	4	12	73	0
