% time	cellId	IMSI	frame	sframe	RNTI	mcs	size	ccId
0.037	1	1	4	8	20	0	7	0
0.039	1	1	4	10	20	0	7	0
0.04	1	1	5	1	20	0	7	0
0.042	1	1	5	3	20	0	7	0
0.043	1	1	5	4	20	0	7	0
0.045	1	1	5	6	20	0	7	0
0.047	1	1	5	8	20	0	7	0
0.049	1	1	5	10	20	0	7	0
0.051	1	1	6	2	20	0	7	0
0.053	1	1	6	4	20	0	7	0
0.055	1	1	6	6	20	0	7	0
0.057	1	1	6	8	20	0	7	0
0.058	1	1	6	9	20	0	7	0
0.06	1	1	7	1	20	18	133	0
0.062	1	1	7	3	20	18	133	0
0.064	1	1	7	5	20	18	133	0
0.066	1	1	7	7	20	18	133	0
0.068	1	1	7	9	20	18	133	0
0.07	1	1	8	1	20	18	133	0
0.072	1	1	8	3	20	18	133	0
0.073	1	1	8	4	20	18	133	0
0.075	1	1	8	6	20	18	133	0
0.077	1	1	8	8	20	18	133	0
0.079	1	1	8	10	20	18	133	0
0.081	1	1	9	2	20	18	133	0
0.083	1	1	9	4	20	18	133	0
0.085	1	1	9	6	20	18	133	0
0.087	1	1	9	8	20	18	133	0
0.088	1	1	9	9	20	18	133	0
0.09	1	1	10	1	20	18	133	0
0.092	1	1	10	3	20	18	133	0
0.094	1	1	10	5	20	18	133	0
0.096	1	1	10	7	20	18	133	0
0.098	1	1	10	9	20	18	133	0
0.1	1	1	11	1	20	18	133	0
0.102	1	1	11	3	20	18	133	0
0.103	1	1	11	4	20	18	133	0
0.105	1	1	11	6	20	18	133	0
0.107	1	1	11	8	20	18	133	0
0.109	1	1	11	10	20	18	133	0
0.111	1	1	12	2	20	18	133	0
0.113	1	1	12	4	20	18	133	0
0.115	1	1	12	6	20	18	133	0
0.117	1	1	12	8	20	18	133	0
0.118	1	1	12	9	20	18	133	0
0.12	1	1	13	1	20	18	133	0
0.122	1	1	13	3	20	18	133	0
0.124	1	1	13	5	20	18	133	0
0.126	1	1	13	7	20	18	133	0
0.128	1	1	13	9	20	18	133	0
0.13	1	1	14	1	20	18	133	0
0.132	1	1	14	3	20	18	133	0
0.133	1	1	14	4	20	18	133	0
0.135	1	1	14	6	20	18	133	0
0.137	1	1	14	8	20	18	133	0
0.139	1	1	14	10	20	18	133	0
0.141	1	1	15	2	20	18	133	0
0.143	1	1	15	4	20	18	133	0
0.145	1	1	15	6	20	18	133	0
0.147	1	1	15	8	20	18	133	0
0.148	1	1	15	9	20	18	133	0
0.15	1	1	16	1	20	18	133	0
0.152	1	1	16	3	20	18	133	0
0.154	1	1	16	5	20	18	133	0
0.156	1	1	16	7	20	18	133	0
0.158	1	1	16	9	20	18	133	0
0.16	1	1	17	1	20	18	133	0
0.162	1	1	17	3	20	18	133	0
0.163	1	1	17	4	20	18	133	0
0.165	1	1	17	6	20	18	133	0
0.167	1	1	17	8	20	18	133	0
0.169	1	1	17	10	20	18	133	0
0.171	1	1	18	2	20	18	133	0
0.173	1	1	18	4	20	18	133	0
0.175	1	1	18	6	20	18	133	0
0.177	1	1	18	8	20	18	133	0
0.178	1	1	18	9	20	18	133	0
0.18	1	1	19	1	20	18	133	0
0.182	1	1	19	3	20	18	133	0
0.184	1	1	19	5	20	18	133	0
0.186	1	1	19	7	20	18	133	0
0.188	1	1	19	9	20	18	133	0
0.19	1	1	20	1	20	18	133	0
0.192	1	1	20	3	20	18	133	0
0.193	1	1	20	4	20	18	133	0
0.195	1	1	20	6	20	18	133	0
0.197	1	1	20	8	20	18	133	0
0.199	1	1	20	10	20	18	133	0
0.201	1	1	21	2	20	18	133	0
0.203	1	1	21	4	20	18	133	0
0.205	1	1	21	6	20	18	133	0
0.207	1	1	21	8	20	18	133	0
0.208	1	1	21	9	20	18	133	0
0.21	1	1	22	1	20	18	133	0
0.212	1	1	22	3	20	18	133	0
0.214	1	1	22	5	20	18	133	0
0.216	1	1	22	7	20	18	133	0
0.218	1	1	22	9	20	18	133	0
0.22	1	1	23	1	20	18	133	0
0.222	1	1	23	3	20	18	133	0
0.223	1	1	23	4	20	18	133	0
0.225	1	1	23	6	20	18	133	0
0.227	1	1	23	8	20	18	133	0
0.229	1	1	23	10	20	18	133	0
0.231	1	1	24	2	20	18	133	0
0.233	1	1	24	4	20	18	133	0
0.235	1	1	24	6	20	18	133	0
0.237	1	1	24	8	20	18	133	0
0.238	1	1	24	9	20	18	133	0
0.24	1	1	25	1	20	18	133	0
0.242	1	1	25	3	20	18	133	0
0.244	1	1	25	5	20	18	133	0
0.246	1	1	25	7	20	18	133	0
0.248	1	1	25	9	20	18	133	0
0.25	1	1	26	1	20	18	133	0
0.252	1	1	26	3	20	18	133	0
0.253	1	1	26	4	20	18	133	0
0.255	1	1	26	6	20	18	133	0
0.257	1	1	26	8	20	18	133	0
0.259	1	1	26	10	20	18	133	0
0.261	1	1	27	2	20	18	133	0
0.263	1	1	27	4	20	18	133	0
0.265	1	1	27	6	20	18	133	0
0.267	1	1	27	8	20	18	133	0
0.268	1	1	27	9	20	18	133	0
0.27	1	1	28	1	20	18	133	0
0.272	1	1	28	3	20	18	133	0
0.274	1	1	28	5	20	18	133	0
0.276	1	1	28	7	20	18	133	0
0.278	1	1	28	9	20	18	133	0
0.28	1	1	29	1	20	18	133	0
0.282	1	1	29	3	20	18	133	0
0.283	1	1	29	4	20	18	133	0
0.285	1	1	29	6	20	18	133	0
0.287	1	1	29	8	20	18	133	0
0.289	1	1	29	10	20	18	133	0
0.291	1	1	30	2	20	18	133	0
0.293	1	1	30	4	20	18	133	0
0.295	1	1	30	6	20	18	133	0
0.297	1	1	30	8	20	18	133	0
0.298	1	1	30	9	20	18	133	0
0.3	1	1	31	1	20	18	133	0
0.302	1	1	31	3	20	18	133	0
0.304	1	1	31	5	20	18	133	0
0.306	1	1	31	7	20	18	133	0
0.308	1	1	31	9	20	18	133	0
0.31	1	1	32	1	20	18	133	0
0.312	1	1	32	3	20	18	133	0
0.313	1	1	32	4	20	18	133	0
0.315	1	1	32	6	20	18	133	0
0.317	1	1	32	8	20	18	133	0
0.319	1	1	32	10	20	18	133	0
0.321	1	1	33	2	20	18	133	0
0.323	1	1	33	4	20	18	133	0
0.325	1	1	33	6	20	18	133	0
0.327	1	1	33	8	20	18	133	0
0.328	1	1	33	9	20	18	133	0
0.33	1	1	34	1	20	18	133	0
0.332	1	1	34	3	20	18	133	0
0.334	1	1	34	5	20	18	133	0
0.336	1	1	34	7	20	18	133	0
0.338	1	1	34	9	20	18	133	0
0.34	1	1	35	1	20	18	133	0
0.342	1	1	35	3	20	18	133	0
0.343	1	1	35	4	20	18	133	0
0.345	1	1	35	6	20	18	133	0
0.347	1	1	35	8	20	18	133	0
0.349	1	1	35	10	20	18	133	0
0.351	1	1	36	2	20	18	133	0
0.353	1	1	36	4	20	18	133	0
0.355	1	1	36	6	20	18	133	0
0.357	1	1	36	8	20	18	133	0
0.358	1	1	36	9	20	18	133	0
0.36	1	1	37	1	20	18	133	0
0.362	1	1	37	3	20	18	133	0
0.364	1	1	37	5	20	18	133	0
0.366	1	1	37	7	20	18	133	0
0.368	1	1	37	9	20	18	133	0
0.37	1	1	38	1	20	18	133	0
0.372	1	1	38	3	20	18	133	0
0.373	1	1	38	4	20	18	133	0
0.375	1	1	38	6	20	18	133	0
0.377	1	1	38	8	20	18	133	0
0.379	1	1	38	10	20	18	133	0
0.381	1	1	39	2	20	18	133	0
0.383	1	1	39	4	20	18	133	0
0.385	1	1	39	6	20	18	133	0
0.387	1	1	39	8	20	18	133	0
0.388	1	1	39	9	20	18	133	0
0.39	1	1	40	1	20	18	133	0
0.392	1	1	40	3	20	18	133	0
0.394	1	1	40	5	20	18	133	0
0.396	1	1	40	7	20	18	133	0
0.398	1	1	40	9	20	18	133	0
0.4	1	1	41	1	20	18	133	0
0.402	1	1	41	3	20	18	133	0
0.403	1	1	41	4	20	18	133	0
0.405	1	1	41	6	20	18	133	0
0.407	1	1	41	8	20	18	133	0
0.409	1	1	41	10	20	18	133	0
0.411	1	1	42	2	20	18	133	0
0.413	1	1	42	4	20	18	133	0
0.415	1	1	42	6	20	18	133	0
0.417	1	1	42	8	20	18	133	0
0.418	1	1	42	9	20	18	133	0
0.42	1	1	43	1	20	18	133	0
0.422	1	1	43	3	20	18	133	0
0.424	1	1	43	5	20	18	133	0
0.426	1	1	43	7	20	18	133	0
0.428	1	1	43	9	20	18	133	0
0.43	1	1	44	1	20	18	133	0
0.432	1	1	44	3	20	18	133	0
0.433	1	1	44	4	20	18	133	0
0.435	1	1	44	6	20	18	133	0
0.437	1	1	44	8	20	18	133	0
0.439	1	1	44	10	20	18	133	0
0.441	1	1	45	2	20	18	133	0
0.443	1	1	45	4	20	18	133	0
0.445	1	1	45	6	20	18	133	0
0.447	1	1	45	8	20	18	133	0
0.448	1	1	45	9	20	18	133	0
0.45	1	1	46	1	20	18	133	0
0.452	1	1	46	3	20	18	133	0
0.454	1	1	46	5	20	18	133	0
0.456	1	1	46	7	20	18	133	0
0.458	1	1	46	9	20	18	133	0
0.46	1	1	47	1	20	18	133	0
0.462	1	1	47	3	20	18	133	0
0.463	1	1	47	4	20	18	133	0
0.465	1	1	47	6	20	18	133	0
0.467	1	1	47	8	20	18	133	0
0.469	1	1	47	10	20	18	133	0
0.471	1	1	48	2	20	18	133	0
0.473	1	1	48	4	20	18	133	0
0.475	1	1	48	6	20	18	133	0
0.477	1	1	48	8	20	18	133	0
0.478	1	1	48	9	20	18	133	0
0.48	1	1	49	1	20	18	133	0
0.482	1	1	49	3	20	18	133	0
0.484	1	1	49	5	20	18	133	0
0.486	1	1	49	7	20	18	133	0
0.488	1	1	49	9	20	18	133	0
0.49	1	1	50	1	20	18	133	0
0.492	1	1	50	3	20	18	133	0
0.493	1	1	50	4	20	18	133	0
0.495	1	1	50	6	20	18	133	0
0.497	1	1	50	8	20	18	133	0
0.499	1	1	50	10	20	18	133	0
0.501	1	1	51	2	20	18	133	0
0.503	1	1	51	4	20	18	133	0
0.505	1	1	51	6	20	18	133	0
0.507	1	1	51	8	20	18	133	0
0.508	1	1	51	9	20	18	133	0
0.51	1	1	52	1	20	18	133	0
0.512	1	1	52	3	20	18	133	0
0.514	1	1	52	5	20	18	133	0
0.516	1	1	52	7	20	18	133	0
0.518	1	1	52	9	20	18	133	0
0.52	1	1	53	1	20	18	133	0
0.522	1	1	53	3	20	18	133	0
0.523	1	1	53	4	20	18	133	0
0.525	1	1	53	6	20	18	133	0
0.527	1	1	53	8	20	18	133	0
0.529	1	1	53	10	20	18	133	0
0.531	1	1	54	2	20	18	133	0
0.533	1	1	54	4	20	18	133	0
0.535	1	1	54	6	20	18	133	0
0.537	1	1	54	8	20	18	133	0
0.538	1	1	54	9	20	18	133	0
0.54	1	1	55	1	20	18	133	0
0.542	1	1	55	3	20	18	133	0
0.544	1	1	55	5	20	18	133	0
0.546	1	1	55	7	20	18	133	0
0.548	1	1	55	9	20	18	133	0
0.55	1	1	56	1	20	18	133	0
0.552	1	1	56	3	20	18	133	0
0.553	1	1	56	4	20	18	133	0
0.555	1	1	56	6	20	18	133	0
0.557	1	1	56	8	20	18	133	0
0.559	1	1	56	10	20	18	133	0
0.561	1	1	57	2	20	18	133	0
0.563	1	1	57	4	20	18	133	0
0.565	1	1	57	6	20	18	133	0
0.567	1	1	57	8	20	18	133	0
0.568	1	1	57	9	20	18	133	0
0.57	1	1	58	1	20	18	133	0
0.572	1	1	58	3	20	18	133	0
0.574	1	1	58	5	20	18	133	0
0.576	1	1	58	7	20	18	133	0
0.578	1	1	58	9	20	18	133	0
0.58	1	1	59	1	20	18	133	0
0.582	1	1	59	3	20	18	133	0
0.583	1	1	59	4	20	18	133	0
0.585	1	1	59	6	20	18	133	0
0.587	1	1	59	8	20	18	133	0
0.589	1	1	59	10	20	18	133	0
0.591	1	1	60	2	20	18	133	0
0.593	1	1	60	4	20	18	133	0
0.595	1	1	60	6	20	18	133	0
0.597	1	1	60	8	20	18	133	0
0.598	1	1	60	9	20	18	133	0
0.6	1	1	61	1	20	18	133	0
0.602	1	1	61	3	20	18	133	0
0.604	1	1	61	5	20	18	133	0
0.606	1	1	61	7	20	18	133	0
0.608	1	1	61	9	20	18	133	0
0.61	1	1	62	1	20	18	133	0
0.612	1	1	62	3	20	18	133	0
0.613	1	1	62	4	20	18	133	0
0.615	1	1	62	6	20	18	133	0
0.617	1	1	62	8	20	18	133	0
0.619	1	1	62	10	20	18	133	0
0.621	1	1	63	2	20	18	133	0
0.623	1	1	63	4	20	18	133	0
0.625	1	1	63	6	20	18	133	0
0.627	1	1	63	8	20	18	133	0
0.628	1	1	63	9	20	18	133	0
0.63	1	1	64	1	20	18	133	0
0.632	1	1	64	3	20	18	133	0
0.634	1	1	64	5	20	18	133	0
0.636	1	1	64	7	20	18	133	0
0.638	1	1	64	9	20	18	133	0
0.64	1	1	65	1	20	18	133	0
0.642	1	1	65	3	20	18	133	0
0.643	1	1	65	4	20	18	133	0
0.645	1	1	65	6	20	18	133	0
0.647	1	1	65	8	20	18	133	0
0.649	1	1	65	10	20	18	133	0
0.651	1	1	66	2	20	18	133	0
0.653	1	1	66	4	20	18	133	0
0.655	1	1	66	6	20	18	133	0
0.657	1	1	66	8	20	18	133	0
0.658	1	1	66	9	20	18	133	0
0.66	1	1	67	1	20	18	133	0
0.662	1	1	67	3	20	18	133	0
0.664	1	1	67	5	20	18	133	0
0.666	1	1	67	7	20	18	133	0
0.668	1	1	67	9	20	18	133	0
0.67	1	1	68	1	20	18	133	0
0.672	1	1	68	3	20	18	133	0
0.673	1	1	68	4	20	18	133	0
0.675	1	1	68	6	20	18	133	0
0.677	1	1	68	8	20	18	133	0
0.679	1	1	68	10	20	18	133	0
0.681	1	1	69	2	20	18	133	0
0.683	1	1	69	4	20	18	133	0
0.685	1	1	69	6	20	18	133	0
0.687	1	1	69	8	20	18	133	0
0.688	1	1	69	9	20	18	133	0
0.69	1	1	70	1	20	18	133	0
0.692	1	1	70	3	20	18	133	0
0.694	1	1	70	5	20	18	133	0
0.696	1	1	70	7	20	18	133	0
0.698	1	1	70	9	20	18	133	0
0.7	1	1	71	1	20	18	133	0
0.702	1	1	71	3	20	18	133	0
0.703	1	1	71	4	20	18	133	0
0.705	1	1	71	6	20	18	133	0
0.707	1	1	71	8	20	18	133	0
0.709	1	1	71	10	20	18	133	0
0.711	1	1	72	2	20	18	133	0
0.713	1	1	72	4	20	18	133	0
0.715	1	1	72	6	20	18	133	0
0.717	1	1	72	8	20	18	133	0
0.718	1	1	72	9	20	18	133	0
0.72	1	1	73	1	20	18	133	0
0.722	1	1	73	3	20	18	133	0
0.724	1	1	73	5	20	18	133	0
0.726	1	1	73	7	20	18	133	0
0.728	1	1	73	9	20	18	133	0
0.73	1	1	74	1	20	18	133	0
0.732	1	1	74	3	20	18	133	0
0.733	1	1	74	4	20	18	133	0
0.735	1	1	74	6	20	18	133	0
0.737	1	1	74	8	20	18	133	0
0.739	1	1	74	10	20	18	133	0
0.741	1	1	75	2	20	18	133	0
0.743	1	1	75	4	20	18	133	0
0.745	1	1	75	6	20	18	133	0
0.747	1	1	75	8	20	18	133	0
0.748	1	1	75	9	20	18	133	0
0.75	1	1	76	1	20	18	133	0
0.752	1	1	76	3	20	18	133	0
0.754	1	1	76	5	20	18	133	0
0.756	1	1	76	7	20	18	133	0
0.758	1	1	76	9	20	18	133	0
0.76	1	1	77	1	20	18	133	0
0.762	1	1	77	3	20	18	133	0
0.763	1	1	77	4	20	18	133	0
0.765	1	1	77	6	20	18	133	0
0.767	1	1	77	8	20	18	133	0
0.769	1	1	77	10	20	18	133	0
0.771	1	1	78	2	20	18	133	0
0.773	1	1	78	4	20	18	133	0
0.775	1	1	78	6	20	18	133	0
0.777	1	1	78	8	20	18	133	0
0.778	1	1	78	9	20	18	133	0
0.78	1	1	79	1	20	18	133	0
0.782	1	1	79	3	20	18	133	0
0.784	1	1	79	5	20	18	133	0
0.786	1	1	79	7	20	18	133	0
0.788	1	1	79	9	20	18	133	0
0.79	1	1	80	1	20	18	133	0
0.792	1	1	80	3	20	18	133	0
0.793	1	1	80	4	20	18	133	0
0.795	1	1	80	6	20	18	133	0
0.797	1	1	80	8	20	18	133	0
0.799	1	1	80	10	20	18	133	0
0.801	1	1	81	2	20	18	133	0
0.803	1	1	81	4	20	18	133	0
0.805	1	1	81	6	20	18	133	0
0.807	1	1	81	8	20	18	133	0
0.808	1	1	81	9	20	18	133	0
0.81	1	1	82	1	20	18	133	0
0.812	1	1	82	3	20	18	133	0
0.814	1	1	82	5	20	18	133	0
0.816	1	1	82	7	20	18	133	0
0.818	1	1	82	9	20	18	133	0
0.82	1	1	83	1	20	18	133	0
0.822	1	1	83	3	20	18	133	0
0.823	1	1	83	4	20	18	133	0
0.825	1	1	83	6	20	18	133	0
0.827	1	1	83	8	20	18	133	0
0.829	1	1	83	10	20	18	133	0
0.831	1	1	84	2	20	18	133	0
0.833	1	1	84	4	20	18	133	0
0.835	1	1	84	6	20	18	133	0
0.837	1	1	84	8	20	18	133	0
0.838	1	1	84	9	20	18	133	0
0.84	1	1	85	1	20	18	133	0
0.842	1	1	85	3	20	18	133	0
0.844	1	1	85	5	20	18	133	0
0.846	1	1	85	7	20	18	133	0
0.848	1	1	85	9	20	18	133	0
0.85	1	1	86	1	20	18	133	0
0.852	1	1	86	3	20	18	133	0
0.853	1	1	86	4	20	18	133	0
0.855	1	1	86	6	20	18	133	0
0.857	1	1	86	8	20	18	133	0
0.859	1	1	86	10	20	18	133	0
0.861	1	1	87	2	20	18	133	0
0.863	1	1	87	4	20	18	133	0
0.865	1	1	87	6	20	18	133	0
0.867	1	1	87	8	20	18	133	0
0.868	1	1	87	9	20	18	133	0
0.87	1	1	88	1	20	18	133	0
0.872	1	1	88	3	20	18	133	0
0.874	1	1	88	5	20	18	133	0
0.876	1	1	88	7	20	18	133	0
0.878	1	1	88	9	20	18	133	0
0.88	1	1	89	1	20	18	133	0
0.882	1	1	89	3	20	18	133	0
0.883	1	1	89	4	20	18	133	0
0.885	1	1	89	6	20	18	133	0
0.887	1	1	89	8	20	18	133	0
0.889	1	1	89	10	20	18	133	0
0.891	1	1	90	2	20	18	133	0
0.893	1	1	90	4	20	18	133	0
0.895	1	1	90	6	20	18	133	0
0.897	1	1	90	8	20	18	133	0
0.898	1	1	90	9	20	18	133	0
0.9	1	1	91	1	20	18	133	0
0.902	1	1	91	3	20	18	133	0
0.904	1	1	91	5	20	18	133	0
0.906	1	1	91	7	20	18	133	0
0.908	1	1	91	9	20	18	133	0
0.91	1	1	92	1	20	18	133	0
0.912	1	1	92	3	20	18	133	0
0.913	1	1	92	4	20	18	133	0
0.915	1	1	92	6	20	18	133	0
0.917	1	1	92	8	20	18	133	0
0.919	1	1	92	10	20	18	133	0
0.921	1	1	93	2	20	18	133	0
0.923	1	1	93	4	20	18	133	0
0.925	1	1	93	6	20	18	133	0
0.927	1	1	93	8	20	18	133	0
0.928	1	1	93	9	20	18	133	0
0.93	1	1	94	1	20	18	133	0
0.932	1	1	94	3	20	18	133	0
0.934	1	1	94	5	20	18	133	0
0.936	1	1	94	7	20	18	133	0
0.938	1	1	94	9	20	18	133	0
0.94	1	1	95	1	20	18	133	0
0.942	1	1	95	3	20	18	133	0
0.943	1	1	95	4	20	18	133	0
0.945	1	1	95	6	20	18	133	0
0.947	1	1	95	8	20	18	133	0
0.949	1	1	95	10	20	18	133	0
0.951	1	1	96	2	20	18	133	0
0.953	1	1	96	4	20	18	133	0
0.955	1	1	96	6	20	18	133	0
0.957	1	1	96	8	20	18	133	0
0.958	1	1	96	9	20	18	133	0
0.96	1	1	97	1	20	18	133	0
0.962	1	1	97	3	20	18	133	0
0.964	1	1	97	5	20	18	133	0
0.966	1	1	97	7	20	18	133	0
0.968	1	1	97	9	20	18	133	0
0.97	1	1	98	1	20	18	133	0
0.972	1	1	98	3	20	18	133	0
0.973	1	1	98	4	20	18	133	0
0.975	1	1	98	6	20	18	133	0
0.977	1	1	98	8	20	18	133	0
0.979	1	1	98	10	20	18	133	0
0.981	1	1	99	2	20	18	133	0
0.983	1	1	99	4	20	18	133	0
0.985	1	1	99	6	20	18	133	0
0.987	1	1	99	8	20	18	133	0
0.988	1	1	99	9	20	18	133	0
0.99	1	1	100	1	20	18	133	0
0.992	1	1	100	3	20	18	133	0
0.994	1	1	100	5	20	18	133	0
0.996	1	1	100	7	20	18	133	0
0.998	1	1	100	9	20	18	133	0
1	1	1	101	1	20	18	133	0
1.002	1	1	101	3	20	18	133	0
1.003	1	1	101	4	20	18	133	0
1.005	1	1	101	6	20	18	133	0
1.007	1	1	101	8	20	18	133	0
1.009	1	1	101	10	20	18	133	0
1.011	1	1	102	2	20	18	133	0
1.013	1	1	102	4	20	18	133	0
1.015	1	1	102	6	20	18	133	0
1.017	1	1	102	8	20	18	133	0
1.018	1	1	102	9	20	18	133	0
1.02	1	1	103	1	20	18	133	0
1.022	1	1	103	3	20	18	133	0
1.024	1	1	103	5	20	18	133	0
1.026	1	1	103	7	20	18	133	0
1.028	1	1	103	9	20	18	133	0
1.03	1	1	104	1	20	18	133	0
1.032	1	1	104	3	20	18	133	0
1.033	1	1	104	4	20	18	133	0
1.035	1	1	104	6	20	18	133	0
1.037	1	1	104	8	20	18	133	0
1.039	1	1	104	10	20	18	133	0
1.041	1	1	105	2	20	18	133	0
1.043	1	1	105	4	20	18	133	0
1.045	1	1	105	6	20	18	133	0
1.047	1	1	105	8	20	18	133	0
1.048	1	1	105	9	20	18	133	0
1.05	1	1	106	1	20	18	133	0
1.052	1	1	106	3	20	18	133	0
1.054	1	1	106	5	20	18	133	0
1.056	1	1	106	7	20	18	133	0
1.058	1	1	106	9	20	18	133	0
1.06	1	1	107	1	20	18	133	0
1.062	1	1	107	3	20	18	133	0
1.063	1	1	107	4	20	18	133	0
1.065	1	1	107	6	20	18	133	0
1.067	1	1	107	8	20	18	133	0
1.069	1	1	107	10	20	18	133	0
1.071	1	1	108	2	20	18	133	0
1.073	1	1	108	4	20	18	133	0
1.075	1	1	108	6	20	18	133	0
1.077	1	1	108	8	20	18	133	0
1.078	1	1	108	9	20	18	133	0
1.08	1	1	109	1	20	18	133	0
1.082	1	1	109	3	20	18	133	0
1.084	1	1	109	5	20	18	133	0
1.086	1	1	109	7	20	18	133	0
1.088	1	1	109	9	20	18	133	0
1.09	1	1	110	1	20	18	133	0
1.092	1	1	110	3	20	18	133	0
1.093	1	1	110	4	20	18	133	0
1.095	1	1	110	6	20	18	133	0
1.097	1	1	110	8	20	18	133	0
1.099	1	1	110	10	20	18	133	0
1.101	1	1	111	2	20	18	133	0
1.103	1	1	111	4	20	18	133	0
1.105	1	1	111	6	20	18	133	0
1.107	1	1	111	8	20	18	133	0
1.108	1	1	111	9	20	18	133	0
1.11	1	1	112	1	20	18	133	0
1.112	1	1	112	3	20	18	133	0
1.114	1	1	112	5	20	18	133	0
1.116	1	1	112	7	20	18	133	0
1.118	1	1	112	9	20	18	133	0
1.12	1	1	113	1	20	18	133	0
1.122	1	1	113	3	20	18	133	0
1.123	1	1	113	4	20	18	133	0
1.125	1	1	113	6	20	18	133	0
1.127	1	1	113	8	20	18	133	0
1.129	1	1	113	10	20	18	133	0
1.131	1	1	114	2	20	18	133	0
1.133	1	1	114	4	20	18	133	0
1.135	1	1	114	6	20	18	133	0
1.137	1	1	114	8	20	18	133	0
1.138	1	1	114	9	20	18	133	0
1.14	1	1	115	1	20	18	133	0
1.142	1	1	115	3	20	18	133	0
1.144	1	1	115	5	20	18	133	0
1.146	1	1	115	7	20	18	133	0
1.148	1	1	115	9	20	18	133	0
1.15	1	1	116	1	20	18	133	0
1.152	1	1	116	3	20	18	133	0
1.153	1	1	116	4	20	18	133	0
1.155	1	1	116	6	20	18	133	0
1.157	1	1	116	8	20	18	133	0
1.159	1	1	116	10	20	18	133	0
1.161	1	1	117	2	20	18	133	0
1.163	1	1	117	4	20	18	133	0
1.165	1	1	117	6	20	18	133	0
1.167	1	1	117	8	20	18	133	0
1.168	1	1	117	9	20	18	133	0
1.17	1	1	118	1	20	18	133	0
1.172	1	1	118	3	20	18	133	0
1.174	1	1	118	5	20	18	133	0
1.176	1	1	118	7	20	18	133	0
1.178	1	1	118	9	20	18	133	0
1.18	1	1	119	1	20	18	133	0
1.182	1	1	119	3	20	18	133	0
1.183	1	1	119	4	20	18	133	0
1.185	1	1	119	6	20	18	133	0
1.187	1	1	119	8	20	18	133	0
1.189	1	1	119	10	20	18	133	0
1.191	1	1	120	2	20	18	133	0
1.193	1	1	120	4	20	18	133	0
1.195	1	1	120	6	20	18	133	0
1.197	1	1	120	8	20	18	133	0
1.198	1	1	120	9	20	18	133	0
1.2	1	1	121	1	20	18	133	0
1.202	1	1	121	3	20	18	133	0
1.204	1	1	121	5	20	18	133	0
1.206	1	1	121	7	20	18	133	0
1.208	1	1	121	9	20	18	133	0
1.21	1	1	122	1	20	18	133	0
1.212	1	1	122	3	20	18	133	0
1.213	1	1	122	4	20	18	133	0
1.215	1	1	122	6	20	18	133	0
1.217	1	1	122	8	20	18	133	0
1.219	1	1	122	10	20	18	133	0
1.221	1	1	123	2	20	18	133	0
1.223	1	1	123	4	20	18	133	0
1.225	1	1	123	6	20	18	133	0
1.227	1	1	123	8	20	18	133	0
1.228	1	1	123	9	20	18	133	0
1.23	1	1	124	1	20	18	133	0
1.232	1	1	124	3	20	18	133	0
1.234	1	1	124	5	20	18	133	0
1.236	1	1	124	7	20	18	133	0
1.238	1	1	124	9	20	18	133	0
1.24	1	1	125	1	20	18	133	0
1.242	1	1	125	3	20	18	133	0
1.243	1	1	125	4	20	18	133	0
1.245	1	1	125	6	20	18	133	0
1.247	1	1	125	8	20	18	133	0
1.249	1	1	125	10	20	18	133	0
1.251	1	1	126	2	20	18	133	0
1.253	1	1	126	4	20	18	133	0
1.255	1	1	126	6	20	18	133	0
1.257	1	1	126	8	20	18	133	0
1.258	1	1	126	9	20	18	133	0
1.26	1	1	127	1	20	18	133	0
1.262	1	1	127	3	20	18	133	0
1.264	1	1	127	5	20	18	133	0
1.266	1	1	127	7	20	18	133	0
1.268	1	1	127	9	20	18	133	0
1.27	1	1	128	1	20	18	133	0
1.272	1	1	128	3	20	18	133	0
1.273	1	1	128	4	20	18	133	0
1.275	1	1	128	6	20	18	133	0
1.277	1	1	128	8	20	18	133	0
1.279	1	1	128	10	20	18	133	0
1.281	1	1	129	2	20	18	133	0
1.283	1	1	129	4	20	18	133	0
1.285	1	1	129	6	20	18	133	0
1.287	1	1	129	8	20	18	133	0
1.288	1	1	129	9	20	18	133	0
1.29	1	1	130	1	20	18	133	0
1.292	1	1	130	3	20	18	133	0
1.294	1	1	130	5	20	18	133	0
1.296	1	1	130	7	20	18	133	0
1.298	1	1	130	9	20	18	133	0
1.3	1	1	131	1	20	18	133	0
1.302	1	1	131	3	20	18	133	0
1.303	1	1	131	4	20	18	133	0
1.305	1	1	131	6	20	18	133	0
1.307	1	1	131	8	20	18	133	0
1.309	1	1	131	10	20	18	133	0
1.311	1	1	132	2	20	18	133	0
1.313	1	1	132	4	20	18	133	0
1.315	1	1	132	6	20	18	133	0
1.317	1	1	132	8	20	18	133	0
1.318	1	1	132	9	20	18	133	0
1.32	1	1	133	1	20	18	133	0
1.322	1	1	133	3	20	18	133	0
1.324	1	1	133	5	20	18	133	0
1.326	1	1	133	7	20	18	133	0
1.328	1	1	133	9	20	18	133	0
1.33	1	1	134	1	20	18	133	0
1.332	1	1	134	3	20	18	133	0
1.333	1	1	134	4	20	18	133	0
1.335	1	1	134	6	20	18	133	0
1.337	1	1	134	8	20	18	133	0
1.339	1	1	134	10	20	18	133	0
1.341	1	1	135	2	20	18	133	0
1.343	1	1	135	4	20	18	133	0
1.345	1	1	135	6	20	18	133	0
1.347	1	1	135	8	20	18	133	0
1.348	1	1	135	9	20	18	133	0
1.35	1	1	136	1	20	18	133	0
1.352	1	1	136	3	20	18	133	0
1.354	1	1	136	5	20	18	133	0
1.356	1	1	136	7	20	18	133	0
1.358	1	1	136	9	20	18	133	0
1.36	1	1	137	1	20	18	133	0
1.362	1	1	137	3	20	18	133	0
1.363	1	1	137	4	20	18	133	0
1.365	1	1	137	6	20	18	133	0
1.367	1	1	137	8	20	18	133	0
1.369	1	1	137	10	20	18	133	0
1.371	1	1	138	2	20	18	133	0
1.373	1	1	138	4	20	18	133	0
1.375	1	1	138	6	20	18	133	0
1.377	1	1	138	8	20	18	133	0
1.378	1	1	138	9	20	18	133	0
1.38	1	1	139	1	20	18	133	0
1.382	1	1	139	3	20	18	133	0
1.384	1	1	139	5	20	18	133	0
1.386	1	1	139	7	20	18	133	0
1.388	1	1	139	9	20	18	133	0
1.39	1	1	140	1	20	18	133	0
1.392	1	1	140	3	20	18	133	0
1.393	1	1	140	4	20	18	133	0
1.395	1	1	140	6	20	18	133	0
1.397	1	1	140	8	20	18	133	0
1.399	1	1	140	10	20	18	133	0
1.401	1	1	141	2	20	18	133	0
1.403	1	1	141	4	20	18	133	0
1.405	1	1	141	6	20	18	133	0
1.407	1	1	141	8	20	18	133	0
1.408	1	1	141	9	20	18	133	0
1.41	1	1	142	1	20	18	133	0
1.412	1	1	142	3	20	18	133	0
1.414	1	1	142	5	20	18	133	0
1.416	1	1	142	7	20	18	133	0
1.418	1	1	142	9	20	18	133	0
1.42	1	1	143	1	20	18	133	0
1.422	1	1	143	3	20	18	133	0
1.423	1	1	143	4	20	18	133	0
1.425	1	1	143	6	20	18	133	0
1.427	1	1	143	8	20	18	133	0
1.429	1	1	143	10	20	18	133	0
1.431	1	1	144	2	20	18	133	0
1.433	1	1	144	4	20	18	133	0
1.435	1	1	144	6	20	18	133	0
1.437	1	1	144	8	20	18	133	0
1.438	1	1	144	9	20	18	133	0
1.44	1	1	145	1	20	18	133	0
1.442	1	1	145	3	20	18	133	0
1.444	1	1	145	5	20	18	133	0
1.446	1	1	145	7	20	18	133	0
1.448	1	1	145	9	20	18	133	0
1.45	1	1	146	1	20	18	133	0
1.452	1	1	146	3	20	18	133	0
1.453	1	1	146	4	20	18	133	0
1.455	1	1	146	6	20	18	133	0
1.457	1	1	146	8	20	18	133	0
1.459	1	1	146	10	20	18	133	0
1.461	1	1	147	2	20	18	133	0
1.463	1	1	147	4	20	18	133	0
1.465	1	1	147	6	20	18	133	0
1.467	1	1	147	8	20	18	133	0
1.468	1	1	147	9	20	18	133	0
1.47	1	1	148	1	20	18	133	0
1.472	1	1	148	3	20	18	133	0
1.474	1	1	148	5	20	18	133	0
1.476	1	1	148	7	20	18	133	0
1.478	1	1	148	9	20	18	133	0
1.48	1	1	149	1	20	18	133	0
1.482	1	1	149	3	20	18	133	0
1.483	1	1	149	4	20	18	133	0
1.485	1	1	149	6	20	18	133	0
1.487	1	1	149	8	20	18	133	0
1.489	1	1	149	10	20	18	133	0
1.491	1	1	150	2	20	18	133	0
1.493	1	1	150	4	20	18	133	0
1.495	1	1	150	6	20	18	133	0
1.497	1	1	150	8	20	18	133	0
1.498	1	1	150	9	20	18	133	0
1.5	1	1	151	1	20	18	133	0
1.502	1	1	151	3	20	18	133	0
1.504	1	1	151	5	20	18	133	0
1.506	1	1	151	7	20	18	133	0
1.508	1	1	151	9	20	18	133	0
1.51	1	1	152	1	20	18	133	0
1.512	1	1	152	3	20	18	133	0
1.513	1	1	152	4	20	18	133	0
1.515	1	1	152	6	20	18	133	0
1.517	1	1	152	8	20	18	133	0
1.519	1	1	152	10	20	18	133	0
1.521	1	1	153	2	20	18	133	0
1.523	1	1	153	4	20	18	133	0
1.525	1	1	153	6	20	18	133	0
1.527	1	1	153	8	20	18	133	0
1.528	1	1	153	9	20	18	133	0
1.53	1	1	154	1	20	18	133	0
1.532	1	1	154	3	20	18	133	0
1.534	1	1	154	5	20	18	133	0
1.536	1	1	154	7	20	18	133	0
1.538	1	1	154	9	20	18	133	0
1.54	1	1	155	1	20	18	133	0
1.542	1	1	155	3	20	18	133	0
1.543	1	1	155	4	20	18	133	0
1.545	1	1	155	6	20	18	133	0
1.547	1	1	155	8	20	18	133	0
1.549	1	1	155	10	20	18	133	0
1.551	1	1	156	2	20	18	133	0
1.553	1	1	156	4	20	18	133	0
1.555	1	1	156	6	20	18	133	0
1.557	1	1	156	8	20	18	133	0
1.558	1	1	156	9	20	18	133	0
1.56	1	1	157	1	20	18	133	0
1.562	1	1	157	3	20	18	133	0
1.564	1	1	157	5	20	18	133	0
1.566	1	1	157	7	20	18	133	0
1.568	1	1	157	9	20	18	133	0
1.57	1	1	158	1	20	18	133	0
1.572	1	1	158	3	20	18	133	0
1.573	1	1	158	4	20	18	133	0
1.575	1	1	158	6	20	18	133	0
1.577	1	1	158	8	20	18	133	0
1.579	1	1	158	10	20	18	133	0
1.581	1	1	159	2	20	18	133	0
1.583	1	1	159	4	20	18	133	0
1.585	1	1	159	6	20	18	133	0
1.587	1	1	159	8	20	18	133	0
1.588	1	1	159	9	20	18	133	0
1.59	1	1	160	1	20	18	133	0
1.592	1	1	160	3	20	18	133	0
1.594	1	1	160	5	20	18	133	0
1.596	1	1	160	7	20	18	133	0
1.598	1	1	160	9	20	18	133	0
1.6	1	1	161	1	20	18	133	0
1.602	1	1	161	3	20	18	133	0
1.603	1	1	161	4	20	18	133	0
1.605	1	1	161	6	20	18	133	0
1.607	1	1	161	8	20	18	133	0
1.609	1	1	161	10	20	18	133	0
1.611	1	1	162	2	20	18	133	0
1.613	1	1	162	4	20	18	133	0
1.615	1	1	162	6	20	18	133	0
1.617	1	1	162	8	20	18	133	0
1.618	1	1	162	9	20	18	133	0
1.62	1	1	163	1	20	18	133	0
1.622	1	1	163	3	20	18	133	0
1.624	1	1	163	5	20	18	133	0
1.626	1	1	163	7	20	18	133	0
1.628	1	1	163	9	20	18	133	0
1.63	1	1	164	1	20	18	133	0
1.632	1	1	164	3	20	18	133	0
1.633	1	1	164	4	20	18	133	0
1.635	1	1	164	6	20	18	133	0
1.637	1	1	164	8	20	18	133	0
1.639	1	1	164	10	20	18	133	0
1.641	1	1	165	2	20	18	133	0
1.643	1	1	165	4	20	18	133	0
1.645	1	1	165	6	20	18	133	0
1.647	1	1	165	8	20	18	133	0
1.648	1	1	165	9	20	18	133	0
1.65	1	1	166	1	20	18	133	0
1.652	1	1	166	3	20	18	133	0
1.654	1	1	166	5	20	18	133	0
1.656	1	1	166	7	20	18	133	0
1.658	1	1	166	9	20	18	133	0
1.66	1	1	167	1	20	18	133	0
1.662	1	1	167	3	20	18	133	0
1.663	1	1	167	4	20	18	133	0
1.665	1	1	167	6	20	18	133	0
1.667	1	1	167	8	20	18	133	0
1.669	1	1	167	10	20	18	133	0
1.671	1	1	168	2	20	18	133	0
1.673	1	1	168	4	20	18	133	0
1.675	1	1	168	6	20	18	133	0
1.677	1	1	168	8	20	18	133	0
1.678	1	1	168	9	20	18	133	0
1.68	1	1	169	1	20	18	133	0
1.682	1	1	169	3	20	18	133	0
1.684	1	1	169	5	20	18	133	0
1.686	1	1	169	7	20	18	133	0
1.688	1	1	169	9	20	18	133	0
1.69	1	1	170	1	20	18	133	0
1.692	1	1	170	3	20	18	133	0
1.693	1	1	170	4	20	18	133	0
1.695	1	1	170	6	20	18	133	0
1.697	1	1	170	8	20	18	133	0
1.699	1	1	170	10	20	18	133	0
1.701	1	1	171	2	20	18	133	0
1.703	1	1	171	4	20	18	133	0
1.705	1	1	171	6	20	18	133	0
1.707	1	1	171	8	20	18	133	0
1.708	1	1	171	9	20	18	133	0
1.71	1	1	172	1	20	18	133	0
1.712	1	1	172	3	20	18	133	0
1.714	1	1	172	5	20	18	133	0
1.716	1	1	172	7	20	18	133	0
1.718	1	1	172	9	20	18	133	0
1.72	1	1	173	1	20	18	133	0
1.722	1	1	173	3	20	18	133	0
1.723	1	1	173	4	20	18	133	0
1.725	1	1	173	6	20	18	133	0
1.727	1	1	173	8	20	18	133	0
1.729	1	1	173	10	20	18	133	0
1.731	1	1	174	2	20	18	133	0
1.733	1	1	174	4	20	18	133	0
1.735	1	1	174	6	20	18	133	0
1.737	1	1	174	8	20	18	133	0
1.738	1	1	174	9	20	18	133	0
1.74	1	1	175	1	20	18	133	0
1.742	1	1	175	3	20	18	133	0
1.744	1	1	175	5	20	18	133	0
1.746	1	1	175	7	20	18	133	0
1.748	1	1	175	9	20	18	133	0
1.75	1	1	176	1	20	18	133	0
1.752	1	1	176	3	20	18	133	0
1.753	1	1	176	4	20	18	133	0
1.755	1	1	176	6	20	18	133	0
1.757	1	1	176	8	20	18	133	0
1.759	1	1	176	10	20	18	133	0
1.761	1	1	177	2	20	18	133	0
1.763	1	1	177	4	20	18	133	0
1.765	1	1	177	6	20	18	133	0
1.767	1	1	177	8	20	18	133	0
1.768	1	1	177	9	20	18	133	0
1.77	1	1	178	1	20	18	133	0
1.772	1	1	178	3	20	18	133	0
1.774	1	1	178	5	20	18	133	0
1.776	1	1	178	7	20	18	133	0
1.778	1	1	178	9	20	18	133	0
1.78	1	1	179	1	20	18	133	0
1.782	1	1	179	3	20	18	133	0
1.783	1	1	179	4	20	18	133	0
1.785	1	1	179	6	20	18	133	0
1.787	1	1	179	8	20	18	133	0
1.789	1	1	179	10	20	18	133	0
1.791	1	1	180	2	20	18	133	0
1.793	1	1	180	4	20	18	133	0
1.795	1	1	180	6	20	18	133	0
1.797	1	1	180	8	20	18	133	0
1.798	1	1	180	9	20	18	133	0
1.8	1	1	181	1	20	18	133	0
1.802	1	1	181	3	20	18	133	0
1.804	1	1	181	5	20	18	133	0
1.806	1	1	181	7	20	18	133	0
1.808	1	1	181	9	20	18	133	0
1.81	1	1	182	1	20	18	133	0
1.812	1	1	182	3	20	18	133	0
1.813	1	1	182	4	20	18	133	0
1.815	1	1	182	6	20	18	133	0
1.817	1	1	182	8	20	18	133	0
1.819	1	1	182	10	20	18	133	0
1.821	1	1	183	2	20	18	133	0
1.823	1	1	183	4	20	18	133	0
1.825	1	1	183	6	20	18	133	0
1.827	1	1	183	8	20	18	133	0
1.828	1	1	183	9	20	18	133	0
1.83	1	1	184	1	20	18	133	0
1.832	1	1	184	3	20	18	133	0
1.834	1	1	184	5	20	18	133	0
1.836	1	1	184	7	20	18	133	0
1.838	1	1	184	9	20	18	133	0
1.84	1	1	185	1	20	18	133	0
1.842	1	1	185	3	20	18	133	0
1.843	1	1	185	4	20	18	133	0
1.845	1	1	185	6	20	18	133	0
1.847	1	1	185	8	20	18	133	0
1.849	1	1	185	10	20	18	133	0
1.851	1	1	186	2	20	18	133	0
1.853	1	1	186	4	20	18	133	0
1.855	1	1	186	6	20	18	133	0
1.857	1	1	186	8	20	18	133	0
1.858	1	1	186	9	20	18	133	0
1.86	1	1	187	1	20	18	133	0
1.862	1	1	187	3	20	18	133	0
1.864	1	1	187	5	20	18	133	0
1.866	1	1	187	7	20	18	133	0
1.868	1	1	187	9	20	18	133	0
1.87	1	1	188	1	20	18	133	0
1.872	1	1	188	3	20	18	133	0
1.873	1	1	188	4	20	18	133	0
1.875	1	1	188	6	20	18	133	0
1.877	1	1	188	8	20	18	133	0
1.879	1	1	188	10	20	18	133	0
1.881	1	1	189	2	20	18	133	0
1.883	1	1	189	4	20	18	133	0
1.885	1	1	189	6	20	18	133	0
1.887	1	1	189	8	20	18	133	0
1.888	1	1	189	9	20	18	133	0
1.89	1	1	190	1	20	18	133	0
1.892	1	1	190	3	20	18	133	0
1.894	1	1	190	5	20	18	133	0
1.896	1	1	190	7	20	18	133	0
1.898	1	1	190	9	20	18	133	0
1.9	1	1	191	1	20	18	133	0
1.902	1	1	191	3	20	18	133	0
1.903	1	1	191	4	20	18	133	0
1.905	1	1	191	6	20	18	133	0
1.907	1	1	191	8	20	18	133	0
1.909	1	1	191	10	20	18	133	0
1.911	1	1	192	2	20	18	133	0
1.913	1	1	192	4	20	18	133	0
1.915	1	1	192	6	20	18	133	0
1.917	1	1	192	8	20	18	133	0
1.918	1	1	192	9	20	18	133	0
1.92	1	1	193	1	20	18	133	0
1.922	1	1	193	3	20	18	133	0
1.924	1	1	193	5	20	18	133	0
1.926	1	1	193	7	20	18	133	0
1.928	1	1	193	9	20	18	133	0
1.93	1	1	194	1	20	18	133	0
1.932	1	1	194	3	20	18	133	0
1.933	1	1	194	4	20	18	133	0
1.935	1	1	194	6	20	18	133	0
1.937	1	1	194	8	20	18	133	0
1.939	1	1	194	10	20	18	133	0
1.941	1	1	195	2	20	18	133	0
1.943	1	1	195	4	20	18	133	0
1.945	1	1	195	6	20	18	133	0
1.947	1	1	195	8	20	18	133	0
1.948	1	1	195	9	20	18	133	0
1.95	1	1	196	1	20	18	133	0
1.952	1	1	196	3	20	18	133	0
1.954	1	1	196	5	20	18	133	0
1.956	1	1	196	7	20	18	133	0
1.958	1	1	196	9	20	18	133	0
1.96	1	1	197	1	20	18	133	0
1.962	1	1	197	3	20	18	133	0
1.963	1	1	197	4	20	18	133	0
1.965	1	1	197	6	20	18	133	0
1.967	1	1	197	8	20	18	133	0
1.969	1	1	197	10	20	18	133	0
1.971	1	1	198	2	20	18	133	0
1.973	1	1	198	4	20	18	133	0
1.975	1	1	198	6	20	18	133	0
1.977	1	1	198	8	20	18	133	0
1.978	1	1	198	9	20	18	133	0
1.98	1	1	199	1	20	18	133	0
1.982	1	1	199	3	20	18	133	0
1.984	1	1	199	5	20	18	133	0
1.986	1	1	199	7	20	18	133	0
1.988	1	1	199	9	20	18	133	0
1.99	1	1	200	1	20	18	133	0
1.992	1	1	200	3	20	18	133	0
1.993	1	1	200	4	20	18	133	0
1.995	1	1	200	6	20	18	133	0
1.997	1	1	200	8	20	18	133	0
1.999	1	1	200	10	20	18	133	0
2.001	1	1	201	2	20	18	133	0
2.003	1	1	201	4	20	18	133	0
2.005	1	1	201	6	20	18	133	0
2.007	1	1	201	8	20	18	133	0
2.008	1	1	201	9	20	18	133	0
2.01	1	1	202	1	20	18	133	0
2.012	1	1	202	3	20	18	133	0
2.014	1	1	202	5	20	18	133	0
2.016	1	1	202	7	20	18	133	0
2.018	1	1	202	9	20	18	133	0
2.02	1	1	203	1	20	18	133	0
2.022	1	1	203	3	20	18	133	0
2.023	1	1	203	4	20	18	133	0
2.025	1	1	203	6	20	18	133	0
2.027	1	1	203	8	20	18	133	0
2.029	1	1	203	10	20	18	133	0
2.031	1	1	204	2	20	18	133	0
2.033	1	1	204	4	20	18	133	0
2.035	1	1	204	6	20	18	133	0
2.037	1	1	204	8	20	18	133	0
2.038	1	1	204	9	20	18	133	0
2.04	1	1	205	1	20	18	133	0
2.042	1	1	205	3	20	18	133	0
2.044	1	1	205	5	20	18	133	0
2.046	1	1	205	7	20	18	133	0
2.048	1	1	205	9	20	18	133	0
2.05	1	1	206	1	20	18	133	0
2.052	1	1	206	3	20	18	133	0
2.053	1	1	206	4	20	18	133	0
2.055	1	1	206	6	20	18	133	0
2.057	1	1	206	8	20	18	133	0
2.059	1	1	206	10	20	18	133	0
2.061	1	1	207	2	20	18	133	0
2.063	1	1	207	4	20	18	133	0
2.065	1	1	207	6	20	18	133	0
2.067	1	1	207	8	20	18	133	0
2.068	1	1	207	9	20	18	133	0
2.07	1	1	208	1	20	18	133	0
2.072	1	1	208	3	20	18	133	0
2.074	1	1	208	5	20	18	133	0
2.076	1	1	208	7	20	18	133	0
2.078	1	1	208	9	20	18	133	0
2.08	1	1	209	1	20	18	133	0
2.082	1	1	209	3	20	18	133	0
2.083	1	1	209	4	20	18	133	0
2.085	1	1	209	6	20	18	133	0
2.087	1	1	209	8	20	18	133	0
2.089	1	1	209	10	20	18	133	0
2.091	1	1	210	2	20	18	133	0
2.093	1	1	210	4	20	18	133	0
2.095	1	1	210	6	20	18	133	0
2.097	1	1	210	8	20	18	133	0
2.098	1	1	210	9	20	18	133	0
2.1	1	1	211	1	20	18	133	0
2.102	1	1	211	3	20	18	133	0
2.104	1	1	211	5	20	18	133	0
2.106	1	1	211	7	20	18	133	0
2.108	1	1	211	9	20	18	133	0
2.11	1	1	212	1	20	18	133	0
2.112	1	1	212	3	20	18	133	0
2.113	1	1	212	4	20	18	133	0
2.115	1	1	212	6	20	18	133	0
2.117	1	1	212	8	20	18	133	0
2.119	1	1	212	10	20	18	133	0
2.121	1	1	213	2	20	18	133	0
2.123	1	1	213	4	20	18	133	0
2.125	1	1	213	6	20	18	133	0
2.127	1	1	213	8	20	18	133	0
2.128	1	1	213	9	20	18	133	0
2.13	1	1	214	1	20	18	133	0
2.132	1	1	214	3	20	18	133	0
2.134	1	1	214	5	20	18	133	0
2.136	1	1	214	7	20	18	133	0
2.138	1	1	214	9	20	18	133	0
2.14	1	1	215	1	20	18	133	0
2.142	1	1	215	3	20	18	133	0
2.143	1	1	215	4	20	18	133	0
2.145	1	1	215	6	20	18	133	0
2.147	1	1	215	8	20	18	133	0
2.149	1	1	215	10	20	18	133	0
2.151	1	1	216	2	20	18	133	0
2.153	1	1	216	4	20	18	133	0
2.155	1	1	216	6	20	18	133	0
2.157	1	1	216	8	20	18	133	0
2.158	1	1	216	9	20	18	133	0
2.16	1	1	217	1	20	18	133	0
2.162	1	1	217	3	20	18	133	0
2.164	1	1	217	5	20	18	133	0
2.166	1	1	217	7	20	18	133	0
2.168	1	1	217	9	20	18	133	0
2.17	1	1	218	1	20	18	133	0
2.172	1	1	218	3	20	18	133	0
2.173	1	1	218	4	20	18	133	0
2.175	1	1	218	6	20	18	133	0
2.177	1	1	218	8	20	18	133	0
2.179	1	1	218	10	20	18	133	0
2.181	1	1	219	2	20	18	133	0
2.183	1	1	219	4	20	18	133	0
2.185	1	1	219	6	20	18	133	0
2.187	1	1	219	8	20	18	133	0
2.188	1	1	219	9	20	18	133	0
2.19	1	1	220	1	20	18	133	0
2.192	1	1	220	3	20	18	133	0
2.194	1	1	220	5	20	18	133	0
2.196	1	1	220	7	20	18	133	0
2.198	1	1	220	9	20	18	133	0
2.2	1	1	221	1	20	18	133	0
2.202	1	1	221	3	20	18	133	0
2.203	1	1	221	4	20	18	133	0
2.205	1	1	221	6	20	18	133	0
2.207	1	1	221	8	20	18	133	0
2.209	1	1	221	10	20	18	133	0
2.211	1	1	222	2	20	18	133	0
2.213	1	1	222	4	20	18	133	0
2.215	1	1	222	6	20	18	133	0
2.217	1	1	222	8	20	18	133	0
2.218	1	1	222	9	20	18	133	0
2.22	1	1	223	1	20	18	133	0
2.222	1	1	223	3	20	18	133	0
2.224	1	1	223	5	20	18	133	0
2.226	1	1	223	7	20	18	133	0
2.228	1	1	223	9	20	18	133	0
2.23	1	1	224	1	20	18	133	0
2.232	1	1	224	3	20	18	133	0
2.233	1	1	224	4	20	18	133	0
2.235	1	1	224	6	20	18	133	0
2.237	1	1	224	8	20	18	133	0
2.239	1	1	224	10	20	18	133	0
2.241	1	1	225	2	20	18	133	0
2.243	1	1	225	4	20	18	133	0
2.245	1	1	225	6	20	18	133	0
2.247	1	1	225	8	20	18	133	0
2.248	1	1	225	9	20	18	133	0
2.25	1	1	226	1	20	18	133	0
2.252	1	1	226	3	20	18	133	0
2.254	1	1	226	5	20	18	133	0
2.256	1	1	226	7	20	18	133	0
2.258	1	1	226	9	20	18	133	0
2.26	1	1	227	1	20	18	133	0
2.262	1	1	227	3	20	18	133	0
2.263	1	1	227	4	20	18	133	0
2.265	1	1	227	6	20	18	133	0
2.267	1	1	227	8	20	18	133	0
2.269	1	1	227	10	20	18	133	0
2.271	1	1	228	2	20	18	133	0
2.273	1	1	228	4	20	18	133	0
2.275	1	1	228	6	20	18	133	0
2.277	1	1	228	8	20	18	133	0
2.278	1	1	228	9	20	18	133	0
2.28	1	1	229	1	20	18	133	0
2.282	1	1	229	3	20	18	133	0
2.284	1	1	229	5	20	18	133	0
2.286	1	1	229	7	20	18	133	0
2.288	1	1	229	9	20	18	133	0
2.29	1	1	230	1	20	18	133	0
2.292	1	1	230	3	20	18	133	0
2.293	1	1	230	4	20	18	133	0
2.295	1	1	230	6	20	18	133	0
2.297	1	1	230	8	20	18	133	0
2.299	1	1	230	10	20	18	133	0
2.301	1	1	231	2	20	18	133	0
2.303	1	1	231	4	20	18	133	0
2.305	1	1	231	6	20	18	133	0
2.307	1	1	231	8	20	18	133	0
2.308	1	1	231	9	20	18	133	0
2.31	1	1	232	1	20	18	133	0
2.312	1	1	232	3	20	18	133	0
2.314	1	1	232	5	20	18	133	0
2.316	1	1	232	7	20	18	133	0
2.318	1	1	232	9	20	18	133	0
2.32	1	1	233	1	20	18	133	0
2.322	1	1	233	3	20	18	133	0
2.323	1	1	233	4	20	18	133	0
2.325	1	1	233	6	20	18	133	0
2.327	1	1	233	8	20	18	133	0
2.329	1	1	233	10	20	18	133	0
2.331	1	1	234	2	20	18	133	0
2.333	1	1	234	4	20	18	133	0
2.335	1	1	234	6	20	18	133	0
2.337	1	1	234	8	20	18	133	0
2.338	1	1	234	9	20	18	133	0
2.34	1	1	235	1	20	18	133	0
2.342	1	1	235	3	20	18	133	0
2.344	1	1	235	5	20	18	133	0
2.346	1	1	235	7	20	18	133	0
2.348	1	1	235	9	20	18	133	0
2.35	1	1	236	1	20	18	133	0
2.352	1	1	236	3	20	18	133	0
2.353	1	1	236	4	20	18	133	0
2.355	1	1	236	6	20	18	133	0
2.357	1	1	236	8	20	18	133	0
2.359	1	1	236	10	20	18	133	0
2.361	1	1	237	2	20	18	133	0
2.363	1	1	237	4	20	18	133	0
2.365	1	1	237	6	20	18	133	0
2.367	1	1	237	8	20	18	133	0
2.368	1	1	237	9	20	18	133	0
2.37	1	1	238	1	20	18	133	0
2.372	1	1	238	3	20	18	133	0
2.374	1	1	238	5	20	18	133	0
2.376	1	1	238	7	20	18	133	0
2.378	1	1	238	9	20	18	133	0
2.38	1	1	239	1	20	18	133	0
2.382	1	1	239	3	20	18	133	0
2.383	1	1	239	4	20	18	133	0
2.385	1	1	239	6	20	18	133	0
2.387	1	1	239	8	20	18	133	0
2.389	1	1	239	10	20	18	133	0
2.391	1	1	240	2	20	18	133	0
2.393	1	1	240	4	20	18	133	0
2.395	1	1	240	6	20	18	133	0
2.397	1	1	240	8	20	18	133	0
2.398	1	1	240	9	20	18	133	0
2.4	1	1	241	1	20	18	133	0
2.402	1	1	241	3	20	18	133	0
2.404	1	1	241	5	20	18	133	0
2.406	1	1	241	7	20	18	133	0
2.408	1	1	241	9	20	18	133	0
2.41	1	1	242	1	20	18	133	0
2.412	1	1	242	3	20	18	133	0
2.413	1	1	242	4	20	18	133	0
2.415	1	1	242	6	20	18	133	0
2.417	1	1	242	8	20	18	133	0
2.419	1	1	242	10	20	18	133	0
2.421	1	1	243	2	20	18	133	0
2.423	1	1	243	4	20	18	133	0
2.425	1	1	243	6	20	18	133	0
2.427	1	1	243	8	20	18	133	0
2.428	1	1	243	9	20	18	133	0
2.43	1	1	244	1	20	18	133	0
2.432	1	1	244	3	20	18	133	0
2.434	1	1	244	5	20	18	133	0
2.436	1	1	244	7	20	18	133	0
2.438	1	1	244	9	20	18	133	0
2.44	1	1	245	1	20	18	133	0
2.442	1	1	245	3	20	18	133	0
2.443	1	1	245	4	20	18	133	0
2.445	1	1	245	6	20	18	133	0
2.447	1	1	245	8	20	18	133	0
2.449	1	1	245	10	20	18	133	0
2.451	1	1	246	2	20	18	133	0
2.453	1	1	246	4	20	18	133	0
2.455	1	1	246	6	20	18	133	0
2.457	1	1	246	8	20	18	133	0
2.458	1	1	246	9	20	18	133	0
2.46	1	1	247	1	20	18	133	0
2.462	1	1	247	3	20	18	133	0
2.464	1	1	247	5	20	18	133	0
2.466	1	1	247	7	20	18	133	0
2.468	1	1	247	9	20	18	133	0
2.47	1	1	248	1	20	18	133	0
2.472	1	1	248	3	20	18	133	0
2.473	1	1	248	4	20	18	133	0
2.475	1	1	248	6	20	18	133	0
2.477	1	1	248	8	20	18	133	0
2.479	1	1	248	10	20	18	133	0
2.481	1	1	249	2	20	18	133	0
2.483	1	1	249	4	20	18	133	0
2.485	1	1	249	6	20	18	133	0
2.487	1	1	249	8	20	18	133	0
2.488	1	1	249	9	20	18	133	0
2.49	1	1	250	1	20	18	133	0
2.492	1	1	250	3	20	18	133	0
2.494	1	1	250	5	20	18	133	0
2.496	1	1	250	7	20	18	133	0
2.498	1	1	250	9	20	18	133	0
2.5	1	1	251	1	20	18	133	0
2.502	1	1	251	3	20	18	133	0
2.503	1	1	251	4	20	18	133	0
2.505	1	1	251	6	20	18	133	0
2.507	1	1	251	8	20	18	133	0
2.509	1	1	251	10	20	18	133	0
2.511	1	1	252	2	20	18	133	0
2.513	1	1	252	4	20	18	133	0
2.515	1	1	252	6	20	18	133	0
2.517	1	1	252	8	20	18	133	0
2.518	1	1	252	9	20	18	133	0
2.52	1	1	253	1	20	18	133	0
2.522	1	1	253	3	20	18	133	0
2.524	1	1	253	5	20	18	133	0
2.526	1	1	253	7	20	18	133	0
2.528	1	1	253	9	20	18	133	0
2.53	1	1	254	1	20	18	133	0
2.532	1	1	254	3	20	18	133	0
2.533	1	1	254	4	20	18	133	0
2.535	1	1	254	6	20	18	133	0
2.537	1	1	254	8	20	18	133	0
2.539	1	1	254	10	20	18	133	0
2.541	1	1	255	2	20	18	133	0
2.543	1	1	255	4	20	18	133	0
2.545	1	1	255	6	20	18	133	0
2.547	1	1	255	8	20	18	133	0
2.548	1	1	255	9	20	18	133	0
2.55	1	1	256	1	20	18	133	0
2.552	1	1	256	3	20	18	133	0
2.554	1	1	256	5	20	18	133	0
2.556	1	1	256	7	20	18	133	0
2.558	1	1	256	9	20	18	133	0
2.56	1	1	257	1	20	18	133	0
2.562	1	1	257	3	20	18	133	0
2.563	1	1	257	4	20	18	133	0
2.565	1	1	257	6	20	18	133	0
2.567	1	1	257	8	20	18	133	0
2.569	1	1	257	10	20	18	133	0
2.571	1	1	258	2	20	18	133	0
2.573	1	1	258	4	20	18	133	0
2.575	1	1	258	6	20	18	133	0
2.577	1	1	258	8	20	18	133	0
2.578	1	1	258	9	20	18	133	0
2.58	1	1	259	1	20	18	133	0
2.582	1	1	259	3	20	18	133	0
2.584	1	1	259	5	20	18	133	0
2.586	1	1	259	7	20	18	133	0
2.588	1	1	259	9	20	18	133	0
2.59	1	1	260	1	20	18	133	0
2.592	1	1	260	3	20	18	133	0
2.593	1	1	260	4	20	18	133	0
2.595	1	1	260	6	20	18	133	0
2.597	1	1	260	8	20	18	133	0
2.599	1	1	260	10	20	18	133	0
2.601	1	1	261	2	20	18	133	0
2.603	1	1	261	4	20	18	133	0
2.605	1	1	261	6	20	18	133	0
2.607	1	1	261	8	20	18	133	0
2.608	1	1	261	9	20	18	133	0
2.61	1	1	262	1	20	18	133	0
2.612	1	1	262	3	20	18	133	0
2.614	1	1	262	5	20	18	133	0
2.616	1	1	262	7	20	18	133	0
2.618	1	1	262	9	20	18	133	0
2.62	1	1	263	1	20	18	133	0
2.622	1	1	263	3	20	18	133	0
2.623	1	1	263	4	20	18	133	0
2.625	1	1	263	6	20	18	133	0
2.627	1	1	263	8	20	18	133	0
2.629	1	1	263	10	20	18	133	0
2.631	1	1	264	2	20	18	133	0
2.633	1	1	264	4	20	18	133	0
2.635	1	1	264	6	20	18	133	0
2.637	1	1	264	8	20	18	133	0
2.638	1	1	264	9	20	18	133	0
2.64	1	1	265	1	20	18	133	0
2.642	1	1	265	3	20	18	133	0
2.644	1	1	265	5	20	18	133	0
2.646	1	1	265	7	20	18	133	0
2.648	1	1	265	9	20	18	133	0
2.65	1	1	266	1	20	18	133	0
2.652	1	1	266	3	20	18	133	0
2.653	1	1	266	4	20	18	133	0
2.655	1	1	266	6	20	18	133	0
2.657	1	1	266	8	20	18	133	0
2.659	1	1	266	10	20	18	133	0
2.661	1	1	267	2	20	18	133	0
2.663	1	1	267	4	20	18	133	0
2.665	1	1	267	6	20	18	133	0
2.667	1	1	267	8	20	18	133	0
2.668	1	1	267	9	20	18	133	0
2.67	1	1	268	1	20	18	133	0
2.672	1	1	268	3	20	18	133	0
2.674	1	1	268	5	20	18	133	0
2.676	1	1	268	7	20	18	133	0
2.678	1	1	268	9	20	18	133	0
2.68	1	1	269	1	20	18	133	0
2.682	1	1	269	3	20	18	133	0
2.683	1	1	269	4	20	18	133	0
2.685	1	1	269	6	20	18	133	0
2.687	1	1	269	8	20	18	133	0
2.689	1	1	269	10	20	18	133	0
2.691	1	1	270	2	20	18	133	0
2.693	1	1	270	4	20	18	133	0
2.695	1	1	270	6	20	18	133	0
2.697	1	1	270	8	20	18	133	0
2.698	1	1	270	9	20	18	133	0
2.7	1	1	271	1	20	18	133	0
2.702	1	1	271	3	20	18	133	0
2.704	1	1	271	5	20	18	133	0
2.706	1	1	271	7	20	18	133	0
2.708	1	1	271	9	20	18	133	0
2.71	1	1	272	1	20	18	133	0
2.712	1	1	272	3	20	18	133	0
2.713	1	1	272	4	20	18	133	0
2.715	1	1	272	6	20	18	133	0
2.717	1	1	272	8	20	18	133	0
2.719	1	1	272	10	20	18	133	0
2.721	1	1	273	2	20	18	133	0
2.723	1	1	273	4	20	18	133	0
2.725	1	1	273	6	20	18	133	0
2.727	1	1	273	8	20	18	133	0
2.728	1	1	273	9	20	18	133	0
2.73	1	1	274	1	20	18	133	0
2.732	1	1	274	3	20	18	133	0
2.734	1	1	274	5	20	18	133	0
2.736	1	1	274	7	20	18	133	0
2.738	1	1	274	9	20	18	133	0
2.74	1	1	275	1	20	18	133	0
2.742	1	1	275	3	20	18	133	0
2.743	1	1	275	4	20	18	133	0
2.745	1	1	275	6	20	18	133	0
2.747	1	1	275	8	20	18	133	0
2.749	1	1	275	10	20	18	133	0
2.751	1	1	276	2	20	18	133	0
2.753	1	1	276	4	20	18	133	0
2.755	1	1	276	6	20	18	133	0
2.757	1	1	276	8	20	18	133	0
2.758	1	1	276	9	20	18	133	0
2.76	1	1	277	1	20	18	133	0
2.762	1	1	277	3	20	18	133	0
2.764	1	1	277	5	20	18	133	0
2.766	1	1	277	7	20	18	133	0
2.768	1	1	277	9	20	18	133	0
2.77	1	1	278	1	20	18	133	0
2.772	1	1	278	3	20	18	133	0
2.773	1	1	278	4	20	18	133	0
2.775	1	1	278	6	20	18	133	0
2.777	1	1	278	8	20	18	133	0
2.779	1	1	278	10	20	18	133	0
2.781	1	1	279	2	20	18	133	0
2.783	1	1	279	4	20	18	133	0
2.785	1	1	279	6	20	18	133	0
2.787	1	1	279	8	20	18	133	0
2.788	1	1	279	9	20	18	133	0
2.79	1	1	280	1	20	18	133	0
2.792	1	1	280	3	20	18	133	0
2.794	1	1	280	5	20	18	133	0
2.796	1	1	280	7	20	18	133	0
2.798	1	1	280	9	20	18	133	0
2.8	1	1	281	1	20	18	133	0
2.802	1	1	281	3	20	18	133	0
2.803	1	1	281	4	20	18	133	0
2.805	1	1	281	6	20	18	133	0
2.807	1	1	281	8	20	18	133	0
2.809	1	1	281	10	20	18	133	0
2.811	1	1	282	2	20	18	133	0
2.813	1	1	282	4	20	18	133	0
2.815	1	1	282	6	20	18	133	0
2.817	1	1	282	8	20	18	133	0
2.818	1	1	282	9	20	18	133	0
2.82	1	1	283	1	20	18	133	0
2.822	1	1	283	3	20	18	133	0
2.824	1	1	283	5	20	18	133	0
2.826	1	1	283	7	20	18	133	0
2.828	1	1	283	9	20	18	133	0
2.83	1	1	284	1	20	18	133	0
2.832	1	1	284	3	20	18	133	0
2.833	1	1	284	4	20	18	133	0
2.835	1	1	284	6	20	18	133	0
2.837	1	1	284	8	20	18	133	0
2.839	1	1	284	10	20	18	133	0
2.841	1	1	285	2	20	18	133	0
2.843	1	1	285	4	20	18	133	0
2.845	1	1	285	6	20	18	133	0
2.847	1	1	285	8	20	18	133	0
2.848	1	1	285	9	20	18	133	0
2.85	1	1	286	1	20	18	133	0
2.852	1	1	286	3	20	18	133	0
2.854	1	1	286	5	20	18	133	0
2.856	1	1	286	7	20	18	133	0
2.858	1	1	286	9	20	18	133	0
2.86	1	1	287	1	20	18	133	0
2.862	1	1	287	3	20	18	133	0
2.863	1	1	287	4	20	18	133	0
2.865	1	1	287	6	20	18	133	0
2.867	1	1	287	8	20	18	133	0
2.869	1	1	287	10	20	18	133	0
2.871	1	1	288	2	20	18	133	0
2.873	1	1	288	4	20	18	133	0
2.875	1	1	288	6	20	18	133	0
2.877	1	1	288	8	20	18	133	0
2.878	1	1	288	9	20	18	133	0
2.88	1	1	289	1	20	18	133	0
2.882	1	1	289	3	20	18	133	0
2.884	1	1	289	5	20	18	133	0
2.886	1	1	289	7	20	18	133	0
2.888	1	1	289	9	20	18	133	0
2.89	1	1	290	1	20	18	133	0
2.892	1	1	290	3	20	18	133	0
2.893	1	1	290	4	20	18	133	0
2.895	1	1	290	6	20	18	133	0
2.897	1	1	290	8	20	18	133	0
2.899	1	1	290	10	20	18	133	0
2.901	1	1	291	2	20	18	133	0
2.903	1	1	291	4	20	18	133	0
2.905	1	1	291	6	20	18	133	0
2.907	1	1	291	8	20	18	133	0
2.908	1	1	291	9	20	18	133	0
2.91	1	1	292	1	20	18	133	0
2.912	1	1	292	3	20	18	133	0
2.914	1	1	292	5	20	18	133	0
2.916	1	1	292	7	20	18	133	0
2.918	1	1	292	9	20	18	133	0
2.92	1	1	293	1	20	18	133	0
2.922	1	1	293	3	20	18	133	0
2.923	1	1	293	4	20	18	133	0
2.925	1	1	293	6	20	18	133	0
2.927	1	1	293	8	20	18	133	0
2.929	1	1	293	10	20	18	133	0
2.931	1	1	294	2	20	18	133	0
2.933	1	1	294	4	20	18	133	0
2.935	1	1	294	6	20	18	133	0
2.937	1	1	294	8	20	18	133	0
2.938	1	1	294	9	20	18	133	0
2.94	1	1	295	1	20	18	133	0
2.942	1	1	295	3	20	18	133	0
2.944	1	1	295	5	20	18	133	0
2.946	1	1	295	7	20	18	133	0
2.948	1	1	295	9	20	18	133	0
2.95	1	1	296	1	20	18	133	0
2.952	1	1	296	3	20	18	133	0
2.953	1	1	296	4	20	18	133	0
2.955	1	1	296	6	20	18	133	0
2.957	1	1	296	8	20	18	133	0
2.959	1	1	296	10	20	18	133	0
2.961	1	1	297	2	20	18	133	0
2.963	1	1	297	4	20	18	133	0
2.965	1	1	297	6	20	18	133	0
2.967	1	1	297	8	20	18	133	0
2.968	1	1	297	9	20	18	133	0
2.97	1	1	298	1	20	18	133	0
2.972	1	1	298	3	20	18	133	0
2.974	1	1	298	5	20	18	133	0
2.976	1	1	298	7	20	18	133	0
2.978	1	1	298	9	20	18	133	0
2.98	1	1	299	1	20	18	133	0
2.982	1	1	299	3	20	18	133	0
2.983	1	1	299	4	20	18	133	0
2.985	1	1	299	6	20	18	133	0
2.987	1	1	299	8	20	18	133	0
2.989	1	1	299	10	20	18	133	0
2.991	1	1	300	2	20	18	133	0
2.993	1	1	300	4	20	18	133	0
2.995	1	1	300	6	20	18	133	0
2.997	1	1	300	8	20	18	133	0
2.998	1	1	300	9	20	18	133	0
3	1	1	301	1	20	18	133	0
3.002	1	1	301	3	20	18	133	0
3.004	1	1	301	5	20	18	133	0
3.006	1	1	301	7	20	18	133	0
3.008	1	1	301	9	20	18	133	0
3.01	1	1	302	1	20	18	133	0
3.012	1	1	302	3	20	18	133	0
3.013	1	1	302	4	20	18	133	0
3.015	1	1	302	6	20	18	133	0
3.017	1	1	302	8	20	18	133	0
3.019	1	1	302	10	20	18	133	0
3.021	1	1	303	2	20	18	133	0
3.023	1	1	303	4	20	18	133	0
3.025	1	1	303	6	20	18	133	0
3.027	1	1	303	8	20	18	133	0
3.028	1	1	303	9	20	18	133	0
3.03	1	1	304	1	20	18	133	0
3.032	1	1	304	3	20	18	133	0
3.034	1	1	304	5	20	18	133	0
3.036	1	1	304	7	20	18	133	0
3.038	1	1	304	9	20	18	133	0
3.04	1	1	305	1	20	18	133	0
3.042	1	1	305	3	20	18	133	0
3.043	1	1	305	4	20	18	133	0
3.045	1	1	305	6	20	18	133	0
3.047	1	1	305	8	20	18	133	0
3.049	1	1	305	10	20	18	133	0
3.051	1	1	306	2	20	18	133	0
3.053	1	1	306	4	20	18	133	0
3.055	1	1	306	6	20	18	133	0
3.057	1	1	306	8	20	18	133	0
3.058	1	1	306	9	20	18	133	0
3.06	1	1	307	1	20	18	133	0
3.062	1	1	307	3	20	18	133	0
3.064	1	1	307	5	20	18	133	0
3.066	1	1	307	7	20	18	133	0
3.068	1	1	307	9	20	18	133	0
3.07	1	1	308	1	20	18	133	0
3.072	1	1	308	3	20	18	133	0
3.073	1	1	308	4	20	18	133	0
3.075	1	1	308	6	20	18	133	0
3.077	1	1	308	8	20	18	133	0
3.079	1	1	308	10	20	18	133	0
3.081	1	1	309	2	20	18	133	0
3.083	1	1	309	4	20	18	133	0
3.085	1	1	309	6	20	18	133	0
3.087	1	1	309	8	20	18	133	0
3.088	1	1	309	9	20	18	133	0
3.09	1	1	310	1	20	18	133	0
3.092	1	1	310	3	20	18	133	0
3.094	1	1	310	5	20	18	133	0
3.096	1	1	310	7	20	18	133	0
3.098	1	1	310	9	20	18	133	0
3.1	1	1	311	1	20	18	133	0
3.102	1	1	311	3	20	18	133	0
3.103	1	1	311	4	20	18	133	0
3.105	1	1	311	6	20	18	133	0
3.107	1	1	311	8	20	18	133	0
3.109	1	1	311	10	20	18	133	0
3.111	1	1	312	2	20	18	133	0
3.113	1	1	312	4	20	18	133	0
3.115	1	1	312	6	20	18	133	0
3.117	1	1	312	8	20	18	133	0
3.118	1	1	312	9	20	18	133	0
3.12	1	1	313	1	20	18	133	0
3.122	1	1	313	3	20	18	133	0
3.124	1	1	313	5	20	18	133	0
3.126	1	1	313	7	20	18	133	0
3.128	1	1	313	9	20	18	133	0
3.13	1	1	314	1	20	18	133	0
3.132	1	1	314	3	20	18	133	0
3.133	1	1	314	4	20	18	133	0
3.135	1	1	314	6	20	18	133	0
3.137	1	1	314	8	20	18	133	0
3.139	1	1	314	10	20	18	133	0
3.141	1	1	315	2	20	18	133	0
3.143	1	1	315	4	20	18	133	0
3.145	1	1	315	6	20	18	133	0
3.147	1	1	315	8	20	18	133	0
3.148	1	1	315	9	20	18	133	0
3.15	1	1	316	1	20	18	133	0
3.152	1	1	316	3	20	18	133	0
3.154	1	1	316	5	20	18	133	0
3.156	1	1	316	7	20	18	133	0
3.158	1	1	316	9	20	18	133	0
3.16	1	1	317	1	20	18	133	0
3.162	1	1	317	3	20	18	133	0
3.163	1	1	317	4	20	18	133	0
3.165	1	1	317	6	20	18	133	0
3.167	1	1	317	8	20	18	133	0
3.169	1	1	317	10	20	18	133	0
3.171	1	1	318	2	20	18	133	0
3.173	1	1	318	4	20	18	133	0
3.175	1	1	318	6	20	18	133	0
3.177	1	1	318	8	20	18	133	0
3.178	1	1	318	9	20	18	133	0
3.18	1	1	319	1	20	18	133	0
3.182	1	1	319	3	20	18	133	0
3.184	1	1	319	5	20	18	133	0
3.186	1	1	319	7	20	18	133	0
3.188	1	1	319	9	20	18	133	0
3.19	1	1	320	1	20	18	133	0
3.192	1	1	320	3	20	18	133	0
3.193	1	1	320	4	20	18	133	0
3.195	1	1	320	6	20	18	133	0
3.197	1	1	320	8	20	18	133	0
3.199	1	1	320	10	20	18	133	0
3.201	1	1	321	2	20	18	133	0
3.203	1	1	321	4	20	18	133	0
3.205	1	1	321	6	20	18	133	0
3.207	1	1	321	8	20	18	133	0
3.208	1	1	321	9	20	18	133	0
3.21	1	1	322	1	20	18	133	0
3.212	1	1	322	3	20	18	133	0
3.214	1	1	322	5	20	18	133	0
3.216	1	1	322	7	20	18	133	0
3.218	1	1	322	9	20	18	133	0
3.22	1	1	323	1	20	18	133	0
3.222	1	1	323	3	20	18	133	0
3.223	1	1	323	4	20	18	133	0
3.225	1	1	323	6	20	18	133	0
3.227	1	1	323	8	20	18	133	0
3.229	1	1	323	10	20	18	133	0
3.231	1	1	324	2	20	18	133	0
3.233	1	1	324	4	20	18	133	0
3.235	1	1	324	6	20	18	133	0
3.237	1	1	324	8	20	18	133	0
3.238	1	1	324	9	20	18	133	0
3.24	1	1	325	1	20	18	133	0
3.242	1	1	325	3	20	18	133	0
3.244	1	1	325	5	20	18	133	0
3.246	1	1	325	7	20	18	133	0
3.248	1	1	325	9	20	18	133	0
3.25	1	1	326	1	20	18	133	0
3.252	1	1	326	3	20	18	133	0
3.253	1	1	326	4	20	18	133	0
3.255	1	1	326	6	20	18	133	0
3.257	1	1	326	8	20	18	133	0
3.259	1	1	326	10	20	18	133	0
3.261	1	1	327	2	20	18	133	0
3.263	1	1	327	4	20	18	133	0
3.265	1	1	327	6	20	18	133	0
3.267	1	1	327	8	20	18	133	0
3.268	1	1	327	9	20	18	133	0
3.27	1	1	328	1	20	18	133	0
3.272	1	1	328	3	20	18	133	0
3.274	1	1	328	5	20	18	133	0
3.276	1	1	328	7	20	18	133	0
3.278	1	1	328	9	20	18	133	0
3.28	1	1	329	1	20	18	133	0
3.282	1	1	329	3	20	18	133	0
3.283	1	1	329	4	20	18	133	0
3.285	1	1	329	6	20	18	133	0
3.287	1	1	329	8	20	18	133	0
3.289	1	1	329	10	20	18	133	0
3.291	1	1	330	2	20	18	133	0
3.293	1	1	330	4	20	18	133	0
3.295	1	1	330	6	20	18	133	0
3.297	1	1	330	8	20	18	133	0
3.298	1	1	330	9	20	18	133	0
3.3	1	1	331	1	20	18	133	0
3.302	1	1	331	3	20	18	133	0
3.304	1	1	331	5	20	18	133	0
3.306	1	1	331	7	20	18	133	0
3.308	1	1	331	9	20	18	133	0
3.31	1	1	332	1	20	18	133	0
3.312	1	1	332	3	20	18	133	0
3.313	1	1	332	4	20	18	133	0
3.315	1	1	332	6	20	18	133	0
3.317	1	1	332	8	20	18	133	0
3.319	1	1	332	10	20	18	133	0
3.321	1	1	333	2	20	18	133	0
3.323	1	1	333	4	20	18	133	0
3.325	1	1	333	6	20	18	133	0
3.327	1	1	333	8	20	18	133	0
3.328	1	1	333	9	20	18	133	0
3.33	1	1	334	1	20	18	133	0
3.332	1	1	334	3	20	18	133	0
3.334	1	1	334	5	20	18	133	0
3.336	1	1	334	7	20	18	133	0
3.338	1	1	334	9	20	18	133	0
3.34	1	1	335	1	20	18	133	0
3.342	1	1	335	3	20	18	133	0
3.343	1	1	335	4	20	18	133	0
3.345	1	1	335	6	20	18	133	0
3.347	1	1	335	8	20	18	133	0
3.349	1	1	335	10	20	18	133	0
3.351	1	1	336	2	20	18	133	0
3.353	1	1	336	4	20	18	133	0
3.355	1	1	336	6	20	18	133	0
3.357	1	1	336	8	20	18	133	0
3.358	1	1	336	9	20	18	133	0
3.36	1	1	337	1	20	18	133	0
3.362	1	1	337	3	20	18	133	0
3.364	1	1	337	5	20	18	133	0
3.366	1	1	337	7	20	18	133	0
3.368	1	1	337	9	20	18	133	0
3.37	1	1	338	1	20	18	133	0
3.372	1	1	338	3	20	18	133	0
3.373	1	1	338	4	20	18	133	0
3.375	1	1	338	6	20	18	133	0
3.377	1	1	338	8	20	18	133	0
3.379	1	1	338	10	20	18	133	0
3.381	1	1	339	2	20	18	133	0
3.383	1	1	339	4	20	18	133	0
3.385	1	1	339	6	20	18	133	0
3.387	1	1	339	8	20	18	133	0
3.388	1	1	339	9	20	18	133	0
3.39	1	1	340	1	20	18	133	0
3.392	1	1	340	3	20	18	133	0
3.394	1	1	340	5	20	18	133	0
3.396	1	1	340	7	20	18	133	0
3.398	1	1	340	9	20	18	133	0
3.4	1	1	341	1	20	18	133	0
3.402	1	1	341	3	20	18	133	0
3.403	1	1	341	4	20	18	133	0
3.405	1	1	341	6	20	18	133	0
3.407	1	1	341	8	20	18	133	0
3.409	1	1	341	10	20	18	133	0
3.411	1	1	342	2	20	18	133	0
3.413	1	1	342	4	20	18	133	0
3.415	1	1	342	6	20	18	133	0
3.417	1	1	342	8	20	18	133	0
3.418	1	1	342	9	20	18	133	0
3.42	1	1	343	1	20	18	133	0
3.422	1	1	343	3	20	18	133	0
3.424	1	1	343	5	20	18	133	0
3.426	1	1	343	7	20	18	133	0
3.428	1	1	343	9	20	18	133	0
3.43	1	1	344	1	20	18	133	0
3.432	1	1	344	3	20	18	133	0
3.433	1	1	344	4	20	18	133	0
3.435	1	1	344	6	20	18	133	0
3.437	1	1	344	8	20	18	133	0
3.439	1	1	344	10	20	18	133	0
3.441	1	1	345	2	20	18	133	0
3.443	1	1	345	4	20	18	133	0
3.445	1	1	345	6	20	18	133	0
3.447	1	1	345	8	20	18	133	0
3.448	1	1	345	9	20	18	133	0
3.45	1	1	346	1	20	18	133	0
3.452	1	1	346	3	20	18	133	0
3.454	1	1	346	5	20	18	133	0
3.456	1	1	346	7	20	18	133	0
3.458	1	1	346	9	20	18	133	0
3.46	1	1	347	1	20	18	133	0
3.462	1	1	347	3	20	18	133	0
3.463	1	1	347	4	20	18	133	0
3.465	1	1	347	6	20	18	133	0
3.467	1	1	347	8	20	18	133	0
3.469	1	1	347	10	20	18	133	0
3.471	1	1	348	2	20	18	133	0
3.473	1	1	348	4	20	18	133	0
3.475	1	1	348	6	20	18	133	0
3.477	1	1	348	8	20	18	133	0
3.478	1	1	348	9	20	18	133	0
3.48	1	1	349	1	20	18	133	0
3.482	1	1	349	3	20	18	133	0
3.484	1	1	349	5	20	18	133	0
3.486	1	1	349	7	20	18	133	0
3.488	1	1	349	9	20	18	133	0
3.49	1	1	350	1	20	18	133	0
3.492	1	1	350	3	20	18	133	0
3.493	1	1	350	4	20	18	133	0
3.495	1	1	350	6	20	18	133	0
3.497	1	1	350	8	20	18	133	0
3.499	1	1	350	10	20	18	133	0
3.501	1	1	351	2	20	18	133	0
3.503	1	1	351	4	20	18	133	0
3.505	1	1	351	6	20	18	133	0
3.507	1	1	351	8	20	18	133	0
3.508	1	1	351	9	20	18	133	0
3.51	1	1	352	1	20	18	133	0
3.512	1	1	352	3	20	18	133	0
3.514	1	1	352	5	20	18	133	0
3.516	1	1	352	7	20	18	133	0
3.518	1	1	352	9	20	18	133	0
3.52	1	1	353	1	20	18	133	0
3.522	1	1	353	3	20	18	133	0
3.523	1	1	353	4	20	18	133	0
3.525	1	1	353	6	20	18	133	0
3.527	1	1	353	8	20	18	133	0
3.529	1	1	353	10	20	18	133	0
3.531	1	1	354	2	20	18	133	0
3.533	1	1	354	4	20	18	133	0
3.535	1	1	354	6	20	18	133	0
3.537	1	1	354	8	20	18	133	0
3.538	1	1	354	9	20	18	133	0
3.54	1	1	355	1	20	18	133	0
3.542	1	1	355	3	20	18	133	0
3.544	1	1	355	5	20	18	133	0
3.546	1	1	355	7	20	18	133	0
3.548	1	1	355	9	20	18	133	0
3.55	1	1	356	1	20	18	133	0
3.552	1	1	356	3	20	18	133	0
3.553	1	1	356	4	20	18	133	0
3.555	1	1	356	6	20	18	133	0
3.557	1	1	356	8	20	18	133	0
3.559	1	1	356	10	20	18	133	0
3.561	1	1	357	2	20	18	133	0
3.563	1	1	357	4	20	18	133	0
3.565	1	1	357	6	20	18	133	0
3.567	1	1	357	8	20	18	133	0
3.568	1	1	357	9	20	18	133	0
3.57	1	1	358	1	20	18	133	0
3.572	1	1	358	3	20	18	133	0
3.574	1	1	358	5	20	18	133	0
3.576	1	1	358	7	20	18	133	0
3.578	1	1	358	9	20	18	133	0
3.58	1	1	359	1	20	18	133	0
3.582	1	1	359	3	20	18	133	0
3.583	1	1	359	4	20	18	133	0
3.585	1	1	359	6	20	18	133	0
3.587	1	1	359	8	20	18	133	0
3.589	1	1	359	10	20	18	133	0
3.591	1	1	360	2	20	18	133	0
3.593	1	1	360	4	20	18	133	0
3.595	1	1	360	6	20	18	133	0
3.597	1	1	360	8	20	18	133	0
3.598	1	1	360	9	20	18	133	0
3.6	1	1	361	1	20	18	133	0
3.602	1	1	361	3	20	18	133	0
3.604	1	1	361	5	20	18	133	0
3.606	1	1	361	7	20	18	133	0
3.608	1	1	361	9	20	18	133	0
3.61	1	1	362	1	20	18	133	0
3.612	1	1	362	3	20	18	133	0
3.613	1	1	362	4	20	18	133	0
3.615	1	1	362	6	20	18	133	0
3.617	1	1	362	8	20	18	133	0
3.619	1	1	362	10	20	18	133	0
3.621	1	1	363	2	20	18	133	0
3.623	1	1	363	4	20	18	133	0
3.625	1	1	363	6	20	18	133	0
3.627	1	1	363	8	20	18	133	0
3.628	1	1	363	9	20	18	133	0
3.63	1	1	364	1	20	18	133	0
3.632	1	1	364	3	20	18	133	0
3.634	1	1	364	5	20	18	133	0
3.636	1	1	364	7	20	18	133	0
3.638	1	1	364	9	20	18	133	0
3.64	1	1	365	1	20	18	133	0
3.642	1	1	365	3	20	18	133	0
3.643	1	1	365	4	20	18	133	0
3.645	1	1	365	6	20	18	133	0
3.647	1	1	365	8	20	18	133	0
3.649	1	1	365	10	20	18	133	0
3.651	1	1	366	2	20	18	133	0
3.653	1	1	366	4	20	18	133	0
3.655	1	1	366	6	20	18	133	0
3.657	1	1	366	8	20	18	133	0
3.658	1	1	366	9	20	18	133	0
3.66	1	1	367	1	20	18	133	0
3.662	1	1	367	3	20	18	133	0
3.664	1	1	367	5	20	18	133	0
3.666	1	1	367	7	20	18	133	0
3.668	1	1	367	9	20	18	133	0
3.67	1	1	368	1	20	18	133	0
3.672	1	1	368	3	20	18	133	0
3.673	1	1	368	4	20	18	133	0
3.675	1	1	368	6	20	18	133	0
3.677	1	1	368	8	20	18	133	0
3.679	1	1	368	10	20	18	133	0
3.681	1	1	369	2	20	18	133	0
3.683	1	1	369	4	20	18	133	0
3.685	1	1	369	6	20	18	133	0
3.687	1	1	369	8	20	18	133	0
3.688	1	1	369	9	20	18	133	0
3.69	1	1	370	1	20	18	133	0
3.692	1	1	370	3	20	18	133	0
3.694	1	1	370	5	20	18	133	0
3.696	1	1	370	7	20	18	133	0
3.698	1	1	370	9	20	18	133	0
3.7	1	1	371	1	20	18	133	0
3.702	1	1	371	3	20	18	133	0
3.703	1	1	371	4	20	18	133	0
3.705	1	1	371	6	20	18	133	0
3.707	1	1	371	8	20	18	133	0
3.709	1	1	371	10	20	18	133	0
3.711	1	1	372	2	20	18	133	0
3.713	1	1	372	4	20	18	133	0
3.715	1	1	372	6	20	18	133	0
3.717	1	1	372	8	20	18	133	0
3.718	1	1	372	9	20	18	133	0
3.72	1	1	373	1	20	18	133	0
3.722	1	1	373	3	20	18	133	0
3.724	1	1	373	5	20	18	133	0
3.726	1	1	373	7	20	18	133	0
3.728	1	1	373	9	20	18	133	0
3.73	1	1	374	1	20	18	133	0
3.732	1	1	374	3	20	18	133	0
3.733	1	1	374	4	20	18	133	0
3.735	1	1	374	6	20	18	133	0
3.737	1	1	374	8	20	18	133	0
3.739	1	1	374	10	20	18	133	0
3.741	1	1	375	2	20	18	133	0
3.743	1	1	375	4	20	18	133	0
3.745	1	1	375	6	20	18	133	0
3.747	1	1	375	8	20	18	133	0
3.748	1	1	375	9	20	18	133	0
3.75	1	1	376	1	20	18	133	0
3.752	1	1	376	3	20	18	133	0
3.754	1	1	376	5	20	18	133	0
3.756	1	1	376	7	20	18	133	0
3.758	1	1	376	9	20	18	133	0
3.76	1	1	377	1	20	18	133	0
3.762	1	1	377	3	20	18	133	0
3.763	1	1	377	4	20	18	133	0
3.765	1	1	377	6	20	18	133	0
3.767	1	1	377	8	20	18	133	0
3.769	1	1	377	10	20	18	133	0
3.771	1	1	378	2	20	18	133	0
3.773	1	1	378	4	20	18	133	0
3.775	1	1	378	6	20	18	133	0
3.777	1	1	378	8	20	18	133	0
3.778	1	1	378	9	20	18	133	0
3.78	1	1	379	1	20	18	133	0
3.782	1	1	379	3	20	18	133	0
3.784	1	1	379	5	20	18	133	0
3.786	1	1	379	7	20	18	133	0
3.788	1	1	379	9	20	18	133	0
3.79	1	1	380	1	20	18	133	0
3.792	1	1	380	3	20	18	133	0
3.793	1	1	380	4	20	18	133	0
3.795	1	1	380	6	20	18	133	0
3.797	1	1	380	8	20	18	133	0
3.799	1	1	380	10	20	18	133	0
3.801	1	1	381	2	20	18	133	0
3.803	1	1	381	4	20	18	133	0
3.805	1	1	381	6	20	18	133	0
3.807	1	1	381	8	20	18	133	0
3.808	1	1	381	9	20	18	133	0
3.81	1	1	382	1	20	18	133	0
3.812	1	1	382	3	20	18	133	0
3.814	1	1	382	5	20	18	133	0
3.816	1	1	382	7	20	18	133	0
3.818	1	1	382	9	20	18	133	0
3.82	1	1	383	1	20	18	133	0
3.822	1	1	383	3	20	18	133	0
3.823	1	1	383	4	20	18	133	0
3.825	1	1	383	6	20	18	133	0
3.827	1	1	383	8	20	18	133	0
3.829	1	1	383	10	20	18	133	0
3.831	1	1	384	2	20	18	133	0
3.833	1	1	384	4	20	18	133	0
3.835	1	1	384	6	20	18	133	0
3.837	1	1	384	8	20	18	133	0
3.838	1	1	384	9	20	18	133	0
3.84	1	1	385	1	20	18	133	0
3.842	1	1	385	3	20	18	133	0
3.844	1	1	385	5	20	18	133	0
3.846	1	1	385	7	20	18	133	0
3.848	1	1	385	9	20	18	133	0
3.85	1	1	386	1	20	18	133	0
3.852	1	1	386	3	20	18	133	0
3.853	1	1	386	4	20	18	133	0
3.855	1	1	386	6	20	18	133	0
3.857	1	1	386	8	20	18	133	0
3.859	1	1	386	10	20	18	133	0
3.861	1	1	387	2	20	18	133	0
3.863	1	1	387	4	20	18	133	0
3.865	1	1	387	6	20	18	133	0
3.867	1	1	387	8	20	18	133	0
3.868	1	1	387	9	20	18	133	0
3.87	1	1	388	1	20	18	133	0
3.872	1	1	388	3	20	18	133	0
3.874	1	1	388	5	20	18	133	0
3.876	1	1	388	7	20	18	133	0
3.878	1	1	388	9	20	18	133	0
3.88	1	1	389	1	20	18	133	0
3.882	1	1	389	3	20	18	133	0
3.883	1	1	389	4	20	18	133	0
3.885	1	1	389	6	20	18	133	0
3.887	1	1	389	8	20	18	133	0
3.889	1	1	389	10	20	18	133	0
3.891	1	1	390	2	20	18	133	0
3.893	1	1	390	4	20	18	133	0
3.895	1	1	390	6	20	18	133	0
3.897	1	1	390	8	20	18	133	0
3.898	1	1	390	9	20	18	133	0
3.9	1	1	391	1	20	18	133	0
3.902	1	1	391	3	20	18	133	0
3.904	1	1	391	5	20	18	133	0
3.906	1	1	391	7	20	18	133	0
3.908	1	1	391	9	20	18	133	0
3.91	1	1	392	1	20	18	133	0
3.912	1	1	392	3	20	18	133	0
3.913	1	1	392	4	20	18	133	0
3.915	1	1	392	6	20	18	133	0
3.917	1	1	392	8	20	18	133	0
3.919	1	1	392	10	20	18	133	0
3.921	1	1	393	2	20	18	133	0
3.923	1	1	393	4	20	18	133	0
3.925	1	1	393	6	20	18	133	0
3.927	1	1	393	8	20	18	133	0
3.928	1	1	393	9	20	18	133	0
3.93	1	1	394	1	20	18	133	0
3.932	1	1	394	3	20	18	133	0
3.934	1	1	394	5	20	18	133	0
3.936	1	1	394	7	20	18	133	0
3.938	1	1	394	9	20	18	133	0
3.94	1	1	395	1	20	18	133	0
3.942	1	1	395	3	20	18	133	0
3.943	1	1	395	4	20	18	133	0
3.945	1	1	395	6	20	18	133	0
3.947	1	1	395	8	20	18	133	0
3.949	1	1	395	10	20	18	133	0
3.951	1	1	396	2	20	18	133	0
3.953	1	1	396	4	20	18	133	0
3.955	1	1	396	6	20	18	133	0
3.957	1	1	396	8	20	18	133	0
3.958	1	1	396	9	20	18	133	0
3.96	1	1	397	1	20	18	133	0
3.962	1	1	397	3	20	18	133	0
3.964	1	1	397	5	20	18	133	0
3.966	1	1	397	7	20	18	133	0
3.968	1	1	397	9	20	18	133	0
3.97	1	1	398	1	20	18	133	0
3.972	1	1	398	3	20	18	133	0
3.973	1	1	398	4	20	18	133	0
3.975	1	1	398	6	20	18	133	0
3.977	1	1	398	8	20	18	133	0
3.979	1	1	398	10	20	18	133	0
3.981	1	1	399	2	20	18	133	0
3.983	1	1	399	4	20	18	133	0
3.985	1	1	399	6	20	18	133	0
3.987	1	1	399	8	20	18	133	0
3.988	1	1	399	9	20	18	133	0
3.99	1	1	400	1	20	18	133	0
3.992	1	1	400	3	20	18	133	0
3.994	1	1	400	5	20	18	133	0
3.996	1	1	400	7	20	18	133	0
3.998	1	1	400	9	20	18	133	0
4	1	1	401	1	20	18	133	0
4.002	1	1	401	3	20	18	133	0
4.003	1	1	401	4	20	18	133	0
4.005	1	1	401	6	20	18	133	0
4.007	1	1	401	8	20	18	133	0
4.009	1	1	401	10	20	18	133	0
4.011	1	1	402	2	20	18	133	0
4.013	1	1	402	4	20	18	133	0
4.015	1	1	402	6	20	18	133	0
4.017	1	1	402	8	20	18	133	0
4.018	1	1	402	9	20	18	133	0
4.02	1	1	403	1	20	18	133	0
4.022	1	1	403	3	20	18	133	0
4.024	1	1	403	5	20	18	133	0
4.026	1	1	403	7	20	18	133	0
4.028	1	1	403	9	20	18	133	0
4.03	1	1	404	1	20	18	133	0
4.032	1	1	404	3	20	18	133	0
4.033	1	1	404	4	20	18	133	0
4.035	1	1	404	6	20	18	133	0
4.037	1	1	404	8	20	18	133	0
4.039	1	1	404	10	20	18	133	0
4.041	1	1	405	2	20	18	133	0
4.043	1	1	405	4	20	18	133	0
4.045	1	1	405	6	20	18	133	0
4.047	1	1	405	8	20	18	133	0
4.048	1	1	405	9	20	18	133	0
4.05	1	1	406	1	20	18	133	0
4.052	1	1	406	3	20	18	133	0
4.054	1	1	406	5	20	18	133	0
4.056	1	1	406	7	20	18	133	0
4.058	1	1	406	9	20	18	133	0
4.06	1	1	407	1	20	18	133	0
4.062	1	1	407	3	20	18	133	0
4.063	1	1	407	4	20	18	133	0
4.065	1	1	407	6	20	18	133	0
4.067	1	1	407	8	20	18	133	0
4.069	1	1	407	10	20	18	133	0
4.071	1	1	408	2	20	18	133	0
4.073	1	1	408	4	20	18	133	0
4.075	1	1	408	6	20	18	133	0
4.077	1	1	408	8	20	18	133	0
4.078	1	1	408	9	20	18	133	0
4.08	1	1	409	1	20	18	133	0
4.082	1	1	409	3	20	18	133	0
4.084	1	1	409	5	20	18	133	0
4.086	1	1	409	7	20	18	133	0
4.088	1	1	409	9	20	18	133	0
4.09	1	1	410	1	20	18	133	0
4.092	1	1	410	3	20	18	133	0
4.093	1	1	410	4	20	18	133	0
4.095	1	1	410	6	20	18	133	0
4.097	1	1	410	8	20	18	133	0
4.099	1	1	410	10	20	18	133	0
4.101	1	1	411	2	20	18	133	0
4.103	1	1	411	4	20	18	133	0
4.105	1	1	411	6	20	18	133	0
4.107	1	1	411	8	20	18	133	0
4.108	1	1	411	9	20	18	133	0
4.11	1	1	412	1	20	18	133	0
4.112	1	1	412	3	20	18	133	0
4.114	1	1	412	5	20	18	133	0
4.116	1	1	412	7	20	18	133	0
4.118	1	1	412	9	20	18	133	0
4.12	1	1	413	1	20	18	133	0
4.122	1	1	413	3	20	18	133	0
4.123	1	1	413	4	20	18	133	0
4.125	1	1	413	6	20	18	133	0
4.127	1	1	413	8	20	18	133	0
4.129	1	1	413	10	20	18	133	0
4.131	1	1	414	2	20	18	133	0
4.133	1	1	414	4	20	18	133	0
4.135	1	1	414	6	20	18	133	0
4.137	1	1	414	8	20	18	133	0
4.138	1	1	414	9	20	18	133	0
4.14	1	1	415	1	20	18	133	0
4.142	1	1	415	3	20	18	133	0
4.144	1	1	415	5	20	18	133	0
4.146	1	1	415	7	20	18	133	0
4.148	1	1	415	9	20	18	133	0
4.15	1	1	416	1	20	18	133	0
4.152	1	1	416	3	20	18	133	0
4.153	1	1	416	4	20	18	133	0
4.155	1	1	416	6	20	18	133	0
4.157	1	1	416	8	20	18	133	0
4.159	1	1	416	10	20	18	133	0
4.161	1	1	417	2	20	18	133	0
4.163	1	1	417	4	20	18	133	0
4.165	1	1	417	6	20	18	133	0
4.167	1	1	417	8	20	18	133	0
4.168	1	1	417	9	20	18	133	0
4.17	1	1	418	1	20	18	133	0
4.172	1	1	418	3	20	18	133	0
4.174	1	1	418	5	20	18	133	0
4.176	1	1	418	7	20	18	133	0
4.178	1	1	418	9	20	18	133	0
4.18	1	1	419	1	20	18	133	0
4.182	1	1	419	3	20	18	133	0
4.183	1	1	419	4	20	18	133	0
4.185	1	1	419	6	20	18	133	0
4.187	1	1	419	8	20	18	133	0
4.189	1	1	419	10	20	18	133	0
4.191	1	1	420	2	20	18	133	0
4.193	1	1	420	4	20	18	133	0
4.195	1	1	420	6	20	18	133	0
4.197	1	1	420	8	20	18	133	0
4.198	1	1	420	9	20	18	133	0
4.2	1	1	421	1	20	18	133	0
4.202	1	1	421	3	20	18	133	0
4.204	1	1	421	5	20	18	133	0
4.206	1	1	421	7	20	18	133	0
4.208	1	1	421	9	20	18	133	0
4.21	1	1	422	1	20	18	133	0
4.212	1	1	422	3	20	18	133	0
4.213	1	1	422	4	20	18	133	0
4.215	1	1	422	6	20	18	133	0
4.217	1	1	422	8	20	18	133	0
4.219	1	1	422	10	20	18	133	0
4.221	1	1	423	2	20	18	133	0
4.223	1	1	423	4	20	18	133	0
4.225	1	1	423	6	20	18	133	0
4.227	1	1	423	8	20	18	133	0
4.228	1	1	423	9	20	18	133	0
4.23	1	1	424	1	20	18	133	0
4.232	1	1	424	3	20	18	133	0
4.234	1	1	424	5	20	18	133	0
4.236	1	1	424	7	20	18	133	0
4.238	1	1	424	9	20	18	133	0
4.24	1	1	425	1	20	18	133	0
4.242	1	1	425	3	20	18	133	0
4.243	1	1	425	4	20	18	133	0
4.245	1	1	425	6	20	18	133	0
4.247	1	1	425	8	20	18	133	0
4.249	1	1	425	10	20	18	133	0
4.251	1	1	426	2	20	18	133	0
4.253	1	1	426	4	20	18	133	0
4.255	1	1	426	6	20	18	133	0
4.257	1	1	426	8	20	18	133	0
4.258	1	1	426	9	20	18	133	0
4.26	1	1	427	1	20	18	133	0
4.262	1	1	427	3	20	18	133	0
4.264	1	1	427	5	20	18	133	0
4.266	1	1	427	7	20	18	133	0
4.268	1	1	427	9	20	18	133	0
4.27	1	1	428	1	20	18	133	0
4.272	1	1	428	3	20	18	133	0
4.273	1	1	428	4	20	18	133	0
4.275	1	1	428	6	20	18	133	0
4.277	1	1	428	8	20	18	133	0
4.279	1	1	428	10	20	18	133	0
4.281	1	1	429	2	20	18	133	0
4.283	1	1	429	4	20	18	133	0
4.285	1	1	429	6	20	18	133	0
4.287	1	1	429	8	20	18	133	0
4.288	1	1	429	9	20	18	133	0
4.29	1	1	430	1	20	18	133	0
4.292	1	1	430	3	20	18	133	0
4.294	1	1	430	5	20	18	133	0
4.296	1	1	430	7	20	18	133	0
4.298	1	1	430	9	20	18	133	0
4.3	1	1	431	1	20	18	133	0
4.302	1	1	431	3	20	18	133	0
4.303	1	1	431	4	20	18	133	0
4.305	1	1	431	6	20	18	133	0
4.307	1	1	431	8	20	18	133	0
4.309	1	1	431	10	20	18	133	0
4.311	1	1	432	2	20	18	133	0
4.313	1	1	432	4	20	18	133	0
4.315	1	1	432	6	20	18	133	0
4.317	1	1	432	8	20	18	133	0
4.318	1	1	432	9	20	18	133	0
4.32	1	1	433	1	20	18	133	0
4.322	1	1	433	3	20	18	133	0
4.324	1	1	433	5	20	18	133	0
4.326	1	1	433	7	20	18	133	0
4.328	1	1	433	9	20	18	133	0
4.33	1	1	434	1	20	18	133	0
4.332	1	1	434	3	20	18	133	0
4.333	1	1	434	4	20	18	133	0
4.335	1	1	434	6	20	18	133	0
4.337	1	1	434	8	20	18	133	0
4.339	1	1	434	10	20	18	133	0
4.341	1	1	435	2	20	18	133	0
4.343	1	1	435	4	20	18	133	0
4.345	1	1	435	6	20	18	133	0
4.347	1	1	435	8	20	18	133	0
4.348	1	1	435	9	20	18	133	0
4.35	1	1	436	1	20	18	133	0
4.352	1	1	436	3	20	18	133	0
4.354	1	1	436	5	20	18	133	0
4.356	1	1	436	7	20	18	133	0
4.358	1	1	436	9	20	18	133	0
4.36	1	1	437	1	20	18	133	0
4.362	1	1	437	3	20	18	133	0
4.363	1	1	437	4	20	18	133	0
4.365	1	1	437	6	20	18	133	0
4.367	1	1	437	8	20	18	133	0
4.369	1	1	437	10	20	18	133	0
4.371	1	1	438	2	20	18	133	0
4.373	1	1	438	4	20	18	133	0
4.375	1	1	438	6	20	18	133	0
4.377	1	1	438	8	20	18	133	0
4.378	1	1	438	9	20	18	133	0
4.38	1	1	439	1	20	18	133	0
4.382	1	1	439	3	20	18	133	0
4.384	1	1	439	5	20	18	133	0
4.386	1	1	439	7	20	18	133	0
4.388	1	1	439	9	20	18	133	0
4.39	1	1	440	1	20	18	133	0
4.392	1	1	440	3	20	18	133	0
4.393	1	1	440	4	20	18	133	0
4.395	1	1	440	6	20	18	133	0
4.397	1	1	440	8	20	18	133	0
4.399	1	1	440	10	20	18	133	0
4.401	1	1	441	2	20	18	133	0
4.403	1	1	441	4	20	18	133	0
4.405	1	1	441	6	20	18	133	0
4.407	1	1	441	8	20	18	133	0
4.408	1	1	441	9	20	18	133	0
4.41	1	1	442	1	20	18	133	0
4.412	1	1	442	3	20	18	133	0
4.414	1	1	442	5	20	18	133	0
4.416	1	1	442	7	20	18	133	0
4.418	1	1	442	9	20	18	133	0
4.42	1	1	443	1	20	18	133	0
4.422	1	1	443	3	20	18	133	0
4.423	1	1	443	4	20	18	133	0
4.425	1	1	443	6	20	18	133	0
4.427	1	1	443	8	20	18	133	0
4.429	1	1	443	10	20	18	133	0
4.431	1	1	444	2	20	18	133	0
4.433	1	1	444	4	20	18	133	0
4.435	1	1	444	6	20	18	133	0
4.437	1	1	444	8	20	18	133	0
4.438	1	1	444	9	20	18	133	0
4.44	1	1	445	1	20	18	133	0
4.442	1	1	445	3	20	18	133	0
4.444	1	1	445	5	20	18	133	0
4.446	1	1	445	7	20	18	133	0
4.448	1	1	445	9	20	18	133	0
4.45	1	1	446	1	20	18	133	0
4.452	1	1	446	3	20	18	133	0
4.453	1	1	446	4	20	18	133	0
4.455	1	1	446	6	20	18	133	0
4.457	1	1	446	8	20	18	133	0
4.459	1	1	446	10	20	18	133	0
4.461	1	1	447	2	20	18	133	0
4.463	1	1	447	4	20	18	133	0
4.465	1	1	447	6	20	18	133	0
4.467	1	1	447	8	20	18	133	0
4.468	1	1	447	9	20	18	133	0
4.47	1	1	448	1	20	18	133	0
4.472	1	1	448	3	20	18	133	0
4.474	1	1	448	5	20	18	133	0
4.476	1	1	448	7	20	18	133	0
4.478	1	1	448	9	20	18	133	0
4.48	1	1	449	1	20	18	133	0
4.482	1	1	449	3	20	18	133	0
4.483	1	1	449	4	20	18	133	0
4.485	1	1	449	6	20	18	133	0
4.487	1	1	449	8	20	18	133	0
4.489	1	1	449	10	20	18	133	0
4.491	1	1	450	2	20	18	133	0
4.493	1	1	450	4	20	18	133	0
4.495	1	1	450	6	20	18	133	0
4.497	1	1	450	8	20	18	133	0
4.498	1	1	450	9	20	18	133	0
4.5	1	1	451	1	20	18	133	0
4.502	1	1	451	3	20	18	133	0
4.504	1	1	451	5	20	18	133	0
4.506	1	1	451	7	20	18	133	0
4.508	1	1	451	9	20	18	133	0
4.51	1	1	452	1	20	18	133	0
4.512	1	1	452	3	20	18	133	0
4.513	1	1	452	4	20	18	133	0
4.515	1	1	452	6	20	18	133	0
4.517	1	1	452	8	20	18	133	0
4.519	1	1	452	10	20	18	133	0
4.521	1	1	453	2	20	18	133	0
4.523	1	1	453	4	20	18	133	0
4.525	1	1	453	6	20	18	133	0
4.527	1	1	453	8	20	18	133	0
4.528	1	1	453	9	20	18	133	0
4.53	1	1	454	1	20	18	133	0
4.532	1	1	454	3	20	18	133	0
4.534	1	1	454	5	20	18	133	0
4.536	1	1	454	7	20	18	133	0
4.538	1	1	454	9	20	18	133	0
4.54	1	1	455	1	20	18	133	0
4.542	1	1	455	3	20	18	133	0
4.543	1	1	455	4	20	18	133	0
4.545	1	1	455	6	20	18	133	0
4.547	1	1	455	8	20	18	133	0
4.549	1	1	455	10	20	18	133	0
4.551	1	1	456	2	20	18	133	0
4.553	1	1	456	4	20	18	133	0
4.555	1	1	456	6	20	18	133	0
4.557	1	1	456	8	20	18	133	0
4.558	1	1	456	9	20	18	133	0
4.56	1	1	457	1	20	18	133	0
4.562	1	1	457	3	20	18	133	0
4.564	1	1	457	5	20	18	133	0
4.566	1	1	457	7	20	18	133	0
4.568	1	1	457	9	20	18	133	0
4.57	1	1	458	1	20	18	133	0
4.572	1	1	458	3	20	18	133	0
4.573	1	1	458	4	20	18	133	0
4.575	1	1	458	6	20	18	133	0
4.577	1	1	458	8	20	18	133	0
4.579	1	1	458	10	20	18	133	0
4.581	1	1	459	2	20	18	133	0
4.583	1	1	459	4	20	18	133	0
4.585	1	1	459	6	20	18	133	0
4.587	1	1	459	8	20	18	133	0
4.588	1	1	459	9	20	18	133	0
4.59	1	1	460	1	20	18	133	0
4.592	1	1	460	3	20	18	133	0
4.594	1	1	460	5	20	18	133	0
4.596	1	1	460	7	20	18	133	0
4.598	1	1	460	9	20	18	133	0
4.6	1	1	461	1	20	18	133	0
4.602	1	1	461	3	20	18	133	0
4.603	1	1	461	4	20	18	133	0
4.605	1	1	461	6	20	18	133	0
4.607	1	1	461	8	20	18	133	0
4.609	1	1	461	10	20	18	133	0
4.611	1	1	462	2	20	18	133	0
4.613	1	1	462	4	20	18	133	0
4.615	1	1	462	6	20	18	133	0
4.617	1	1	462	8	20	18	133	0
4.618	1	1	462	9	20	18	133	0
4.62	1	1	463	1	20	18	133	0
4.622	1	1	463	3	20	18	133	0
4.624	1	1	463	5	20	18	133	0
4.626	1	1	463	7	20	18	133	0
4.628	1	1	463	9	20	18	133	0
4.63	1	1	464	1	20	18	133	0
4.632	1	1	464	3	20	18	133	0
4.633	1	1	464	4	20	18	133	0
4.635	1	1	464	6	20	18	133	0
4.637	1	1	464	8	20	18	133	0
4.639	1	1	464	10	20	18	133	0
4.641	1	1	465	2	20	18	133	0
4.643	1	1	465	4	20	18	133	0
4.645	1	1	465	6	20	18	133	0
4.647	1	1	465	8	20	18	133	0
4.648	1	1	465	9	20	18	133	0
4.65	1	1	466	1	20	18	133	0
4.652	1	1	466	3	20	18	133	0
4.654	1	1	466	5	20	18	133	0
4.656	1	1	466	7	20	18	133	0
4.658	1	1	466	9	20	18	133	0
4.66	1	1	467	1	20	18	133	0
4.662	1	1	467	3	20	18	133	0
4.663	1	1	467	4	20	18	133	0
4.665	1	1	467	6	20	18	133	0
4.667	1	1	467	8	20	18	133	0
4.669	1	1	467	10	20	18	133	0
4.671	1	1	468	2	20	18	133	0
4.673	1	1	468	4	20	18	133	0
4.675	1	1	468	6	20	18	133	0
4.677	1	1	468	8	20	18	133	0
4.678	1	1	468	9	20	18	133	0
4.68	1	1	469	1	20	18	133	0
4.682	1	1	469	3	20	18	133	0
4.684	1	1	469	5	20	18	133	0
4.686	1	1	469	7	20	18	133	0
4.688	1	1	469	9	20	18	133	0
4.69	1	1	470	1	20	18	133	0
4.692	1	1	470	3	20	18	133	0
4.693	1	1	470	4	20	18	133	0
4.695	1	1	470	6	20	18	133	0
4.697	1	1	470	8	20	18	133	0
4.699	1	1	470	10	20	18	133	0
4.701	1	1	471	2	20	18	133	0
4.703	1	1	471	4	20	18	133	0
4.705	1	1	471	6	20	18	133	0
4.707	1	1	471	8	20	18	133	0
4.708	1	1	471	9	20	18	133	0
4.71	1	1	472	1	20	18	133	0
4.712	1	1	472	3	20	18	133	0
4.714	1	1	472	5	20	18	133	0
4.716	1	1	472	7	20	18	133	0
4.718	1	1	472	9	20	18	133	0
4.72	1	1	473	1	20	18	133	0
4.722	1	1	473	3	20	18	133	0
4.723	1	1	473	4	20	18	133	0
4.725	1	1	473	6	20	18	133	0
4.727	1	1	473	8	20	18	133	0
4.729	1	1	473	10	20	18	133	0
4.731	1	1	474	2	20	18	133	0
4.733	1	1	474	4	20	18	133	0
4.735	1	1	474	6	20	18	133	0
4.737	1	1	474	8	20	18	133	0
4.738	1	1	474	9	20	18	133	0
4.74	1	1	475	1	20	18	133	0
4.742	1	1	475	3	20	18	133	0
4.744	1	1	475	5	20	18	133	0
4.746	1	1	475	7	20	18	133	0
4.748	1	1	475	9	20	18	133	0
4.75	1	1	476	1	20	18	133	0
4.752	1	1	476	3	20	18	133	0
4.753	1	1	476	4	20	18	133	0
4.755	1	1	476	6	20	18	133	0
4.757	1	1	476	8	20	18	133	0
4.759	1	1	476	10	20	18	133	0
4.761	1	1	477	2	20	18	133	0
4.763	1	1	477	4	20	18	133	0
4.765	1	1	477	6	20	18	133	0
4.767	1	1	477	8	20	18	133	0
4.768	1	1	477	9	20	18	133	0
4.77	1	1	478	1	20	18	133	0
4.772	1	1	478	3	20	18	133	0
4.774	1	1	478	5	20	18	133	0
4.776	1	1	478	7	20	18	133	0
4.778	1	1	478	9	20	18	133	0
4.78	1	1	479	1	20	18	133	0
4.782	1	1	479	3	20	18	133	0
4.783	1	1	479	4	20	18	133	0
4.785	1	1	479	6	20	18	133	0
4.787	1	1	479	8	20	18	133	0
4.789	1	1	479	10	20	18	133	0
4.791	1	1	480	2	20	18	133	0
4.793	1	1	480	4	20	18	133	0
4.795	1	1	480	6	20	18	133	0
4.797	1	1	480	8	20	18	133	0
4.798	1	1	480	9	20	18	133	0
4.8	1	1	481	1	20	18	133	0
4.802	1	1	481	3	20	18	133	0
4.804	1	1	481	5	20	18	133	0
4.806	1	1	481	7	20	18	133	0
4.808	1	1	481	9	20	18	133	0
4.81	1	1	482	1	20	18	133	0
4.812	1	1	482	3	20	18	133	0
4.813	1	1	482	4	20	18	133	0
4.815	1	1	482	6	20	18	133	0
4.817	1	1	482	8	20	18	133	0
4.819	1	1	482	10	20	18	133	0
4.821	1	1	483	2	20	18	133	0
4.823	1	1	483	4	20	18	133	0
4.825	1	1	483	6	20	18	133	0
4.827	1	1	483	8	20	18	133	0
4.828	1	1	483	9	20	18	133	0
4.83	1	1	484	1	20	18	133	0
4.832	1	1	484	3	20	18	133	0
4.834	1	1	484	5	20	18	133	0
4.836	1	1	484	7	20	18	133	0
4.838	1	1	484	9	20	18	133	0
4.84	1	1	485	1	20	18	133	0
4.842	1	1	485	3	20	18	133	0
4.843	1	1	485	4	20	18	133	0
4.845	1	1	485	6	20	18	133	0
4.847	1	1	485	8	20	18	133	0
4.849	1	1	485	10	20	18	133	0
4.851	1	1	486	2	20	18	133	0
4.853	1	1	486	4	20	18	133	0
4.855	1	1	486	6	20	18	133	0
4.857	1	1	486	8	20	18	133	0
4.858	1	1	486	9	20	18	133	0
4.86	1	1	487	1	20	18	133	0
4.862	1	1	487	3	20	18	133	0
4.864	1	1	487	5	20	18	133	0
4.866	1	1	487	7	20	18	133	0
4.868	1	1	487	9	20	18	133	0
4.87	1	1	488	1	20	18	133	0
4.872	1	1	488	3	20	18	133	0
4.873	1	1	488	4	20	18	133	0
4.875	1	1	488	6	20	18	133	0
4.877	1	1	488	8	20	18	133	0
4.879	1	1	488	10	20	18	133	0
4.881	1	1	489	2	20	18	133	0
4.883	1	1	489	4	20	18	133	0
4.885	1	1	489	6	20	18	133	0
4.887	1	1	489	8	20	18	133	0
4.888	1	1	489	9	20	18	133	0
4.89	1	1	490	1	20	18	133	0
4.892	1	1	490	3	20	18	133	0
4.894	1	1	490	5	20	18	133	0
4.896	1	1	490	7	20	18	133	0
4.898	1	1	490	9	20	18	133	0
4.9	1	1	491	1	20	18	133	0
4.902	1	1	491	3	20	18	133	0
4.903	1	1	491	4	20	18	133	0
4.905	1	1	491	6	20	18	133	0
4.907	1	1	491	8	20	18	133	0
4.909	1	1	491	10	20	18	133	0
4.911	1	1	492	2	20	18	133	0
4.913	1	1	492	4	20	18	133	0
4.915	1	1	492	6	20	18	133	0
4.917	1	1	492	8	20	18	133	0
4.918	1	1	492	9	20	18	133	0
4.92	1	1	493	1	20	18	133	0
4.922	1	1	493	3	20	18	133	0
4.924	1	1	493	5	20	18	133	0
4.926	1	1	493	7	20	18	133	0
4.928	1	1	493	9	20	18	133	0
4.93	1	1	494	1	20	18	133	0
4.932	1	1	494	3	20	18	133	0
4.933	1	1	494	4	20	18	133	0
4.935	1	1	494	6	20	18	133	0
4.937	1	1	494	8	20	18	133	0
4.939	1	1	494	10	20	18	133	0
4.941	1	1	495	2	20	18	133	0
4.943	1	1	495	4	20	18	133	0
4.945	1	1	495	6	20	18	133	0
4.947	1	1	495	8	20	18	133	0
4.948	1	1	495	9	20	18	133	0
4.95	1	1	496	1	20	18	133	0
4.952	1	1	496	3	20	18	133	0
4.954	1	1	496	5	20	18	133	0
4.956	1	1	496	7	20	18	133	0
4.958	1	1	496	9	20	18	133	0
4.96	1	1	497	1	20	18	133	0
4.962	1	1	497	3	20	18	133	0
4.963	1	1	497	4	20	18	133	0
4.965	1	1	497	6	20	18	133	0
4.967	1	1	497	8	20	18	133	0
4.969	1	1	497	10	20	18	133	0
4.971	1	1	498	2	20	18	133	0
4.973	1	1	498	4	20	18	133	0
4.975	1	1	498	6	20	18	133	0
4.977	1	1	498	8	20	18	133	0
4.978	1	1	498	9	20	18	133	0
4.98	1	1	499	1	20	18	133	0
4.982	1	1	499	3	20	18	133	0
4.984	1	1	499	5	20	18	133	0
4.986	1	1	499	7	20	18	133	0
4.988	1	1	499	9	20	18	133	0
4.99	1	1	500	1	20	18	133	0
4.992	1	1	500	3	20	18	133	0
4.993	1	1	500	4	20	18	133	0
4.995	1	1	500	6	20	18	133	0
4.997	1	1	500	8	20	18	133	0
4.999	1	1	500	10	20	18	133	0
