% time	cellId	IMSI	frame	sframe	RNTI	mcs	size	ccId
0.037	1	15	4	8	19	0	7	0
0.039	1	15	4	10	19	0	7	0
0.04	1	15	5	1	19	0	7	0
0.042	1	15	5	3	19	0	7	0
0.043	1	15	5	4	19	0	7	0
0.045	1	15	5	6	19	0	7	0
0.047	1	15	5	8	19	0	7	0
0.049	1	15	5	10	19	0	7	0
0.051	1	15	6	2	19	0	7	0
0.053	1	15	6	4	19	0	7	0
0.055	1	15	6	6	19	0	7	0
0.056	1	15	6	7	19	0	7	0
0.058	1	15	6	9	19	0	7	0
0.06	1	15	7	1	19	8	49	0
0.062	1	15	7	3	19	8	49	0
0.064	1	15	7	5	19	8	49	0
0.066	1	15	7	7	19	8	49	0
0.068	1	15	7	9	19	8	49	0
0.07	1	15	8	1	19	8	49	0
0.071	1	15	8	2	19	8	49	0
0.073	1	15	8	4	19	8	49	0
0.075	1	15	8	6	19	8	49	0
0.077	1	15	8	8	19	8	49	0
0.079	1	15	8	10	19	8	49	0
0.081	1	15	9	2	19	8	49	0
0.083	1	15	9	4	19	8	49	0
0.085	1	15	9	6	19	8	49	0
0.086	1	15	9	7	19	8	49	0
0.088	1	15	9	9	19	8	49	0
0.09	1	15	10	1	19	8	49	0
0.092	1	15	10	3	19	8	49	0
0.094	1	15	10	5	19	8	49	0
0.096	1	15	10	7	19	8	49	0
0.098	1	15	10	9	19	8	49	0
0.1	1	15	11	1	19	8	49	0
0.101	1	15	11	2	19	8	49	0
0.103	1	15	11	4	19	8	49	0
0.105	1	15	11	6	19	8	49	0
0.107	1	15	11	8	19	8	49	0
0.109	1	15	11	10	19	8	49	0
0.111	1	15	12	2	19	8	49	0
0.113	1	15	12	4	19	8	49	0
0.115	1	15	12	6	19	8	49	0
0.116	1	15	12	7	19	8	49	0
0.118	1	15	12	9	19	8	49	0
0.12	1	15	13	1	19	8	49	0
0.122	1	15	13	3	19	8	49	0
0.124	1	15	13	5	19	8	49	0
0.126	1	15	13	7	19	8	49	0
0.128	1	15	13	9	19	8	49	0
0.13	1	15	14	1	19	8	49	0
0.131	1	15	14	2	19	8	49	0
0.133	1	15	14	4	19	8	49	0
0.135	1	15	14	6	19	8	49	0
0.137	1	15	14	8	19	8	49	0
0.139	1	15	14	10	19	8	49	0
0.141	1	15	15	2	19	8	49	0
0.143	1	15	15	4	19	8	49	0
0.145	1	15	15	6	19	8	49	0
0.146	1	15	15	7	19	8	49	0
0.148	1	15	15	9	19	8	49	0
0.15	1	15	16	1	19	8	49	0
0.152	1	15	16	3	19	8	49	0
0.154	1	15	16	5	19	8	49	0
0.156	1	15	16	7	19	8	49	0
0.158	1	15	16	9	19	8	49	0
0.16	1	15	17	1	19	8	49	0
0.161	1	15	17	2	19	8	49	0
0.163	1	15	17	4	19	8	49	0
0.165	1	15	17	6	19	8	49	0
0.167	1	15	17	8	19	8	49	0
0.169	1	15	17	10	19	8	49	0
0.171	1	15	18	2	19	8	49	0
0.173	1	15	18	4	19	8	49	0
0.175	1	15	18	6	19	8	49	0
0.176	1	15	18	7	19	8	49	0
0.178	1	15	18	9	19	8	49	0
0.18	1	15	19	1	19	8	49	0
0.182	1	15	19	3	19	8	49	0
0.184	1	15	19	5	19	8	49	0
0.186	1	15	19	7	19	8	49	0
0.188	1	15	19	9	19	8	49	0
0.19	1	15	20	1	19	8	49	0
0.191	1	15	20	2	19	8	49	0
0.193	1	15	20	4	19	8	49	0
0.195	1	15	20	6	19	8	49	0
0.197	1	15	20	8	19	8	49	0
0.199	1	15	20	10	19	8	49	0
0.201	1	15	21	2	19	8	49	0
0.203	1	15	21	4	19	8	49	0
0.205	1	15	21	6	19	8	49	0
0.206	1	15	21	7	19	8	49	0
0.208	1	15	21	9	19	8	49	0
0.21	1	15	22	1	19	8	49	0
0.212	1	15	22	3	19	8	49	0
0.214	1	15	22	5	19	8	49	0
0.216	1	15	22	7	19	8	49	0
0.218	1	15	22	9	19	8	49	0
0.22	1	15	23	1	19	8	49	0
0.221	1	15	23	2	19	8	49	0
0.223	1	15	23	4	19	8	49	0
0.225	1	15	23	6	19	8	49	0
0.227	1	15	23	8	19	8	49	0
0.229	1	15	23	10	19	8	49	0
0.231	1	15	24	2	19	8	49	0
0.233	1	15	24	4	19	8	49	0
0.235	1	15	24	6	19	8	49	0
0.236	1	15	24	7	19	8	49	0
0.238	1	15	24	9	19	8	49	0
0.24	1	15	25	1	19	8	49	0
0.242	1	15	25	3	19	8	49	0
0.244	1	15	25	5	19	8	49	0
0.246	1	15	25	7	19	8	49	0
0.248	1	15	25	9	19	8	49	0
0.25	1	15	26	1	19	8	49	0
0.251	1	15	26	2	19	8	49	0
0.253	1	15	26	4	19	8	49	0
0.255	1	15	26	6	19	8	49	0
0.257	1	15	26	8	19	8	49	0
0.259	1	15	26	10	19	8	49	0
0.261	1	15	27	2	19	8	49	0
0.263	1	15	27	4	19	8	49	0
0.265	1	15	27	6	19	8	49	0
0.266	1	15	27	7	19	8	49	0
0.268	1	15	27	9	19	8	49	0
0.27	1	15	28	1	19	8	49	0
0.272	1	15	28	3	19	8	49	0
0.274	1	15	28	5	19	8	49	0
0.276	1	15	28	7	19	8	49	0
0.278	1	15	28	9	19	8	49	0
0.28	1	15	29	1	19	8	49	0
0.281	1	15	29	2	19	8	49	0
0.283	1	15	29	4	19	8	49	0
0.285	1	15	29	6	19	8	49	0
0.287	1	15	29	8	19	8	49	0
0.289	1	15	29	10	19	8	49	0
0.291	1	15	30	2	19	8	49	0
0.293	1	15	30	4	19	8	49	0
0.295	1	15	30	6	19	8	49	0
0.296	1	15	30	7	19	8	49	0
0.298	1	15	30	9	19	8	49	0
0.3	1	15	31	1	19	8	49	0
0.302	1	15	31	3	19	8	49	0
0.304	1	15	31	5	19	8	49	0
0.306	1	15	31	7	19	8	49	0
0.308	1	15	31	9	19	8	49	0
0.31	1	15	32	1	19	8	49	0
0.311	1	15	32	2	19	8	49	0
0.313	1	15	32	4	19	8	49	0
0.315	1	15	32	6	19	8	49	0
0.317	1	15	32	8	19	8	49	0
0.319	1	15	32	10	19	8	49	0
0.321	1	15	33	2	19	8	49	0
0.323	1	15	33	4	19	8	49	0
0.325	1	15	33	6	19	8	49	0
0.326	1	15	33	7	19	8	49	0
0.328	1	15	33	9	19	8	49	0
0.33	1	15	34	1	19	8	49	0
0.332	1	15	34	3	19	8	49	0
0.334	1	15	34	5	19	8	49	0
0.336	1	15	34	7	19	8	49	0
0.338	1	15	34	9	19	8	49	0
0.34	1	15	35	1	19	8	49	0
0.341	1	15	35	2	19	8	49	0
0.343	1	15	35	4	19	8	49	0
0.345	1	15	35	6	19	8	49	0
0.347	1	15	35	8	19	8	49	0
0.349	1	15	35	10	19	8	49	0
0.351	1	15	36	2	19	8	49	0
0.353	1	15	36	4	19	8	49	0
0.355	1	15	36	6	19	8	49	0
0.356	1	15	36	7	19	8	49	0
0.358	1	15	36	9	19	8	49	0
0.36	1	15	37	1	19	8	49	0
0.362	1	15	37	3	19	8	49	0
0.364	1	15	37	5	19	8	49	0
0.366	1	15	37	7	19	8	49	0
0.368	1	15	37	9	19	8	49	0
0.37	1	15	38	1	19	8	49	0
0.371	1	15	38	2	19	8	49	0
0.373	1	15	38	4	19	8	49	0
0.375	1	15	38	6	19	8	49	0
0.377	1	15	38	8	19	8	49	0
0.379	1	15	38	10	19	8	49	0
0.381	1	15	39	2	19	8	49	0
0.383	1	15	39	4	19	8	49	0
0.385	1	15	39	6	19	8	49	0
0.386	1	15	39	7	19	8	49	0
0.388	1	15	39	9	19	8	49	0
0.39	1	15	40	1	19	8	49	0
0.392	1	15	40	3	19	8	49	0
0.394	1	15	40	5	19	8	49	0
0.396	1	15	40	7	19	8	49	0
0.398	1	15	40	9	19	8	49	0
0.4	1	15	41	1	19	8	49	0
0.401	1	15	41	2	19	8	49	0
0.403	1	15	41	4	19	8	49	0
0.405	1	15	41	6	19	8	49	0
0.407	1	15	41	8	19	8	49	0
0.409	1	15	41	10	19	8	49	0
0.411	1	15	42	2	19	8	49	0
0.413	1	15	42	4	19	8	49	0
0.415	1	15	42	6	19	8	49	0
0.416	1	15	42	7	19	8	49	0
0.418	1	15	42	9	19	8	49	0
0.42	1	15	43	1	19	8	49	0
0.422	1	15	43	3	19	8	49	0
0.424	1	15	43	5	19	8	49	0
0.426	1	15	43	7	19	8	49	0
0.428	1	15	43	9	19	8	49	0
0.43	1	15	44	1	19	8	49	0
0.431	1	15	44	2	19	8	49	0
0.433	1	15	44	4	19	8	49	0
0.435	1	15	44	6	19	8	49	0
0.437	1	15	44	8	19	8	49	0
0.439	1	15	44	10	19	8	49	0
0.441	1	15	45	2	19	8	49	0
0.443	1	15	45	4	19	8	49	0
0.445	1	15	45	6	19	8	49	0
0.446	1	15	45	7	19	8	49	0
0.448	1	15	45	9	19	8	49	0
0.45	1	15	46	1	19	8	49	0
0.452	1	15	46	3	19	8	49	0
0.454	1	15	46	5	19	8	49	0
0.456	1	15	46	7	19	8	49	0
0.458	1	15	46	9	19	8	49	0
0.46	1	15	47	1	19	8	49	0
0.461	1	15	47	2	19	8	49	0
0.463	1	15	47	4	19	8	49	0
0.465	1	15	47	6	19	8	49	0
0.467	1	15	47	8	19	8	49	0
0.469	1	15	47	10	19	8	49	0
0.471	1	15	48	2	19	8	49	0
0.473	1	15	48	4	19	8	49	0
0.475	1	15	48	6	19	8	49	0
0.476	1	15	48	7	19	8	49	0
0.478	1	15	48	9	19	8	49	0
0.48	1	15	49	1	19	8	49	0
0.482	1	15	49	3	19	8	49	0
0.484	1	15	49	5	19	8	49	0
0.486	1	15	49	7	19	8	49	0
0.488	1	15	49	9	19	8	49	0
0.49	1	15	50	1	19	8	49	0
0.491	1	15	50	2	19	8	49	0
0.493	1	15	50	4	19	8	49	0
0.495	1	15	50	6	19	8	49	0
0.497	1	15	50	8	19	8	49	0
0.499	1	15	50	10	19	8	49	0
0.501	1	15	51	2	19	8	49	0
0.503	1	15	51	4	19	8	49	0
0.505	1	15	51	6	19	8	49	0
0.506	1	15	51	7	19	8	49	0
0.508	1	15	51	9	19	8	49	0
0.51	1	15	52	1	19	8	49	0
0.512	1	15	52	3	19	8	49	0
0.514	1	15	52	5	19	8	49	0
0.516	1	15	52	7	19	8	49	0
0.518	1	15	52	9	19	8	49	0
0.52	1	15	53	1	19	8	49	0
0.521	1	15	53	2	19	8	49	0
0.523	1	15	53	4	19	8	49	0
0.525	1	15	53	6	19	8	49	0
0.527	1	15	53	8	19	8	49	0
0.529	1	15	53	10	19	8	49	0
0.531	1	15	54	2	19	8	49	0
0.533	1	15	54	4	19	8	49	0
0.535	1	15	54	6	19	8	49	0
0.536	1	15	54	7	19	8	49	0
0.538	1	15	54	9	19	8	49	0
0.54	1	15	55	1	19	8	49	0
0.542	1	15	55	3	19	8	49	0
0.544	1	15	55	5	19	8	49	0
0.546	1	15	55	7	19	8	49	0
0.548	1	15	55	9	19	8	49	0
0.55	1	15	56	1	19	8	49	0
0.551	1	15	56	2	19	8	49	0
0.553	1	15	56	4	19	8	49	0
0.555	1	15	56	6	19	8	49	0
0.557	1	15	56	8	19	8	49	0
0.559	1	15	56	10	19	8	49	0
0.561	1	15	57	2	19	8	49	0
0.563	1	15	57	4	19	8	49	0
0.565	1	15	57	6	19	8	49	0
0.566	1	15	57	7	19	8	49	0
0.568	1	15	57	9	19	8	49	0
0.57	1	15	58	1	19	8	49	0
0.572	1	15	58	3	19	8	49	0
0.574	1	15	58	5	19	8	49	0
0.576	1	15	58	7	19	8	49	0
0.578	1	15	58	9	19	8	49	0
0.58	1	15	59	1	19	8	49	0
0.581	1	15	59	2	19	8	49	0
0.583	1	15	59	4	19	8	49	0
0.585	1	15	59	6	19	8	49	0
0.587	1	15	59	8	19	8	49	0
0.589	1	15	59	10	19	8	49	0
0.591	1	15	60	2	19	8	49	0
0.593	1	15	60	4	19	8	49	0
0.595	1	15	60	6	19	8	49	0
0.596	1	15	60	7	19	8	49	0
0.598	1	15	60	9	19	8	49	0
0.6	1	15	61	1	19	8	49	0
0.602	1	15	61	3	19	8	49	0
0.604	1	15	61	5	19	8	49	0
0.606	1	15	61	7	19	8	49	0
0.608	1	15	61	9	19	8	49	0
0.61	1	15	62	1	19	8	49	0
0.611	1	15	62	2	19	8	49	0
0.613	1	15	62	4	19	8	49	0
0.615	1	15	62	6	19	8	49	0
0.617	1	15	62	8	19	8	49	0
0.619	1	15	62	10	19	8	49	0
0.621	1	15	63	2	19	8	49	0
0.623	1	15	63	4	19	8	49	0
0.625	1	15	63	6	19	8	49	0
0.626	1	15	63	7	19	8	49	0
0.628	1	15	63	9	19	8	49	0
0.63	1	15	64	1	19	8	49	0
0.632	1	15	64	3	19	8	49	0
0.634	1	15	64	5	19	8	49	0
0.636	1	15	64	7	19	8	49	0
0.638	1	15	64	9	19	8	49	0
0.64	1	15	65	1	19	8	49	0
0.641	1	15	65	2	19	8	49	0
0.643	1	15	65	4	19	8	49	0
0.645	1	15	65	6	19	8	49	0
0.647	1	15	65	8	19	8	49	0
0.649	1	15	65	10	19	8	49	0
0.651	1	15	66	2	19	8	49	0
0.653	1	15	66	4	19	8	49	0
0.655	1	15	66	6	19	8	49	0
0.656	1	15	66	7	19	8	49	0
0.658	1	15	66	9	19	8	49	0
0.66	1	15	67	1	19	8	49	0
0.662	1	15	67	3	19	8	49	0
0.664	1	15	67	5	19	8	49	0
0.666	1	15	67	7	19	8	49	0
0.668	1	15	67	9	19	8	49	0
0.67	1	15	68	1	19	8	49	0
0.671	1	15	68	2	19	8	49	0
0.673	1	15	68	4	19	8	49	0
0.675	1	15	68	6	19	8	49	0
0.677	1	15	68	8	19	8	49	0
0.679	1	15	68	10	19	8	49	0
0.681	1	15	69	2	19	8	49	0
0.683	1	15	69	4	19	8	49	0
0.685	1	15	69	6	19	8	49	0
0.686	1	15	69	7	19	8	49	0
0.688	1	15	69	9	19	8	49	0
0.69	1	15	70	1	19	8	49	0
0.692	1	15	70	3	19	8	49	0
0.694	1	15	70	5	19	8	49	0
0.696	1	15	70	7	19	8	49	0
0.698	1	15	70	9	19	8	49	0
0.7	1	15	71	1	19	8	49	0
0.701	1	15	71	2	19	8	49	0
0.703	1	15	71	4	19	8	49	0
0.705	1	15	71	6	19	8	49	0
0.707	1	15	71	8	19	8	49	0
0.709	1	15	71	10	19	8	49	0
0.711	1	15	72	2	19	8	49	0
0.713	1	15	72	4	19	8	49	0
0.715	1	15	72	6	19	8	49	0
0.716	1	15	72	7	19	8	49	0
0.718	1	15	72	9	19	8	49	0
0.72	1	15	73	1	19	8	49	0
0.722	1	15	73	3	19	8	49	0
0.724	1	15	73	5	19	8	49	0
0.726	1	15	73	7	19	8	49	0
0.728	1	15	73	9	19	8	49	0
0.73	1	15	74	1	19	8	49	0
0.731	1	15	74	2	19	8	49	0
0.733	1	15	74	4	19	8	49	0
0.735	1	15	74	6	19	8	49	0
0.737	1	15	74	8	19	8	49	0
0.739	1	15	74	10	19	8	49	0
0.741	1	15	75	2	19	8	49	0
0.743	1	15	75	4	19	8	49	0
0.745	1	15	75	6	19	8	49	0
0.746	1	15	75	7	19	8	49	0
0.748	1	15	75	9	19	8	49	0
0.75	1	15	76	1	19	8	49	0
0.752	1	15	76	3	19	8	49	0
0.754	1	15	76	5	19	8	49	0
0.756	1	15	76	7	19	8	49	0
0.758	1	15	76	9	19	8	49	0
0.76	1	15	77	1	19	8	49	0
0.761	1	15	77	2	19	8	49	0
0.763	1	15	77	4	19	8	49	0
0.765	1	15	77	6	19	8	49	0
0.767	1	15	77	8	19	8	49	0
0.769	1	15	77	10	19	8	49	0
0.771	1	15	78	2	19	8	49	0
0.773	1	15	78	4	19	8	49	0
0.775	1	15	78	6	19	8	49	0
0.776	1	15	78	7	19	8	49	0
0.778	1	15	78	9	19	8	49	0
0.78	1	15	79	1	19	8	49	0
0.782	1	15	79	3	19	8	49	0
0.784	1	15	79	5	19	8	49	0
0.786	1	15	79	7	19	8	49	0
0.788	1	15	79	9	19	8	49	0
0.79	1	15	80	1	19	8	49	0
0.791	1	15	80	2	19	8	49	0
0.793	1	15	80	4	19	8	49	0
0.795	1	15	80	6	19	8	49	0
0.797	1	15	80	8	19	8	49	0
0.799	1	15	80	10	19	8	49	0
0.801	1	15	81	2	19	8	49	0
0.803	1	15	81	4	19	8	49	0
0.805	1	15	81	6	19	8	49	0
0.806	1	15	81	7	19	8	49	0
0.808	1	15	81	9	19	8	49	0
0.81	1	15	82	1	19	8	49	0
0.812	1	15	82	3	19	8	49	0
0.814	1	15	82	5	19	8	49	0
0.816	1	15	82	7	19	8	49	0
0.818	1	15	82	9	19	8	49	0
0.82	1	15	83	1	19	8	49	0
0.821	1	15	83	2	19	8	49	0
0.823	1	15	83	4	19	8	49	0
0.825	1	15	83	6	19	8	49	0
0.827	1	15	83	8	19	8	49	0
0.829	1	15	83	10	19	8	49	0
0.831	1	15	84	2	19	8	49	0
0.833	1	15	84	4	19	8	49	0
0.835	1	15	84	6	19	8	49	0
0.836	1	15	84	7	19	8	49	0
0.838	1	15	84	9	19	8	49	0
0.84	1	15	85	1	19	8	49	0
0.842	1	15	85	3	19	8	49	0
0.844	1	15	85	5	19	8	49	0
0.846	1	15	85	7	19	8	49	0
0.848	1	15	85	9	19	8	49	0
0.85	1	15	86	1	19	8	49	0
0.851	1	15	86	2	19	8	49	0
0.853	1	15	86	4	19	8	49	0
0.855	1	15	86	6	19	8	49	0
0.857	1	15	86	8	19	8	49	0
0.859	1	15	86	10	19	8	49	0
0.861	1	15	87	2	19	8	49	0
0.863	1	15	87	4	19	8	49	0
0.865	1	15	87	6	19	8	49	0
0.866	1	15	87	7	19	8	49	0
0.868	1	15	87	9	19	8	49	0
0.87	1	15	88	1	19	8	49	0
0.872	1	15	88	3	19	8	49	0
0.874	1	15	88	5	19	8	49	0
0.876	1	15	88	7	19	8	49	0
0.878	1	15	88	9	19	8	49	0
0.88	1	15	89	1	19	8	49	0
0.881	1	15	89	2	19	8	49	0
0.883	1	15	89	4	19	8	49	0
0.885	1	15	89	6	19	8	49	0
0.887	1	15	89	8	19	8	49	0
0.889	1	15	89	10	19	8	49	0
0.891	1	15	90	2	19	8	49	0
0.893	1	15	90	4	19	8	49	0
0.895	1	15	90	6	19	8	49	0
0.896	1	15	90	7	19	8	49	0
0.898	1	15	90	9	19	8	49	0
0.9	1	15	91	1	19	8	49	0
0.902	1	15	91	3	19	8	49	0
0.904	1	15	91	5	19	8	49	0
0.906	1	15	91	7	19	8	49	0
0.908	1	15	91	9	19	8	49	0
0.91	1	15	92	1	19	8	49	0
0.911	1	15	92	2	19	8	49	0
0.913	1	15	92	4	19	8	49	0
0.915	1	15	92	6	19	8	49	0
0.917	1	15	92	8	19	8	49	0
0.919	1	15	92	10	19	8	49	0
0.921	1	15	93	2	19	8	49	0
0.923	1	15	93	4	19	8	49	0
0.925	1	15	93	6	19	8	49	0
0.926	1	15	93	7	19	8	49	0
0.928	1	15	93	9	19	8	49	0
0.93	1	15	94	1	19	8	49	0
0.932	1	15	94	3	19	8	49	0
0.934	1	15	94	5	19	8	49	0
0.936	1	15	94	7	19	8	49	0
0.938	1	15	94	9	19	8	49	0
0.94	1	15	95	1	19	8	49	0
0.941	1	15	95	2	19	8	49	0
0.943	1	15	95	4	19	8	49	0
0.945	1	15	95	6	19	8	49	0
0.947	1	15	95	8	19	8	49	0
0.949	1	15	95	10	19	8	49	0
0.951	1	15	96	2	19	8	49	0
0.953	1	15	96	4	19	8	49	0
0.955	1	15	96	6	19	8	49	0
0.956	1	15	96	7	19	8	49	0
0.958	1	15	96	9	19	8	49	0
0.96	1	15	97	1	19	8	49	0
0.962	1	15	97	3	19	8	49	0
0.964	1	15	97	5	19	8	49	0
0.966	1	15	97	7	19	8	49	0
0.968	1	15	97	9	19	8	49	0
0.97	1	15	98	1	19	8	49	0
0.971	1	15	98	2	19	8	49	0
0.973	1	15	98	4	19	8	49	0
0.975	1	15	98	6	19	8	49	0
0.977	1	15	98	8	19	8	49	0
0.979	1	15	98	10	19	8	49	0
0.981	1	15	99	2	19	8	49	0
0.983	1	15	99	4	19	8	49	0
0.985	1	15	99	6	19	8	49	0
0.986	1	15	99	7	19	8	49	0
0.988	1	15	99	9	19	8	49	0
0.99	1	15	100	1	19	8	49	0
0.992	1	15	100	3	19	8	49	0
0.994	1	15	100	5	19	8	49	0
0.996	1	15	100	7	19	8	49	0
0.998	1	15	100	9	19	8	49	0
1	1	15	101	1	19	8	49	0
1.001	1	15	101	2	19	8	49	0
1.003	1	15	101	4	19	8	49	0
1.005	1	15	101	6	19	8	49	0
1.007	1	15	101	8	19	8	49	0
1.009	1	15	101	10	19	8	49	0
1.011	1	15	102	2	19	8	49	0
1.013	1	15	102	4	19	8	49	0
1.015	1	15	102	6	19	8	49	0
1.016	1	15	102	7	19	8	49	0
1.018	1	15	102	9	19	8	49	0
1.02	1	15	103	1	19	8	49	0
1.022	1	15	103	3	19	8	49	0
1.024	1	15	103	5	19	8	49	0
1.026	1	15	103	7	19	8	49	0
1.028	1	15	103	9	19	8	49	0
1.03	1	15	104	1	19	8	49	0
1.031	1	15	104	2	19	8	49	0
1.033	1	15	104	4	19	8	49	0
1.035	1	15	104	6	19	8	49	0
1.037	1	15	104	8	19	8	49	0
1.039	1	15	104	10	19	8	49	0
1.041	1	15	105	2	19	8	49	0
1.043	1	15	105	4	19	8	49	0
1.045	1	15	105	6	19	8	49	0
1.046	1	15	105	7	19	8	49	0
1.048	1	15	105	9	19	8	49	0
1.05	1	15	106	1	19	8	49	0
1.052	1	15	106	3	19	8	49	0
1.054	1	15	106	5	19	8	49	0
1.056	1	15	106	7	19	8	49	0
1.058	1	15	106	9	19	8	49	0
1.06	1	15	107	1	19	8	49	0
1.061	1	15	107	2	19	8	49	0
1.063	1	15	107	4	19	8	49	0
1.065	1	15	107	6	19	8	49	0
1.067	1	15	107	8	19	8	49	0
1.069	1	15	107	10	19	8	49	0
1.071	1	15	108	2	19	8	49	0
1.073	1	15	108	4	19	8	49	0
1.075	1	15	108	6	19	8	49	0
1.076	1	15	108	7	19	8	49	0
1.078	1	15	108	9	19	8	49	0
1.08	1	15	109	1	19	8	49	0
1.082	1	15	109	3	19	8	49	0
1.084	1	15	109	5	19	8	49	0
1.086	1	15	109	7	19	8	49	0
1.088	1	15	109	9	19	8	49	0
1.09	1	15	110	1	19	8	49	0
1.091	1	15	110	2	19	8	49	0
1.093	1	15	110	4	19	8	49	0
1.095	1	15	110	6	19	8	49	0
1.097	1	15	110	8	19	8	49	0
1.099	1	15	110	10	19	8	49	0
1.101	1	15	111	2	19	8	49	0
1.103	1	15	111	4	19	8	49	0
1.105	1	15	111	6	19	8	49	0
1.106	1	15	111	7	19	8	49	0
1.108	1	15	111	9	19	8	49	0
1.11	1	15	112	1	19	8	49	0
1.112	1	15	112	3	19	8	49	0
1.114	1	15	112	5	19	8	49	0
1.116	1	15	112	7	19	8	49	0
1.118	1	15	112	9	19	8	49	0
1.12	1	15	113	1	19	8	49	0
1.121	1	15	113	2	19	8	49	0
1.123	1	15	113	4	19	8	49	0
1.125	1	15	113	6	19	8	49	0
1.127	1	15	113	8	19	8	49	0
1.129	1	15	113	10	19	8	49	0
1.131	1	15	114	2	19	8	49	0
1.133	1	15	114	4	19	8	49	0
1.135	1	15	114	6	19	8	49	0
1.136	1	15	114	7	19	8	49	0
1.138	1	15	114	9	19	8	49	0
1.14	1	15	115	1	19	8	49	0
1.142	1	15	115	3	19	8	49	0
1.144	1	15	115	5	19	8	49	0
1.146	1	15	115	7	19	8	49	0
1.148	1	15	115	9	19	8	49	0
1.15	1	15	116	1	19	8	49	0
1.151	1	15	116	2	19	8	49	0
1.153	1	15	116	4	19	8	49	0
1.155	1	15	116	6	19	8	49	0
1.157	1	15	116	8	19	8	49	0
1.159	1	15	116	10	19	8	49	0
1.161	1	15	117	2	19	8	49	0
1.163	1	15	117	4	19	8	49	0
1.165	1	15	117	6	19	8	49	0
1.166	1	15	117	7	19	8	49	0
1.168	1	15	117	9	19	8	49	0
1.17	1	15	118	1	19	8	49	0
1.172	1	15	118	3	19	8	49	0
1.174	1	15	118	5	19	8	49	0
1.176	1	15	118	7	19	8	49	0
1.178	1	15	118	9	19	8	49	0
1.18	1	15	119	1	19	8	49	0
1.181	1	15	119	2	19	8	49	0
1.183	1	15	119	4	19	8	49	0
1.185	1	15	119	6	19	8	49	0
1.187	1	15	119	8	19	8	49	0
1.189	1	15	119	10	19	8	49	0
1.191	1	15	120	2	19	8	49	0
1.193	1	15	120	4	19	8	49	0
1.195	1	15	120	6	19	8	49	0
1.196	1	15	120	7	19	8	49	0
1.198	1	15	120	9	19	8	49	0
1.2	1	15	121	1	19	8	49	0
1.202	1	15	121	3	19	8	49	0
1.204	1	15	121	5	19	8	49	0
1.206	1	15	121	7	19	8	49	0
1.208	1	15	121	9	19	8	49	0
1.21	1	15	122	1	19	8	49	0
1.211	1	15	122	2	19	8	49	0
1.213	1	15	122	4	19	8	49	0
1.215	1	15	122	6	19	8	49	0
1.217	1	15	122	8	19	8	49	0
1.219	1	15	122	10	19	8	49	0
1.221	1	15	123	2	19	8	49	0
1.223	1	15	123	4	19	8	49	0
1.225	1	15	123	6	19	8	49	0
1.226	1	15	123	7	19	8	49	0
1.228	1	15	123	9	19	8	49	0
1.23	1	15	124	1	19	8	49	0
1.232	1	15	124	3	19	8	49	0
1.234	1	15	124	5	19	8	49	0
1.236	1	15	124	7	19	8	49	0
1.238	1	15	124	9	19	8	49	0
1.24	1	15	125	1	19	8	49	0
1.241	1	15	125	2	19	8	49	0
1.243	1	15	125	4	19	8	49	0
1.245	1	15	125	6	19	8	49	0
1.247	1	15	125	8	19	8	49	0
1.249	1	15	125	10	19	8	49	0
1.251	1	15	126	2	19	8	49	0
1.253	1	15	126	4	19	8	49	0
1.255	1	15	126	6	19	8	49	0
1.256	1	15	126	7	19	8	49	0
1.258	1	15	126	9	19	8	49	0
1.26	1	15	127	1	19	8	49	0
1.262	1	15	127	3	19	8	49	0
1.264	1	15	127	5	19	8	49	0
1.266	1	15	127	7	19	8	49	0
1.268	1	15	127	9	19	8	49	0
1.27	1	15	128	1	19	8	49	0
1.271	1	15	128	2	19	8	49	0
1.273	1	15	128	4	19	8	49	0
1.275	1	15	128	6	19	8	49	0
1.277	1	15	128	8	19	8	49	0
1.279	1	15	128	10	19	8	49	0
1.281	1	15	129	2	19	8	49	0
1.283	1	15	129	4	19	8	49	0
1.285	1	15	129	6	19	8	49	0
1.286	1	15	129	7	19	8	49	0
1.288	1	15	129	9	19	8	49	0
1.29	1	15	130	1	19	8	49	0
1.292	1	15	130	3	19	8	49	0
1.294	1	15	130	5	19	8	49	0
1.296	1	15	130	7	19	8	49	0
1.298	1	15	130	9	19	8	49	0
1.3	1	15	131	1	19	8	49	0
1.301	1	15	131	2	19	8	49	0
1.303	1	15	131	4	19	8	49	0
1.305	1	15	131	6	19	8	49	0
1.307	1	15	131	8	19	8	49	0
1.309	1	15	131	10	19	8	49	0
1.311	1	15	132	2	19	8	49	0
1.313	1	15	132	4	19	8	49	0
1.315	1	15	132	6	19	8	49	0
1.316	1	15	132	7	19	8	49	0
1.318	1	15	132	9	19	8	49	0
1.32	1	15	133	1	19	8	49	0
1.322	1	15	133	3	19	8	49	0
1.324	1	15	133	5	19	8	49	0
1.326	1	15	133	7	19	8	49	0
1.328	1	15	133	9	19	8	49	0
1.33	1	15	134	1	19	8	49	0
1.331	1	15	134	2	19	8	49	0
1.333	1	15	134	4	19	8	49	0
1.335	1	15	134	6	19	8	49	0
1.337	1	15	134	8	19	8	49	0
1.339	1	15	134	10	19	8	49	0
1.341	1	15	135	2	19	8	49	0
1.343	1	15	135	4	19	8	49	0
1.345	1	15	135	6	19	8	49	0
1.346	1	15	135	7	19	8	49	0
1.348	1	15	135	9	19	8	49	0
1.35	1	15	136	1	19	8	49	0
1.352	1	15	136	3	19	8	49	0
1.354	1	15	136	5	19	8	49	0
1.356	1	15	136	7	19	8	49	0
1.358	1	15	136	9	19	8	49	0
1.36	1	15	137	1	19	8	49	0
1.361	1	15	137	2	19	8	49	0
1.363	1	15	137	4	19	8	49	0
1.365	1	15	137	6	19	8	49	0
1.367	1	15	137	8	19	8	49	0
1.369	1	15	137	10	19	8	49	0
1.371	1	15	138	2	19	8	49	0
1.373	1	15	138	4	19	8	49	0
1.375	1	15	138	6	19	8	49	0
1.376	1	15	138	7	19	8	49	0
1.378	1	15	138	9	19	8	49	0
1.38	1	15	139	1	19	8	49	0
1.382	1	15	139	3	19	8	49	0
1.384	1	15	139	5	19	8	49	0
1.386	1	15	139	7	19	8	49	0
1.388	1	15	139	9	19	8	49	0
1.39	1	15	140	1	19	8	49	0
1.391	1	15	140	2	19	8	49	0
1.393	1	15	140	4	19	8	49	0
1.395	1	15	140	6	19	8	49	0
1.397	1	15	140	8	19	8	49	0
1.399	1	15	140	10	19	8	49	0
1.401	1	15	141	2	19	8	49	0
1.403	1	15	141	4	19	8	49	0
1.405	1	15	141	6	19	8	49	0
1.406	1	15	141	7	19	8	49	0
1.408	1	15	141	9	19	8	49	0
1.41	1	15	142	1	19	8	49	0
1.412	1	15	142	3	19	8	49	0
1.414	1	15	142	5	19	8	49	0
1.416	1	15	142	7	19	8	49	0
1.418	1	15	142	9	19	8	49	0
1.42	1	15	143	1	19	8	49	0
1.421	1	15	143	2	19	8	49	0
1.423	1	15	143	4	19	8	49	0
1.425	1	15	143	6	19	8	49	0
1.427	1	15	143	8	19	8	49	0
1.429	1	15	143	10	19	8	49	0
1.431	1	15	144	2	19	8	49	0
1.433	1	15	144	4	19	8	49	0
1.435	1	15	144	6	19	8	49	0
1.436	1	15	144	7	19	8	49	0
1.438	1	15	144	9	19	8	49	0
1.44	1	15	145	1	19	8	49	0
1.442	1	15	145	3	19	8	49	0
1.444	1	15	145	5	19	8	49	0
1.446	1	15	145	7	19	8	49	0
1.448	1	15	145	9	19	8	49	0
1.45	1	15	146	1	19	8	49	0
1.451	1	15	146	2	19	8	49	0
1.453	1	15	146	4	19	8	49	0
1.455	1	15	146	6	19	8	49	0
1.457	1	15	146	8	19	8	49	0
1.459	1	15	146	10	19	8	49	0
1.461	1	15	147	2	19	8	49	0
1.463	1	15	147	4	19	8	49	0
1.465	1	15	147	6	19	8	49	0
1.466	1	15	147	7	19	8	49	0
1.468	1	15	147	9	19	8	49	0
1.47	1	15	148	1	19	8	49	0
1.472	1	15	148	3	19	8	49	0
1.474	1	15	148	5	19	8	49	0
1.476	1	15	148	7	19	8	49	0
1.478	1	15	148	9	19	8	49	0
1.48	1	15	149	1	19	8	49	0
1.481	1	15	149	2	19	8	49	0
1.483	1	15	149	4	19	8	49	0
1.485	1	15	149	6	19	8	49	0
1.487	1	15	149	8	19	8	49	0
1.489	1	15	149	10	19	8	49	0
1.491	1	15	150	2	19	8	49	0
1.493	1	15	150	4	19	8	49	0
1.495	1	15	150	6	19	8	49	0
1.496	1	15	150	7	19	8	49	0
1.498	1	15	150	9	19	8	49	0
1.5	1	15	151	1	19	8	49	0
1.502	1	15	151	3	19	8	49	0
1.504	1	15	151	5	19	8	49	0
1.506	1	15	151	7	19	8	49	0
1.508	1	15	151	9	19	8	49	0
1.51	1	15	152	1	19	8	49	0
1.511	1	15	152	2	19	8	49	0
1.513	1	15	152	4	19	8	49	0
1.515	1	15	152	6	19	8	49	0
1.517	1	15	152	8	19	8	49	0
1.519	1	15	152	10	19	8	49	0
1.521	1	15	153	2	19	8	49	0
1.523	1	15	153	4	19	8	49	0
1.525	1	15	153	6	19	8	49	0
1.526	1	15	153	7	19	8	49	0
1.528	1	15	153	9	19	8	49	0
1.53	1	15	154	1	19	8	49	0
1.532	1	15	154	3	19	8	49	0
1.534	1	15	154	5	19	8	49	0
1.536	1	15	154	7	19	8	49	0
1.538	1	15	154	9	19	8	49	0
1.54	1	15	155	1	19	8	49	0
1.541	1	15	155	2	19	8	49	0
1.543	1	15	155	4	19	8	49	0
1.545	1	15	155	6	19	8	49	0
1.547	1	15	155	8	19	8	49	0
1.549	1	15	155	10	19	8	49	0
1.551	1	15	156	2	19	8	49	0
1.553	1	15	156	4	19	8	49	0
1.555	1	15	156	6	19	8	49	0
1.556	1	15	156	7	19	8	49	0
1.558	1	15	156	9	19	8	49	0
1.56	1	15	157	1	19	8	49	0
1.562	1	15	157	3	19	8	49	0
1.564	1	15	157	5	19	8	49	0
1.566	1	15	157	7	19	8	49	0
1.568	1	15	157	9	19	8	49	0
1.57	1	15	158	1	19	8	49	0
1.571	1	15	158	2	19	8	49	0
1.573	1	15	158	4	19	8	49	0
1.575	1	15	158	6	19	8	49	0
1.577	1	15	158	8	19	8	49	0
1.579	1	15	158	10	19	8	49	0
1.581	1	15	159	2	19	8	49	0
1.583	1	15	159	4	19	8	49	0
1.585	1	15	159	6	19	8	49	0
1.586	1	15	159	7	19	8	49	0
1.588	1	15	159	9	19	8	49	0
1.59	1	15	160	1	19	8	49	0
1.592	1	15	160	3	19	8	49	0
1.594	1	15	160	5	19	8	49	0
1.596	1	15	160	7	19	8	49	0
1.598	1	15	160	9	19	8	49	0
1.6	1	15	161	1	19	8	49	0
1.601	1	15	161	2	19	8	49	0
1.603	1	15	161	4	19	8	49	0
1.605	1	15	161	6	19	8	49	0
1.607	1	15	161	8	19	8	49	0
1.609	1	15	161	10	19	8	49	0
1.611	1	15	162	2	19	8	49	0
1.613	1	15	162	4	19	8	49	0
1.615	1	15	162	6	19	8	49	0
1.616	1	15	162	7	19	8	49	0
1.618	1	15	162	9	19	8	49	0
1.62	1	15	163	1	19	8	49	0
1.622	1	15	163	3	19	8	49	0
1.624	1	15	163	5	19	8	49	0
1.626	1	15	163	7	19	8	49	0
1.628	1	15	163	9	19	8	49	0
1.63	1	15	164	1	19	8	49	0
1.631	1	15	164	2	19	8	49	0
1.633	1	15	164	4	19	8	49	0
1.635	1	15	164	6	19	8	49	0
1.637	1	15	164	8	19	8	49	0
1.639	1	15	164	10	19	8	49	0
1.641	1	15	165	2	19	8	49	0
1.643	1	15	165	4	19	8	49	0
1.645	1	15	165	6	19	8	49	0
1.646	1	15	165	7	19	8	49	0
1.648	1	15	165	9	19	8	49	0
1.65	1	15	166	1	19	8	49	0
1.652	1	15	166	3	19	8	49	0
1.654	1	15	166	5	19	8	49	0
1.656	1	15	166	7	19	8	49	0
1.658	1	15	166	9	19	8	49	0
1.66	1	15	167	1	19	8	49	0
1.661	1	15	167	2	19	8	49	0
1.663	1	15	167	4	19	8	49	0
1.665	1	15	167	6	19	8	49	0
1.667	1	15	167	8	19	8	49	0
1.669	1	15	167	10	19	8	49	0
1.671	1	15	168	2	19	8	49	0
1.673	1	15	168	4	19	8	49	0
1.675	1	15	168	6	19	8	49	0
1.676	1	15	168	7	19	8	49	0
1.678	1	15	168	9	19	8	49	0
1.68	1	15	169	1	19	8	49	0
1.682	1	15	169	3	19	8	49	0
1.684	1	15	169	5	19	8	49	0
1.686	1	15	169	7	19	8	49	0
1.688	1	15	169	9	19	8	49	0
1.69	1	15	170	1	19	8	49	0
1.691	1	15	170	2	19	8	49	0
1.693	1	15	170	4	19	8	49	0
1.695	1	15	170	6	19	8	49	0
1.697	1	15	170	8	19	8	49	0
1.699	1	15	170	10	19	8	49	0
1.701	1	15	171	2	19	8	49	0
1.703	1	15	171	4	19	8	49	0
1.705	1	15	171	6	19	8	49	0
1.706	1	15	171	7	19	8	49	0
1.708	1	15	171	9	19	8	49	0
1.71	1	15	172	1	19	8	49	0
1.712	1	15	172	3	19	8	49	0
1.714	1	15	172	5	19	8	49	0
1.716	1	15	172	7	19	8	49	0
1.718	1	15	172	9	19	8	49	0
1.72	1	15	173	1	19	8	49	0
1.721	1	15	173	2	19	8	49	0
1.723	1	15	173	4	19	8	49	0
1.725	1	15	173	6	19	8	49	0
1.727	1	15	173	8	19	8	49	0
1.729	1	15	173	10	19	8	49	0
1.731	1	15	174	2	19	8	49	0
1.733	1	15	174	4	19	8	49	0
1.735	1	15	174	6	19	8	49	0
1.736	1	15	174	7	19	8	49	0
1.738	1	15	174	9	19	8	49	0
1.74	1	15	175	1	19	8	49	0
1.742	1	15	175	3	19	8	49	0
1.744	1	15	175	5	19	8	49	0
1.746	1	15	175	7	19	8	49	0
1.748	1	15	175	9	19	8	49	0
1.75	1	15	176	1	19	8	49	0
1.751	1	15	176	2	19	8	49	0
1.753	1	15	176	4	19	8	49	0
1.755	1	15	176	6	19	8	49	0
1.757	1	15	176	8	19	8	49	0
1.759	1	15	176	10	19	8	49	0
1.761	1	15	177	2	19	8	49	0
1.763	1	15	177	4	19	8	49	0
1.765	1	15	177	6	19	8	49	0
1.766	1	15	177	7	19	8	49	0
1.768	1	15	177	9	19	8	49	0
1.77	1	15	178	1	19	8	49	0
1.772	1	15	178	3	19	8	49	0
1.774	1	15	178	5	19	8	49	0
1.776	1	15	178	7	19	8	49	0
1.778	1	15	178	9	19	8	49	0
1.78	1	15	179	1	19	8	49	0
1.781	1	15	179	2	19	8	49	0
1.783	1	15	179	4	19	8	49	0
1.785	1	15	179	6	19	8	49	0
1.787	1	15	179	8	19	8	49	0
1.789	1	15	179	10	19	8	49	0
1.791	1	15	180	2	19	8	49	0
1.793	1	15	180	4	19	8	49	0
1.795	1	15	180	6	19	8	49	0
1.796	1	15	180	7	19	8	49	0
1.798	1	15	180	9	19	8	49	0
1.8	1	15	181	1	19	8	49	0
1.802	1	15	181	3	19	8	49	0
1.804	1	15	181	5	19	8	49	0
1.806	1	15	181	7	19	8	49	0
1.808	1	15	181	9	19	8	49	0
1.81	1	15	182	1	19	8	49	0
1.811	1	15	182	2	19	8	49	0
1.813	1	15	182	4	19	8	49	0
1.815	1	15	182	6	19	8	49	0
1.817	1	15	182	8	19	8	49	0
1.819	1	15	182	10	19	8	49	0
1.821	1	15	183	2	19	8	49	0
1.823	1	15	183	4	19	8	49	0
1.825	1	15	183	6	19	8	49	0
1.826	1	15	183	7	19	8	49	0
1.828	1	15	183	9	19	8	49	0
1.83	1	15	184	1	19	8	49	0
1.832	1	15	184	3	19	8	49	0
1.834	1	15	184	5	19	8	49	0
1.836	1	15	184	7	19	8	49	0
1.838	1	15	184	9	19	8	49	0
1.84	1	15	185	1	19	8	49	0
1.841	1	15	185	2	19	8	49	0
1.843	1	15	185	4	19	8	49	0
1.845	1	15	185	6	19	8	49	0
1.847	1	15	185	8	19	8	49	0
1.849	1	15	185	10	19	8	49	0
1.851	1	15	186	2	19	8	49	0
1.853	1	15	186	4	19	8	49	0
1.855	1	15	186	6	19	8	49	0
1.856	1	15	186	7	19	8	49	0
1.858	1	15	186	9	19	8	49	0
1.86	1	15	187	1	19	8	49	0
1.862	1	15	187	3	19	8	49	0
1.864	1	15	187	5	19	8	49	0
1.866	1	15	187	7	19	8	49	0
1.868	1	15	187	9	19	8	49	0
1.87	1	15	188	1	19	8	49	0
1.871	1	15	188	2	19	8	49	0
1.873	1	15	188	4	19	8	49	0
1.875	1	15	188	6	19	8	49	0
1.877	1	15	188	8	19	8	49	0
1.879	1	15	188	10	19	8	49	0
1.881	1	15	189	2	19	8	49	0
1.883	1	15	189	4	19	8	49	0
1.885	1	15	189	6	19	8	49	0
1.886	1	15	189	7	19	8	49	0
1.888	1	15	189	9	19	8	49	0
1.89	1	15	190	1	19	8	49	0
1.892	1	15	190	3	19	8	49	0
1.894	1	15	190	5	19	8	49	0
1.896	1	15	190	7	19	8	49	0
1.898	1	15	190	9	19	8	49	0
1.9	1	15	191	1	19	8	49	0
1.901	1	15	191	2	19	8	49	0
1.903	1	15	191	4	19	8	49	0
1.905	1	15	191	6	19	8	49	0
1.907	1	15	191	8	19	8	49	0
1.909	1	15	191	10	19	8	49	0
1.911	1	15	192	2	19	8	49	0
1.913	1	15	192	4	19	8	49	0
1.915	1	15	192	6	19	8	49	0
1.916	1	15	192	7	19	8	49	0
1.918	1	15	192	9	19	8	49	0
1.92	1	15	193	1	19	8	49	0
1.922	1	15	193	3	19	8	49	0
1.924	1	15	193	5	19	8	49	0
1.926	1	15	193	7	19	8	49	0
1.928	1	15	193	9	19	8	49	0
1.93	1	15	194	1	19	8	49	0
1.931	1	15	194	2	19	8	49	0
1.933	1	15	194	4	19	8	49	0
1.935	1	15	194	6	19	8	49	0
1.937	1	15	194	8	19	8	49	0
1.939	1	15	194	10	19	8	49	0
1.941	1	15	195	2	19	8	49	0
1.943	1	15	195	4	19	8	49	0
1.945	1	15	195	6	19	8	49	0
1.946	1	15	195	7	19	8	49	0
1.948	1	15	195	9	19	8	49	0
1.95	1	15	196	1	19	8	49	0
1.952	1	15	196	3	19	8	49	0
1.954	1	15	196	5	19	8	49	0
1.956	1	15	196	7	19	8	49	0
1.958	1	15	196	9	19	8	49	0
1.96	1	15	197	1	19	8	49	0
1.961	1	15	197	2	19	8	49	0
1.963	1	15	197	4	19	8	49	0
1.965	1	15	197	6	19	8	49	0
1.967	1	15	197	8	19	8	49	0
1.969	1	15	197	10	19	8	49	0
1.971	1	15	198	2	19	8	49	0
1.973	1	15	198	4	19	8	49	0
1.975	1	15	198	6	19	8	49	0
1.976	1	15	198	7	19	8	49	0
1.978	1	15	198	9	19	8	49	0
1.98	1	15	199	1	19	8	49	0
1.982	1	15	199	3	19	8	49	0
1.984	1	15	199	5	19	8	49	0
1.986	1	15	199	7	19	8	49	0
1.988	1	15	199	9	19	8	49	0
1.99	1	15	200	1	19	8	49	0
1.991	1	15	200	2	19	8	49	0
1.993	1	15	200	4	19	8	49	0
1.995	1	15	200	6	19	8	49	0
1.997	1	15	200	8	19	8	49	0
1.999	1	15	200	10	19	8	49	0
2.001	1	15	201	2	19	8	49	0
2.003	1	15	201	4	19	8	49	0
2.005	1	15	201	6	19	8	49	0
2.006	1	15	201	7	19	8	49	0
2.008	1	15	201	9	19	8	49	0
2.01	1	15	202	1	19	8	49	0
2.012	1	15	202	3	19	8	49	0
2.014	1	15	202	5	19	8	49	0
2.016	1	15	202	7	19	8	49	0
2.018	1	15	202	9	19	8	49	0
2.02	1	15	203	1	19	8	49	0
2.021	1	15	203	2	19	8	49	0
2.023	1	15	203	4	19	8	49	0
2.025	1	15	203	6	19	8	49	0
2.027	1	15	203	8	19	8	49	0
2.029	1	15	203	10	19	8	49	0
2.031	1	15	204	2	19	8	49	0
2.033	1	15	204	4	19	8	49	0
2.035	1	15	204	6	19	8	49	0
2.036	1	15	204	7	19	8	49	0
2.038	1	15	204	9	19	8	49	0
2.04	1	15	205	1	19	8	49	0
2.042	1	15	205	3	19	8	49	0
2.044	1	15	205	5	19	8	49	0
2.046	1	15	205	7	19	8	49	0
2.048	1	15	205	9	19	8	49	0
2.05	1	15	206	1	19	8	49	0
2.051	1	15	206	2	19	8	49	0
2.053	1	15	206	4	19	8	49	0
2.055	1	15	206	6	19	8	49	0
2.057	1	15	206	8	19	8	49	0
2.059	1	15	206	10	19	8	49	0
2.061	1	15	207	2	19	8	49	0
2.063	1	15	207	4	19	8	49	0
2.065	1	15	207	6	19	8	49	0
2.066	1	15	207	7	19	8	49	0
2.068	1	15	207	9	19	8	49	0
2.07	1	15	208	1	19	8	49	0
2.072	1	15	208	3	19	8	49	0
2.074	1	15	208	5	19	8	49	0
2.076	1	15	208	7	19	8	49	0
2.078	1	15	208	9	19	8	49	0
2.08	1	15	209	1	19	8	49	0
2.081	1	15	209	2	19	8	49	0
2.083	1	15	209	4	19	8	49	0
2.085	1	15	209	6	19	8	49	0
2.087	1	15	209	8	19	8	49	0
2.089	1	15	209	10	19	8	49	0
2.091	1	15	210	2	19	8	49	0
2.093	1	15	210	4	19	8	49	0
2.095	1	15	210	6	19	8	49	0
2.096	1	15	210	7	19	8	49	0
2.098	1	15	210	9	19	8	49	0
2.1	1	15	211	1	19	8	49	0
2.102	1	15	211	3	19	8	49	0
2.104	1	15	211	5	19	8	49	0
2.106	1	15	211	7	19	8	49	0
2.108	1	15	211	9	19	8	49	0
2.11	1	15	212	1	19	8	49	0
2.111	1	15	212	2	19	8	49	0
2.113	1	15	212	4	19	8	49	0
2.115	1	15	212	6	19	8	49	0
2.117	1	15	212	8	19	8	49	0
2.119	1	15	212	10	19	8	49	0
2.121	1	15	213	2	19	8	49	0
2.123	1	15	213	4	19	8	49	0
2.125	1	15	213	6	19	8	49	0
2.126	1	15	213	7	19	8	49	0
2.128	1	15	213	9	19	8	49	0
2.13	1	15	214	1	19	8	49	0
2.132	1	15	214	3	19	8	49	0
2.134	1	15	214	5	19	8	49	0
2.136	1	15	214	7	19	8	49	0
2.138	1	15	214	9	19	8	49	0
2.14	1	15	215	1	19	8	49	0
2.141	1	15	215	2	19	8	49	0
2.143	1	15	215	4	19	8	49	0
2.145	1	15	215	6	19	8	49	0
2.147	1	15	215	8	19	8	49	0
2.149	1	15	215	10	19	8	49	0
2.151	1	15	216	2	19	8	49	0
2.153	1	15	216	4	19	8	49	0
2.155	1	15	216	6	19	8	49	0
2.156	1	15	216	7	19	8	49	0
2.158	1	15	216	9	19	8	49	0
2.16	1	15	217	1	19	8	49	0
2.162	1	15	217	3	19	8	49	0
2.164	1	15	217	5	19	8	49	0
2.166	1	15	217	7	19	8	49	0
2.168	1	15	217	9	19	8	49	0
2.17	1	15	218	1	19	8	49	0
2.171	1	15	218	2	19	8	49	0
2.173	1	15	218	4	19	8	49	0
2.175	1	15	218	6	19	8	49	0
2.177	1	15	218	8	19	8	49	0
2.179	1	15	218	10	19	8	49	0
2.181	1	15	219	2	19	8	49	0
2.183	1	15	219	4	19	8	49	0
2.185	1	15	219	6	19	8	49	0
2.186	1	15	219	7	19	8	49	0
2.188	1	15	219	9	19	8	49	0
2.19	1	15	220	1	19	8	49	0
2.192	1	15	220	3	19	8	49	0
2.194	1	15	220	5	19	8	49	0
2.196	1	15	220	7	19	8	49	0
2.198	1	15	220	9	19	8	49	0
2.2	1	15	221	1	19	8	49	0
2.201	1	15	221	2	19	8	49	0
2.203	1	15	221	4	19	8	49	0
2.205	1	15	221	6	19	8	49	0
2.207	1	15	221	8	19	8	49	0
2.209	1	15	221	10	19	8	49	0
2.211	1	15	222	2	19	8	49	0
2.213	1	15	222	4	19	8	49	0
2.215	1	15	222	6	19	8	49	0
2.216	1	15	222	7	19	8	49	0
2.218	1	15	222	9	19	8	49	0
2.22	1	15	223	1	19	8	49	0
2.222	1	15	223	3	19	8	49	0
2.224	1	15	223	5	19	8	49	0
2.226	1	15	223	7	19	8	49	0
2.228	1	15	223	9	19	8	49	0
2.23	1	15	224	1	19	8	49	0
2.231	1	15	224	2	19	8	49	0
2.233	1	15	224	4	19	8	49	0
2.235	1	15	224	6	19	8	49	0
2.237	1	15	224	8	19	8	49	0
2.239	1	15	224	10	19	8	49	0
2.241	1	15	225	2	19	8	49	0
2.243	1	15	225	4	19	8	49	0
2.245	1	15	225	6	19	8	49	0
2.246	1	15	225	7	19	8	49	0
2.248	1	15	225	9	19	8	49	0
2.25	1	15	226	1	19	8	49	0
2.252	1	15	226	3	19	8	49	0
2.254	1	15	226	5	19	8	49	0
2.256	1	15	226	7	19	8	49	0
2.258	1	15	226	9	19	8	49	0
2.26	1	15	227	1	19	8	49	0
2.261	1	15	227	2	19	8	49	0
2.263	1	15	227	4	19	8	49	0
2.265	1	15	227	6	19	8	49	0
2.267	1	15	227	8	19	8	49	0
2.269	1	15	227	10	19	8	49	0
2.271	1	15	228	2	19	8	49	0
2.273	1	15	228	4	19	8	49	0
2.275	1	15	228	6	19	8	49	0
2.276	1	15	228	7	19	8	49	0
2.278	1	15	228	9	19	8	49	0
2.28	1	15	229	1	19	8	49	0
2.282	1	15	229	3	19	8	49	0
2.284	1	15	229	5	19	8	49	0
2.286	1	15	229	7	19	8	49	0
2.288	1	15	229	9	19	8	49	0
2.29	1	15	230	1	19	8	49	0
2.291	1	15	230	2	19	8	49	0
2.293	1	15	230	4	19	8	49	0
2.295	1	15	230	6	19	8	49	0
2.297	1	15	230	8	19	8	49	0
2.299	1	15	230	10	19	8	49	0
2.301	1	15	231	2	19	8	49	0
2.303	1	15	231	4	19	8	49	0
2.305	1	15	231	6	19	8	49	0
2.306	1	15	231	7	19	8	49	0
2.308	1	15	231	9	19	8	49	0
2.31	1	15	232	1	19	8	49	0
2.312	1	15	232	3	19	8	49	0
2.314	1	15	232	5	19	8	49	0
2.316	1	15	232	7	19	8	49	0
2.318	1	15	232	9	19	8	49	0
2.32	1	15	233	1	19	8	49	0
2.321	1	15	233	2	19	8	49	0
2.323	1	15	233	4	19	8	49	0
2.325	1	15	233	6	19	8	49	0
2.327	1	15	233	8	19	8	49	0
2.329	1	15	233	10	19	8	49	0
2.331	1	15	234	2	19	8	49	0
2.333	1	15	234	4	19	8	49	0
2.335	1	15	234	6	19	8	49	0
2.336	1	15	234	7	19	8	49	0
2.338	1	15	234	9	19	8	49	0
2.34	1	15	235	1	19	8	49	0
2.342	1	15	235	3	19	8	49	0
2.344	1	15	235	5	19	8	49	0
2.346	1	15	235	7	19	8	49	0
2.348	1	15	235	9	19	8	49	0
2.35	1	15	236	1	19	8	49	0
2.351	1	15	236	2	19	8	49	0
2.353	1	15	236	4	19	8	49	0
2.355	1	15	236	6	19	8	49	0
2.357	1	15	236	8	19	8	49	0
2.359	1	15	236	10	19	8	49	0
2.361	1	15	237	2	19	8	49	0
2.363	1	15	237	4	19	8	49	0
2.365	1	15	237	6	19	8	49	0
2.366	1	15	237	7	19	8	49	0
2.368	1	15	237	9	19	8	49	0
2.37	1	15	238	1	19	8	49	0
2.372	1	15	238	3	19	8	49	0
2.374	1	15	238	5	19	8	49	0
2.376	1	15	238	7	19	8	49	0
2.378	1	15	238	9	19	8	49	0
2.38	1	15	239	1	19	8	49	0
2.381	1	15	239	2	19	8	49	0
2.383	1	15	239	4	19	8	49	0
2.385	1	15	239	6	19	8	49	0
2.387	1	15	239	8	19	8	49	0
2.389	1	15	239	10	19	8	49	0
2.391	1	15	240	2	19	8	49	0
2.393	1	15	240	4	19	8	49	0
2.395	1	15	240	6	19	8	49	0
2.396	1	15	240	7	19	8	49	0
2.398	1	15	240	9	19	8	49	0
2.4	1	15	241	1	19	8	49	0
2.402	1	15	241	3	19	8	49	0
2.404	1	15	241	5	19	8	49	0
2.406	1	15	241	7	19	8	49	0
2.408	1	15	241	9	19	8	49	0
2.41	1	15	242	1	19	8	49	0
2.411	1	15	242	2	19	8	49	0
2.413	1	15	242	4	19	8	49	0
2.415	1	15	242	6	19	8	49	0
2.417	1	15	242	8	19	8	49	0
2.419	1	15	242	10	19	8	49	0
2.421	1	15	243	2	19	8	49	0
2.423	1	15	243	4	19	8	49	0
2.425	1	15	243	6	19	8	49	0
2.426	1	15	243	7	19	8	49	0
2.428	1	15	243	9	19	8	49	0
2.43	1	15	244	1	19	8	49	0
2.432	1	15	244	3	19	8	49	0
2.434	1	15	244	5	19	8	49	0
2.436	1	15	244	7	19	8	49	0
2.438	1	15	244	9	19	8	49	0
2.44	1	15	245	1	19	8	49	0
2.441	1	15	245	2	19	8	49	0
2.443	1	15	245	4	19	8	49	0
2.445	1	15	245	6	19	8	49	0
2.447	1	15	245	8	19	8	49	0
2.449	1	15	245	10	19	8	49	0
2.451	1	15	246	2	19	8	49	0
2.453	1	15	246	4	19	8	49	0
2.455	1	15	246	6	19	8	49	0
2.456	1	15	246	7	19	8	49	0
2.458	1	15	246	9	19	8	49	0
2.46	1	15	247	1	19	8	49	0
2.462	1	15	247	3	19	8	49	0
2.464	1	15	247	5	19	8	49	0
2.466	1	15	247	7	19	8	49	0
2.468	1	15	247	9	19	8	49	0
2.47	1	15	248	1	19	8	49	0
2.471	1	15	248	2	19	8	49	0
2.473	1	15	248	4	19	8	49	0
2.475	1	15	248	6	19	8	49	0
2.477	1	15	248	8	19	8	49	0
2.479	1	15	248	10	19	8	49	0
2.481	1	15	249	2	19	8	49	0
2.483	1	15	249	4	19	8	49	0
2.485	1	15	249	6	19	8	49	0
2.486	1	15	249	7	19	8	49	0
2.488	1	15	249	9	19	8	49	0
2.49	1	15	250	1	19	8	49	0
2.492	1	15	250	3	19	8	49	0
2.494	1	15	250	5	19	8	49	0
2.496	1	15	250	7	19	8	49	0
2.498	1	15	250	9	19	8	49	0
2.5	1	15	251	1	19	8	49	0
2.501	1	15	251	2	19	8	49	0
2.503	1	15	251	4	19	8	49	0
2.505	1	15	251	6	19	8	49	0
2.507	1	15	251	8	19	8	49	0
2.509	1	15	251	10	19	8	49	0
2.511	1	15	252	2	19	8	49	0
2.513	1	15	252	4	19	8	49	0
2.515	1	15	252	6	19	8	49	0
2.516	1	15	252	7	19	8	49	0
2.518	1	15	252	9	19	8	49	0
2.52	1	15	253	1	19	8	49	0
2.522	1	15	253	3	19	8	49	0
2.524	1	15	253	5	19	8	49	0
2.526	1	15	253	7	19	8	49	0
2.528	1	15	253	9	19	8	49	0
2.53	1	15	254	1	19	8	49	0
2.531	1	15	254	2	19	8	49	0
2.533	1	15	254	4	19	8	49	0
2.535	1	15	254	6	19	8	49	0
2.537	1	15	254	8	19	8	49	0
2.539	1	15	254	10	19	8	49	0
2.541	1	15	255	2	19	8	49	0
2.543	1	15	255	4	19	8	49	0
2.545	1	15	255	6	19	8	49	0
2.546	1	15	255	7	19	8	49	0
2.548	1	15	255	9	19	8	49	0
2.55	1	15	256	1	19	8	49	0
2.552	1	15	256	3	19	8	49	0
2.554	1	15	256	5	19	8	49	0
2.556	1	15	256	7	19	8	49	0
2.558	1	15	256	9	19	8	49	0
2.56	1	15	257	1	19	8	49	0
2.561	1	15	257	2	19	8	49	0
2.563	1	15	257	4	19	8	49	0
2.565	1	15	257	6	19	8	49	0
2.567	1	15	257	8	19	8	49	0
2.569	1	15	257	10	19	8	49	0
2.571	1	15	258	2	19	8	49	0
2.573	1	15	258	4	19	8	49	0
2.575	1	15	258	6	19	8	49	0
2.576	1	15	258	7	19	8	49	0
2.578	1	15	258	9	19	8	49	0
2.58	1	15	259	1	19	8	49	0
2.582	1	15	259	3	19	8	49	0
2.584	1	15	259	5	19	8	49	0
2.586	1	15	259	7	19	8	49	0
2.588	1	15	259	9	19	8	49	0
2.59	1	15	260	1	19	8	49	0
2.591	1	15	260	2	19	8	49	0
2.593	1	15	260	4	19	8	49	0
2.595	1	15	260	6	19	8	49	0
2.597	1	15	260	8	19	8	49	0
2.599	1	15	260	10	19	8	49	0
2.601	1	15	261	2	19	8	49	0
2.603	1	15	261	4	19	8	49	0
2.605	1	15	261	6	19	8	49	0
2.606	1	15	261	7	19	8	49	0
2.608	1	15	261	9	19	8	49	0
2.61	1	15	262	1	19	8	49	0
2.612	1	15	262	3	19	8	49	0
2.614	1	15	262	5	19	8	49	0
2.616	1	15	262	7	19	8	49	0
2.618	1	15	262	9	19	8	49	0
2.62	1	15	263	1	19	8	49	0
2.621	1	15	263	2	19	8	49	0
2.623	1	15	263	4	19	8	49	0
2.625	1	15	263	6	19	8	49	0
2.627	1	15	263	8	19	8	49	0
2.629	1	15	263	10	19	8	49	0
2.631	1	15	264	2	19	8	49	0
2.633	1	15	264	4	19	8	49	0
2.635	1	15	264	6	19	8	49	0
2.636	1	15	264	7	19	8	49	0
2.638	1	15	264	9	19	8	49	0
2.64	1	15	265	1	19	8	49	0
2.642	1	15	265	3	19	8	49	0
2.644	1	15	265	5	19	8	49	0
2.646	1	15	265	7	19	8	49	0
2.648	1	15	265	9	19	8	49	0
2.65	1	15	266	1	19	8	49	0
2.651	1	15	266	2	19	8	49	0
2.653	1	15	266	4	19	8	49	0
2.655	1	15	266	6	19	8	49	0
2.657	1	15	266	8	19	8	49	0
2.659	1	15	266	10	19	8	49	0
2.661	1	15	267	2	19	8	49	0
2.663	1	15	267	4	19	8	49	0
2.665	1	15	267	6	19	8	49	0
2.666	1	15	267	7	19	8	49	0
2.668	1	15	267	9	19	8	49	0
2.67	1	15	268	1	19	8	49	0
2.672	1	15	268	3	19	8	49	0
2.674	1	15	268	5	19	8	49	0
2.676	1	15	268	7	19	8	49	0
2.678	1	15	268	9	19	8	49	0
2.68	1	15	269	1	19	8	49	0
2.681	1	15	269	2	19	8	49	0
2.683	1	15	269	4	19	8	49	0
2.685	1	15	269	6	19	8	49	0
2.687	1	15	269	8	19	8	49	0
2.689	1	15	269	10	19	8	49	0
2.691	1	15	270	2	19	8	49	0
2.693	1	15	270	4	19	8	49	0
2.695	1	15	270	6	19	8	49	0
2.696	1	15	270	7	19	8	49	0
2.698	1	15	270	9	19	8	49	0
2.7	1	15	271	1	19	8	49	0
2.702	1	15	271	3	19	8	49	0
2.704	1	15	271	5	19	8	49	0
2.706	1	15	271	7	19	8	49	0
2.708	1	15	271	9	19	8	49	0
2.71	1	15	272	1	19	8	49	0
2.711	1	15	272	2	19	8	49	0
2.713	1	15	272	4	19	8	49	0
2.715	1	15	272	6	19	8	49	0
2.717	1	15	272	8	19	8	49	0
2.719	1	15	272	10	19	8	49	0
2.721	1	15	273	2	19	8	49	0
2.723	1	15	273	4	19	8	49	0
2.725	1	15	273	6	19	8	49	0
2.726	1	15	273	7	19	8	49	0
2.728	1	15	273	9	19	8	49	0
2.73	1	15	274	1	19	8	49	0
2.732	1	15	274	3	19	8	49	0
2.734	1	15	274	5	19	8	49	0
2.736	1	15	274	7	19	8	49	0
2.738	1	15	274	9	19	8	49	0
2.74	1	15	275	1	19	8	49	0
2.741	1	15	275	2	19	8	49	0
2.743	1	15	275	4	19	8	49	0
2.745	1	15	275	6	19	8	49	0
2.747	1	15	275	8	19	8	49	0
2.749	1	15	275	10	19	8	49	0
2.751	1	15	276	2	19	8	49	0
2.753	1	15	276	4	19	8	49	0
2.755	1	15	276	6	19	8	49	0
2.756	1	15	276	7	19	8	49	0
2.758	1	15	276	9	19	8	49	0
2.76	1	15	277	1	19	8	49	0
2.762	1	15	277	3	19	8	49	0
2.764	1	15	277	5	19	8	49	0
2.766	1	15	277	7	19	8	49	0
2.768	1	15	277	9	19	8	49	0
2.77	1	15	278	1	19	8	49	0
2.771	1	15	278	2	19	8	49	0
2.773	1	15	278	4	19	8	49	0
2.775	1	15	278	6	19	8	49	0
2.777	1	15	278	8	19	8	49	0
2.779	1	15	278	10	19	8	49	0
2.781	1	15	279	2	19	8	49	0
2.783	1	15	279	4	19	8	49	0
2.785	1	15	279	6	19	8	49	0
2.786	1	15	279	7	19	8	49	0
2.788	1	15	279	9	19	8	49	0
2.79	1	15	280	1	19	8	49	0
2.792	1	15	280	3	19	8	49	0
2.794	1	15	280	5	19	8	49	0
2.796	1	15	280	7	19	8	49	0
2.798	1	15	280	9	19	8	49	0
2.8	1	15	281	1	19	8	49	0
2.801	1	15	281	2	19	8	49	0
2.803	1	15	281	4	19	8	49	0
2.805	1	15	281	6	19	8	49	0
2.807	1	15	281	8	19	8	49	0
2.809	1	15	281	10	19	8	49	0
2.811	1	15	282	2	19	8	49	0
2.813	1	15	282	4	19	8	49	0
2.815	1	15	282	6	19	8	49	0
2.816	1	15	282	7	19	8	49	0
2.818	1	15	282	9	19	8	49	0
2.82	1	15	283	1	19	8	49	0
2.822	1	15	283	3	19	8	49	0
2.824	1	15	283	5	19	8	49	0
2.826	1	15	283	7	19	8	49	0
2.828	1	15	283	9	19	8	49	0
2.83	1	15	284	1	19	8	49	0
2.831	1	15	284	2	19	8	49	0
2.833	1	15	284	4	19	8	49	0
2.835	1	15	284	6	19	8	49	0
2.837	1	15	284	8	19	8	49	0
2.839	1	15	284	10	19	8	49	0
2.841	1	15	285	2	19	8	49	0
2.843	1	15	285	4	19	8	49	0
2.845	1	15	285	6	19	8	49	0
2.846	1	15	285	7	19	8	49	0
2.848	1	15	285	9	19	8	49	0
2.85	1	15	286	1	19	8	49	0
2.852	1	15	286	3	19	8	49	0
2.854	1	15	286	5	19	8	49	0
2.856	1	15	286	7	19	8	49	0
2.858	1	15	286	9	19	8	49	0
2.86	1	15	287	1	19	8	49	0
2.861	1	15	287	2	19	8	49	0
2.863	1	15	287	4	19	8	49	0
2.865	1	15	287	6	19	8	49	0
2.867	1	15	287	8	19	8	49	0
2.869	1	15	287	10	19	8	49	0
2.871	1	15	288	2	19	8	49	0
2.873	1	15	288	4	19	8	49	0
2.875	1	15	288	6	19	8	49	0
2.876	1	15	288	7	19	8	49	0
2.878	1	15	288	9	19	8	49	0
2.88	1	15	289	1	19	8	49	0
2.882	1	15	289	3	19	8	49	0
2.884	1	15	289	5	19	8	49	0
2.886	1	15	289	7	19	8	49	0
2.888	1	15	289	9	19	8	49	0
2.89	1	15	290	1	19	8	49	0
2.891	1	15	290	2	19	8	49	0
2.893	1	15	290	4	19	8	49	0
2.895	1	15	290	6	19	8	49	0
2.897	1	15	290	8	19	8	49	0
2.899	1	15	290	10	19	8	49	0
2.901	1	15	291	2	19	8	49	0
2.903	1	15	291	4	19	8	49	0
2.905	1	15	291	6	19	8	49	0
2.906	1	15	291	7	19	8	49	0
2.908	1	15	291	9	19	8	49	0
2.91	1	15	292	1	19	8	49	0
2.912	1	15	292	3	19	8	49	0
2.914	1	15	292	5	19	8	49	0
2.916	1	15	292	7	19	8	49	0
2.918	1	15	292	9	19	8	49	0
2.92	1	15	293	1	19	8	49	0
2.921	1	15	293	2	19	8	49	0
2.923	1	15	293	4	19	8	49	0
2.925	1	15	293	6	19	8	49	0
2.927	1	15	293	8	19	8	49	0
2.929	1	15	293	10	19	8	49	0
2.931	1	15	294	2	19	8	49	0
2.933	1	15	294	4	19	8	49	0
2.935	1	15	294	6	19	8	49	0
2.936	1	15	294	7	19	8	49	0
2.938	1	15	294	9	19	8	49	0
2.94	1	15	295	1	19	8	49	0
2.942	1	15	295	3	19	8	49	0
2.944	1	15	295	5	19	8	49	0
2.946	1	15	295	7	19	8	49	0
2.948	1	15	295	9	19	8	49	0
2.95	1	15	296	1	19	8	49	0
2.951	1	15	296	2	19	8	49	0
2.953	1	15	296	4	19	8	49	0
2.955	1	15	296	6	19	8	49	0
2.957	1	15	296	8	19	8	49	0
2.959	1	15	296	10	19	8	49	0
2.961	1	15	297	2	19	8	49	0
2.963	1	15	297	4	19	8	49	0
2.965	1	15	297	6	19	8	49	0
2.966	1	15	297	7	19	8	49	0
2.968	1	15	297	9	19	8	49	0
2.97	1	15	298	1	19	8	49	0
2.972	1	15	298	3	19	8	49	0
2.974	1	15	298	5	19	8	49	0
2.976	1	15	298	7	19	8	49	0
2.978	1	15	298	9	19	8	49	0
2.98	1	15	299	1	19	8	49	0
2.981	1	15	299	2	19	8	49	0
2.983	1	15	299	4	19	8	49	0
2.985	1	15	299	6	19	8	49	0
2.987	1	15	299	8	19	8	49	0
2.989	1	15	299	10	19	8	49	0
2.991	1	15	300	2	19	8	49	0
2.993	1	15	300	4	19	8	49	0
2.995	1	15	300	6	19	8	49	0
2.996	1	15	300	7	19	8	49	0
2.998	1	15	300	9	19	8	49	0
3	1	15	301	1	19	8	49	0
3.002	1	15	301	3	19	8	49	0
3.004	1	15	301	5	19	8	49	0
3.006	1	15	301	7	19	8	49	0
3.008	1	15	301	9	19	8	49	0
3.01	1	15	302	1	19	8	49	0
3.011	1	15	302	2	19	8	49	0
3.013	1	15	302	4	19	8	49	0
3.015	1	15	302	6	19	8	49	0
3.017	1	15	302	8	19	8	49	0
3.019	1	15	302	10	19	8	49	0
3.021	1	15	303	2	19	8	49	0
3.023	1	15	303	4	19	8	49	0
3.025	1	15	303	6	19	8	49	0
3.026	1	15	303	7	19	8	49	0
3.028	1	15	303	9	19	8	49	0
3.03	1	15	304	1	19	8	49	0
3.032	1	15	304	3	19	8	49	0
3.034	1	15	304	5	19	8	49	0
3.036	1	15	304	7	19	8	49	0
3.038	1	15	304	9	19	8	49	0
3.04	1	15	305	1	19	8	49	0
3.041	1	15	305	2	19	8	49	0
3.043	1	15	305	4	19	8	49	0
3.045	1	15	305	6	19	8	49	0
3.047	1	15	305	8	19	8	49	0
3.049	1	15	305	10	19	8	49	0
3.051	1	15	306	2	19	8	49	0
3.053	1	15	306	4	19	8	49	0
3.055	1	15	306	6	19	8	49	0
3.056	1	15	306	7	19	8	49	0
3.058	1	15	306	9	19	8	49	0
3.06	1	15	307	1	19	8	49	0
3.062	1	15	307	3	19	8	49	0
3.064	1	15	307	5	19	8	49	0
3.066	1	15	307	7	19	8	49	0
3.068	1	15	307	9	19	8	49	0
3.07	1	15	308	1	19	8	49	0
3.071	1	15	308	2	19	8	49	0
3.073	1	15	308	4	19	8	49	0
3.075	1	15	308	6	19	8	49	0
3.077	1	15	308	8	19	8	49	0
3.079	1	15	308	10	19	8	49	0
3.081	1	15	309	2	19	8	49	0
3.083	1	15	309	4	19	8	49	0
3.085	1	15	309	6	19	8	49	0
3.086	1	15	309	7	19	8	49	0
3.088	1	15	309	9	19	8	49	0
3.09	1	15	310	1	19	8	49	0
3.092	1	15	310	3	19	8	49	0
3.094	1	15	310	5	19	8	49	0
3.096	1	15	310	7	19	8	49	0
3.098	1	15	310	9	19	8	49	0
3.1	1	15	311	1	19	8	49	0
3.101	1	15	311	2	19	8	49	0
3.103	1	15	311	4	19	8	49	0
3.105	1	15	311	6	19	8	49	0
3.107	1	15	311	8	19	8	49	0
3.109	1	15	311	10	19	8	49	0
3.111	1	15	312	2	19	8	49	0
3.113	1	15	312	4	19	8	49	0
3.115	1	15	312	6	19	8	49	0
3.116	1	15	312	7	19	8	49	0
3.118	1	15	312	9	19	8	49	0
3.12	1	15	313	1	19	8	49	0
3.122	1	15	313	3	19	8	49	0
3.124	1	15	313	5	19	8	49	0
3.126	1	15	313	7	19	8	49	0
3.128	1	15	313	9	19	8	49	0
3.13	1	15	314	1	19	8	49	0
3.131	1	15	314	2	19	8	49	0
3.133	1	15	314	4	19	8	49	0
3.135	1	15	314	6	19	8	49	0
3.137	1	15	314	8	19	8	49	0
3.139	1	15	314	10	19	8	49	0
3.141	1	15	315	2	19	8	49	0
3.143	1	15	315	4	19	8	49	0
3.145	1	15	315	6	19	8	49	0
3.146	1	15	315	7	19	8	49	0
3.148	1	15	315	9	19	8	49	0
3.15	1	15	316	1	19	8	49	0
3.152	1	15	316	3	19	8	49	0
3.154	1	15	316	5	19	8	49	0
3.156	1	15	316	7	19	8	49	0
3.158	1	15	316	9	19	8	49	0
3.16	1	15	317	1	19	8	49	0
3.161	1	15	317	2	19	8	49	0
3.163	1	15	317	4	19	8	49	0
3.165	1	15	317	6	19	8	49	0
3.167	1	15	317	8	19	8	49	0
3.169	1	15	317	10	19	8	49	0
3.171	1	15	318	2	19	8	49	0
3.173	1	15	318	4	19	8	49	0
3.175	1	15	318	6	19	8	49	0
3.176	1	15	318	7	19	8	49	0
3.178	1	15	318	9	19	8	49	0
3.18	1	15	319	1	19	8	49	0
3.182	1	15	319	3	19	8	49	0
3.184	1	15	319	5	19	8	49	0
3.186	1	15	319	7	19	8	49	0
3.188	1	15	319	9	19	8	49	0
3.19	1	15	320	1	19	8	49	0
3.191	1	15	320	2	19	8	49	0
3.193	1	15	320	4	19	8	49	0
3.195	1	15	320	6	19	8	49	0
3.197	1	15	320	8	19	8	49	0
3.199	1	15	320	10	19	8	49	0
3.201	1	15	321	2	19	8	49	0
3.203	1	15	321	4	19	8	49	0
3.205	1	15	321	6	19	8	49	0
3.206	1	15	321	7	19	8	49	0
3.208	1	15	321	9	19	8	49	0
3.21	1	15	322	1	19	8	49	0
3.212	1	15	322	3	19	8	49	0
3.214	1	15	322	5	19	8	49	0
3.216	1	15	322	7	19	8	49	0
3.218	1	15	322	9	19	8	49	0
3.22	1	15	323	1	19	8	49	0
3.221	1	15	323	2	19	8	49	0
3.223	1	15	323	4	19	8	49	0
3.225	1	15	323	6	19	8	49	0
3.227	1	15	323	8	19	8	49	0
3.229	1	15	323	10	19	8	49	0
3.231	1	15	324	2	19	8	49	0
3.233	1	15	324	4	19	8	49	0
3.235	1	15	324	6	19	8	49	0
3.236	1	15	324	7	19	8	49	0
3.238	1	15	324	9	19	8	49	0
3.24	1	15	325	1	19	8	49	0
3.242	1	15	325	3	19	8	49	0
3.244	1	15	325	5	19	8	49	0
3.246	1	15	325	7	19	8	49	0
3.248	1	15	325	9	19	8	49	0
3.25	1	15	326	1	19	8	49	0
3.251	1	15	326	2	19	8	49	0
3.253	1	15	326	4	19	8	49	0
3.255	1	15	326	6	19	8	49	0
3.257	1	15	326	8	19	8	49	0
3.259	1	15	326	10	19	8	49	0
3.261	1	15	327	2	19	8	49	0
3.263	1	15	327	4	19	8	49	0
3.265	1	15	327	6	19	8	49	0
3.266	1	15	327	7	19	8	49	0
3.268	1	15	327	9	19	8	49	0
3.27	1	15	328	1	19	8	49	0
3.272	1	15	328	3	19	8	49	0
3.274	1	15	328	5	19	8	49	0
3.276	1	15	328	7	19	8	49	0
3.278	1	15	328	9	19	8	49	0
3.28	1	15	329	1	19	8	49	0
3.281	1	15	329	2	19	8	49	0
3.283	1	15	329	4	19	8	49	0
3.285	1	15	329	6	19	8	49	0
3.287	1	15	329	8	19	8	49	0
3.289	1	15	329	10	19	8	49	0
3.291	1	15	330	2	19	8	49	0
3.293	1	15	330	4	19	8	49	0
3.295	1	15	330	6	19	8	49	0
3.296	1	15	330	7	19	8	49	0
3.298	1	15	330	9	19	8	49	0
3.3	1	15	331	1	19	8	49	0
3.302	1	15	331	3	19	8	49	0
3.304	1	15	331	5	19	8	49	0
3.306	1	15	331	7	19	8	49	0
3.308	1	15	331	9	19	8	49	0
3.31	1	15	332	1	19	8	49	0
3.311	1	15	332	2	19	8	49	0
3.313	1	15	332	4	19	8	49	0
3.315	1	15	332	6	19	8	49	0
3.317	1	15	332	8	19	8	49	0
3.319	1	15	332	10	19	8	49	0
3.321	1	15	333	2	19	8	49	0
3.323	1	15	333	4	19	8	49	0
3.325	1	15	333	6	19	8	49	0
3.326	1	15	333	7	19	8	49	0
3.328	1	15	333	9	19	8	49	0
3.33	1	15	334	1	19	8	49	0
3.332	1	15	334	3	19	8	49	0
3.334	1	15	334	5	19	8	49	0
3.336	1	15	334	7	19	8	49	0
3.338	1	15	334	9	19	8	49	0
3.34	1	15	335	1	19	8	49	0
3.341	1	15	335	2	19	8	49	0
3.343	1	15	335	4	19	8	49	0
3.345	1	15	335	6	19	8	49	0
3.347	1	15	335	8	19	8	49	0
3.349	1	15	335	10	19	8	49	0
3.351	1	15	336	2	19	8	49	0
3.353	1	15	336	4	19	8	49	0
3.355	1	15	336	6	19	8	49	0
3.356	1	15	336	7	19	8	49	0
3.358	1	15	336	9	19	8	49	0
3.36	1	15	337	1	19	8	49	0
3.362	1	15	337	3	19	8	49	0
3.364	1	15	337	5	19	8	49	0
3.366	1	15	337	7	19	8	49	0
3.368	1	15	337	9	19	8	49	0
3.37	1	15	338	1	19	8	49	0
3.371	1	15	338	2	19	8	49	0
3.373	1	15	338	4	19	8	49	0
3.375	1	15	338	6	19	8	49	0
3.377	1	15	338	8	19	8	49	0
3.379	1	15	338	10	19	8	49	0
3.381	1	15	339	2	19	8	49	0
3.383	1	15	339	4	19	8	49	0
3.385	1	15	339	6	19	8	49	0
3.386	1	15	339	7	19	8	49	0
3.388	1	15	339	9	19	8	49	0
3.39	1	15	340	1	19	8	49	0
3.392	1	15	340	3	19	8	49	0
3.394	1	15	340	5	19	8	49	0
3.396	1	15	340	7	19	8	49	0
3.398	1	15	340	9	19	8	49	0
3.4	1	15	341	1	19	8	49	0
3.401	1	15	341	2	19	8	49	0
3.403	1	15	341	4	19	8	49	0
3.405	1	15	341	6	19	8	49	0
3.407	1	15	341	8	19	8	49	0
3.409	1	15	341	10	19	8	49	0
3.411	1	15	342	2	19	8	49	0
3.413	1	15	342	4	19	8	49	0
3.415	1	15	342	6	19	8	49	0
3.416	1	15	342	7	19	8	49	0
3.418	1	15	342	9	19	8	49	0
3.42	1	15	343	1	19	8	49	0
3.422	1	15	343	3	19	8	49	0
3.424	1	15	343	5	19	8	49	0
3.426	1	15	343	7	19	8	49	0
3.428	1	15	343	9	19	8	49	0
3.43	1	15	344	1	19	8	49	0
3.431	1	15	344	2	19	8	49	0
3.433	1	15	344	4	19	8	49	0
3.435	1	15	344	6	19	8	49	0
3.437	1	15	344	8	19	8	49	0
3.439	1	15	344	10	19	8	49	0
3.441	1	15	345	2	19	8	49	0
3.443	1	15	345	4	19	8	49	0
3.445	1	15	345	6	19	8	49	0
3.446	1	15	345	7	19	8	49	0
3.448	1	15	345	9	19	8	49	0
3.45	1	15	346	1	19	8	49	0
3.452	1	15	346	3	19	8	49	0
3.454	1	15	346	5	19	8	49	0
3.456	1	15	346	7	19	8	49	0
3.458	1	15	346	9	19	8	49	0
3.46	1	15	347	1	19	8	49	0
3.461	1	15	347	2	19	8	49	0
3.463	1	15	347	4	19	8	49	0
3.465	1	15	347	6	19	8	49	0
3.467	1	15	347	8	19	8	49	0
3.469	1	15	347	10	19	8	49	0
3.471	1	15	348	2	19	8	49	0
3.473	1	15	348	4	19	8	49	0
3.475	1	15	348	6	19	8	49	0
3.476	1	15	348	7	19	8	49	0
3.478	1	15	348	9	19	8	49	0
3.48	1	15	349	1	19	8	49	0
3.482	1	15	349	3	19	8	49	0
3.484	1	15	349	5	19	8	49	0
3.486	1	15	349	7	19	8	49	0
3.488	1	15	349	9	19	8	49	0
3.49	1	15	350	1	19	8	49	0
3.491	1	15	350	2	19	8	49	0
3.493	1	15	350	4	19	8	49	0
3.495	1	15	350	6	19	8	49	0
3.497	1	15	350	8	19	8	49	0
3.499	1	15	350	10	19	8	49	0
3.501	1	15	351	2	19	8	49	0
3.503	1	15	351	4	19	8	49	0
3.505	1	15	351	6	19	8	49	0
3.506	1	15	351	7	19	8	49	0
3.508	1	15	351	9	19	8	49	0
3.51	1	15	352	1	19	8	49	0
3.512	1	15	352	3	19	8	49	0
3.514	1	15	352	5	19	8	49	0
3.516	1	15	352	7	19	8	49	0
3.518	1	15	352	9	19	8	49	0
3.52	1	15	353	1	19	8	49	0
3.521	1	15	353	2	19	8	49	0
3.523	1	15	353	4	19	8	49	0
3.525	1	15	353	6	19	8	49	0
3.527	1	15	353	8	19	8	49	0
3.529	1	15	353	10	19	8	49	0
3.531	1	15	354	2	19	8	49	0
3.533	1	15	354	4	19	8	49	0
3.535	1	15	354	6	19	8	49	0
3.536	1	15	354	7	19	8	49	0
3.538	1	15	354	9	19	8	49	0
3.54	1	15	355	1	19	8	49	0
3.542	1	15	355	3	19	8	49	0
3.544	1	15	355	5	19	8	49	0
3.546	1	15	355	7	19	8	49	0
3.548	1	15	355	9	19	8	49	0
3.55	1	15	356	1	19	8	49	0
3.551	1	15	356	2	19	8	49	0
3.553	1	15	356	4	19	8	49	0
3.555	1	15	356	6	19	8	49	0
3.557	1	15	356	8	19	8	49	0
3.559	1	15	356	10	19	8	49	0
3.561	1	15	357	2	19	8	49	0
3.563	1	15	357	4	19	8	49	0
3.565	1	15	357	6	19	8	49	0
3.566	1	15	357	7	19	8	49	0
3.568	1	15	357	9	19	8	49	0
3.57	1	15	358	1	19	8	49	0
3.572	1	15	358	3	19	8	49	0
3.574	1	15	358	5	19	8	49	0
3.576	1	15	358	7	19	8	49	0
3.578	1	15	358	9	19	8	49	0
3.58	1	15	359	1	19	8	49	0
3.581	1	15	359	2	19	8	49	0
3.583	1	15	359	4	19	8	49	0
3.585	1	15	359	6	19	8	49	0
3.587	1	15	359	8	19	8	49	0
3.589	1	15	359	10	19	8	49	0
3.591	1	15	360	2	19	8	49	0
3.593	1	15	360	4	19	8	49	0
3.595	1	15	360	6	19	8	49	0
3.596	1	15	360	7	19	8	49	0
3.598	1	15	360	9	19	8	49	0
3.6	1	15	361	1	19	8	49	0
3.602	1	15	361	3	19	8	49	0
3.604	1	15	361	5	19	8	49	0
3.606	1	15	361	7	19	8	49	0
3.608	1	15	361	9	19	8	49	0
3.61	1	15	362	1	19	8	49	0
3.611	1	15	362	2	19	8	49	0
3.613	1	15	362	4	19	8	49	0
3.615	1	15	362	6	19	8	49	0
3.617	1	15	362	8	19	8	49	0
3.619	1	15	362	10	19	8	49	0
3.621	1	15	363	2	19	8	49	0
3.623	1	15	363	4	19	8	49	0
3.625	1	15	363	6	19	8	49	0
3.626	1	15	363	7	19	8	49	0
3.628	1	15	363	9	19	8	49	0
3.63	1	15	364	1	19	8	49	0
3.632	1	15	364	3	19	8	49	0
3.634	1	15	364	5	19	8	49	0
3.636	1	15	364	7	19	8	49	0
3.638	1	15	364	9	19	8	49	0
3.64	1	15	365	1	19	8	49	0
3.641	1	15	365	2	19	8	49	0
3.643	1	15	365	4	19	8	49	0
3.645	1	15	365	6	19	8	49	0
3.647	1	15	365	8	19	8	49	0
3.649	1	15	365	10	19	8	49	0
3.651	1	15	366	2	19	8	49	0
3.653	1	15	366	4	19	8	49	0
3.655	1	15	366	6	19	8	49	0
3.656	1	15	366	7	19	8	49	0
3.658	1	15	366	9	19	8	49	0
3.66	1	15	367	1	19	8	49	0
3.662	1	15	367	3	19	8	49	0
3.664	1	15	367	5	19	8	49	0
3.666	1	15	367	7	19	8	49	0
3.668	1	15	367	9	19	8	49	0
3.67	1	15	368	1	19	8	49	0
3.671	1	15	368	2	19	8	49	0
3.673	1	15	368	4	19	8	49	0
3.675	1	15	368	6	19	8	49	0
3.677	1	15	368	8	19	8	49	0
3.679	1	15	368	10	19	8	49	0
3.681	1	15	369	2	19	8	49	0
3.683	1	15	369	4	19	8	49	0
3.685	1	15	369	6	19	8	49	0
3.686	1	15	369	7	19	8	49	0
3.688	1	15	369	9	19	8	49	0
3.69	1	15	370	1	19	8	49	0
3.692	1	15	370	3	19	8	49	0
3.694	1	15	370	5	19	8	49	0
3.696	1	15	370	7	19	8	49	0
3.698	1	15	370	9	19	8	49	0
3.7	1	15	371	1	19	8	49	0
3.701	1	15	371	2	19	8	49	0
3.703	1	15	371	4	19	8	49	0
3.705	1	15	371	6	19	8	49	0
3.707	1	15	371	8	19	8	49	0
3.709	1	15	371	10	19	8	49	0
3.711	1	15	372	2	19	8	49	0
3.713	1	15	372	4	19	8	49	0
3.715	1	15	372	6	19	8	49	0
3.716	1	15	372	7	19	8	49	0
3.718	1	15	372	9	19	8	49	0
3.72	1	15	373	1	19	8	49	0
3.722	1	15	373	3	19	8	49	0
3.724	1	15	373	5	19	8	49	0
3.726	1	15	373	7	19	8	49	0
3.728	1	15	373	9	19	8	49	0
3.73	1	15	374	1	19	8	49	0
3.731	1	15	374	2	19	8	49	0
3.733	1	15	374	4	19	8	49	0
3.735	1	15	374	6	19	8	49	0
3.737	1	15	374	8	19	8	49	0
3.739	1	15	374	10	19	8	49	0
3.741	1	15	375	2	19	8	49	0
3.743	1	15	375	4	19	8	49	0
3.745	1	15	375	6	19	8	49	0
3.746	1	15	375	7	19	8	49	0
3.748	1	15	375	9	19	8	49	0
3.75	1	15	376	1	19	8	49	0
3.752	1	15	376	3	19	8	49	0
3.754	1	15	376	5	19	8	49	0
3.756	1	15	376	7	19	8	49	0
3.758	1	15	376	9	19	8	49	0
3.76	1	15	377	1	19	8	49	0
3.761	1	15	377	2	19	8	49	0
3.763	1	15	377	4	19	8	49	0
3.765	1	15	377	6	19	8	49	0
3.767	1	15	377	8	19	8	49	0
3.769	1	15	377	10	19	8	49	0
3.771	1	15	378	2	19	8	49	0
3.773	1	15	378	4	19	8	49	0
3.775	1	15	378	6	19	8	49	0
3.776	1	15	378	7	19	8	49	0
3.778	1	15	378	9	19	8	49	0
3.78	1	15	379	1	19	8	49	0
3.782	1	15	379	3	19	8	49	0
3.784	1	15	379	5	19	8	49	0
3.786	1	15	379	7	19	8	49	0
3.788	1	15	379	9	19	8	49	0
3.79	1	15	380	1	19	8	49	0
3.791	1	15	380	2	19	8	49	0
3.793	1	15	380	4	19	8	49	0
3.795	1	15	380	6	19	8	49	0
3.797	1	15	380	8	19	8	49	0
3.799	1	15	380	10	19	8	49	0
3.801	1	15	381	2	19	8	49	0
3.803	1	15	381	4	19	8	49	0
3.805	1	15	381	6	19	8	49	0
3.806	1	15	381	7	19	8	49	0
3.808	1	15	381	9	19	8	49	0
3.81	1	15	382	1	19	8	49	0
3.812	1	15	382	3	19	8	49	0
3.814	1	15	382	5	19	8	49	0
3.816	1	15	382	7	19	8	49	0
3.818	1	15	382	9	19	8	49	0
3.82	1	15	383	1	19	8	49	0
3.821	1	15	383	2	19	8	49	0
3.823	1	15	383	4	19	8	49	0
3.825	1	15	383	6	19	8	49	0
3.827	1	15	383	8	19	8	49	0
3.829	1	15	383	10	19	8	49	0
3.831	1	15	384	2	19	8	49	0
3.833	1	15	384	4	19	8	49	0
3.835	1	15	384	6	19	8	49	0
3.836	1	15	384	7	19	8	49	0
3.838	1	15	384	9	19	8	49	0
3.84	1	15	385	1	19	8	49	0
3.842	1	15	385	3	19	8	49	0
3.844	1	15	385	5	19	8	49	0
3.846	1	15	385	7	19	8	49	0
3.848	1	15	385	9	19	8	49	0
3.85	1	15	386	1	19	8	49	0
3.851	1	15	386	2	19	8	49	0
3.853	1	15	386	4	19	8	49	0
3.855	1	15	386	6	19	8	49	0
3.857	1	15	386	8	19	8	49	0
3.859	1	15	386	10	19	8	49	0
3.861	1	15	387	2	19	8	49	0
3.863	1	15	387	4	19	8	49	0
3.865	1	15	387	6	19	8	49	0
3.866	1	15	387	7	19	8	49	0
3.868	1	15	387	9	19	8	49	0
3.87	1	15	388	1	19	8	49	0
3.872	1	15	388	3	19	8	49	0
3.874	1	15	388	5	19	8	49	0
3.876	1	15	388	7	19	8	49	0
3.878	1	15	388	9	19	8	49	0
3.88	1	15	389	1	19	8	49	0
3.881	1	15	389	2	19	8	49	0
3.883	1	15	389	4	19	8	49	0
3.885	1	15	389	6	19	8	49	0
3.887	1	15	389	8	19	8	49	0
3.889	1	15	389	10	19	8	49	0
3.891	1	15	390	2	19	8	49	0
3.893	1	15	390	4	19	8	49	0
3.895	1	15	390	6	19	8	49	0
3.896	1	15	390	7	19	8	49	0
3.898	1	15	390	9	19	8	49	0
3.9	1	15	391	1	19	8	49	0
3.902	1	15	391	3	19	8	49	0
3.904	1	15	391	5	19	8	49	0
3.906	1	15	391	7	19	8	49	0
3.908	1	15	391	9	19	8	49	0
3.91	1	15	392	1	19	8	49	0
3.911	1	15	392	2	19	8	49	0
3.913	1	15	392	4	19	8	49	0
3.915	1	15	392	6	19	8	49	0
3.917	1	15	392	8	19	8	49	0
3.919	1	15	392	10	19	8	49	0
3.921	1	15	393	2	19	8	49	0
3.923	1	15	393	4	19	8	49	0
3.925	1	15	393	6	19	8	49	0
3.926	1	15	393	7	19	8	49	0
3.928	1	15	393	9	19	8	49	0
3.93	1	15	394	1	19	8	49	0
3.932	1	15	394	3	19	8	49	0
3.934	1	15	394	5	19	8	49	0
3.936	1	15	394	7	19	8	49	0
3.938	1	15	394	9	19	8	49	0
3.94	1	15	395	1	19	8	49	0
3.941	1	15	395	2	19	8	49	0
3.943	1	15	395	4	19	8	49	0
3.945	1	15	395	6	19	8	49	0
3.947	1	15	395	8	19	8	49	0
3.949	1	15	395	10	19	8	49	0
3.951	1	15	396	2	19	8	49	0
3.953	1	15	396	4	19	8	49	0
3.955	1	15	396	6	19	8	49	0
3.956	1	15	396	7	19	8	49	0
3.958	1	15	396	9	19	8	49	0
3.96	1	15	397	1	19	8	49	0
3.962	1	15	397	3	19	8	49	0
3.964	1	15	397	5	19	8	49	0
3.966	1	15	397	7	19	8	49	0
3.968	1	15	397	9	19	8	49	0
3.97	1	15	398	1	19	8	49	0
3.971	1	15	398	2	19	8	49	0
3.973	1	15	398	4	19	8	49	0
3.975	1	15	398	6	19	8	49	0
3.977	1	15	398	8	19	8	49	0
3.979	1	15	398	10	19	8	49	0
3.981	1	15	399	2	19	8	49	0
3.983	1	15	399	4	19	8	49	0
3.985	1	15	399	6	19	8	49	0
3.986	1	15	399	7	19	8	49	0
3.988	1	15	399	9	19	8	49	0
3.99	1	15	400	1	19	8	49	0
3.992	1	15	400	3	19	8	49	0
3.994	1	15	400	5	19	8	49	0
3.996	1	15	400	7	19	8	49	0
3.998	1	15	400	9	19	8	49	0
4	1	15	401	1	19	8	49	0
4.001	1	15	401	2	19	8	49	0
4.003	1	15	401	4	19	8	49	0
4.005	1	15	401	6	19	8	49	0
4.007	1	15	401	8	19	8	49	0
4.009	1	15	401	10	19	8	49	0
4.011	1	15	402	2	19	8	49	0
4.013	1	15	402	4	19	8	49	0
4.015	1	15	402	6	19	8	49	0
4.016	1	15	402	7	19	8	49	0
4.018	1	15	402	9	19	8	49	0
4.02	1	15	403	1	19	8	49	0
4.022	1	15	403	3	19	8	49	0
4.024	1	15	403	5	19	8	49	0
4.026	1	15	403	7	19	8	49	0
4.028	1	15	403	9	19	8	49	0
4.03	1	15	404	1	19	8	49	0
4.031	1	15	404	2	19	8	49	0
4.033	1	15	404	4	19	8	49	0
4.035	1	15	404	6	19	8	49	0
4.037	1	15	404	8	19	8	49	0
4.039	1	15	404	10	19	8	49	0
4.041	1	15	405	2	19	8	49	0
4.043	1	15	405	4	19	8	49	0
4.045	1	15	405	6	19	8	49	0
4.046	1	15	405	7	19	8	49	0
4.048	1	15	405	9	19	8	49	0
4.05	1	15	406	1	19	8	49	0
4.052	1	15	406	3	19	8	49	0
4.054	1	15	406	5	19	8	49	0
4.056	1	15	406	7	19	8	49	0
4.058	1	15	406	9	19	8	49	0
4.06	1	15	407	1	19	8	49	0
4.061	1	15	407	2	19	8	49	0
4.063	1	15	407	4	19	8	49	0
4.065	1	15	407	6	19	8	49	0
4.067	1	15	407	8	19	8	49	0
4.069	1	15	407	10	19	8	49	0
4.071	1	15	408	2	19	8	49	0
4.073	1	15	408	4	19	8	49	0
4.075	1	15	408	6	19	8	49	0
4.076	1	15	408	7	19	8	49	0
4.078	1	15	408	9	19	8	49	0
4.08	1	15	409	1	19	8	49	0
4.082	1	15	409	3	19	8	49	0
4.084	1	15	409	5	19	8	49	0
4.086	1	15	409	7	19	8	49	0
4.088	1	15	409	9	19	8	49	0
4.09	1	15	410	1	19	8	49	0
4.091	1	15	410	2	19	8	49	0
4.093	1	15	410	4	19	8	49	0
4.095	1	15	410	6	19	8	49	0
4.097	1	15	410	8	19	8	49	0
4.099	1	15	410	10	19	8	49	0
4.101	1	15	411	2	19	8	49	0
4.103	1	15	411	4	19	8	49	0
4.105	1	15	411	6	19	8	49	0
4.106	1	15	411	7	19	8	49	0
4.108	1	15	411	9	19	8	49	0
4.11	1	15	412	1	19	8	49	0
4.112	1	15	412	3	19	8	49	0
4.114	1	15	412	5	19	8	49	0
4.116	1	15	412	7	19	8	49	0
4.118	1	15	412	9	19	8	49	0
4.12	1	15	413	1	19	8	49	0
4.121	1	15	413	2	19	8	49	0
4.123	1	15	413	4	19	8	49	0
4.125	1	15	413	6	19	8	49	0
4.127	1	15	413	8	19	8	49	0
4.129	1	15	413	10	19	8	49	0
4.131	1	15	414	2	19	8	49	0
4.133	1	15	414	4	19	8	49	0
4.135	1	15	414	6	19	8	49	0
4.136	1	15	414	7	19	8	49	0
4.138	1	15	414	9	19	8	49	0
4.14	1	15	415	1	19	8	49	0
4.142	1	15	415	3	19	8	49	0
4.144	1	15	415	5	19	8	49	0
4.146	1	15	415	7	19	8	49	0
4.148	1	15	415	9	19	8	49	0
4.15	1	15	416	1	19	8	49	0
4.151	1	15	416	2	19	8	49	0
4.153	1	15	416	4	19	8	49	0
4.155	1	15	416	6	19	8	49	0
4.157	1	15	416	8	19	8	49	0
4.159	1	15	416	10	19	8	49	0
4.161	1	15	417	2	19	8	49	0
4.163	1	15	417	4	19	8	49	0
4.165	1	15	417	6	19	8	49	0
4.166	1	15	417	7	19	8	49	0
4.168	1	15	417	9	19	8	49	0
4.17	1	15	418	1	19	8	49	0
4.172	1	15	418	3	19	8	49	0
4.174	1	15	418	5	19	8	49	0
4.176	1	15	418	7	19	8	49	0
4.178	1	15	418	9	19	8	49	0
4.18	1	15	419	1	19	8	49	0
4.181	1	15	419	2	19	8	49	0
4.183	1	15	419	4	19	8	49	0
4.185	1	15	419	6	19	8	49	0
4.187	1	15	419	8	19	8	49	0
4.189	1	15	419	10	19	8	49	0
4.191	1	15	420	2	19	8	49	0
4.193	1	15	420	4	19	8	49	0
4.195	1	15	420	6	19	8	49	0
4.196	1	15	420	7	19	8	49	0
4.198	1	15	420	9	19	8	49	0
4.2	1	15	421	1	19	8	49	0
4.202	1	15	421	3	19	8	49	0
4.204	1	15	421	5	19	8	49	0
4.206	1	15	421	7	19	8	49	0
4.208	1	15	421	9	19	8	49	0
4.21	1	15	422	1	19	8	49	0
4.211	1	15	422	2	19	8	49	0
4.213	1	15	422	4	19	8	49	0
4.215	1	15	422	6	19	8	49	0
4.217	1	15	422	8	19	8	49	0
4.219	1	15	422	10	19	8	49	0
4.221	1	15	423	2	19	8	49	0
4.223	1	15	423	4	19	8	49	0
4.225	1	15	423	6	19	8	49	0
4.226	1	15	423	7	19	8	49	0
4.228	1	15	423	9	19	8	49	0
4.23	1	15	424	1	19	8	49	0
4.232	1	15	424	3	19	8	49	0
4.234	1	15	424	5	19	8	49	0
4.236	1	15	424	7	19	8	49	0
4.238	1	15	424	9	19	8	49	0
4.24	1	15	425	1	19	8	49	0
4.241	1	15	425	2	19	8	49	0
4.243	1	15	425	4	19	8	49	0
4.245	1	15	425	6	19	8	49	0
4.247	1	15	425	8	19	8	49	0
4.249	1	15	425	10	19	8	49	0
4.251	1	15	426	2	19	8	49	0
4.253	1	15	426	4	19	8	49	0
4.255	1	15	426	6	19	8	49	0
4.256	1	15	426	7	19	8	49	0
4.258	1	15	426	9	19	8	49	0
4.26	1	15	427	1	19	8	49	0
4.262	1	15	427	3	19	8	49	0
4.264	1	15	427	5	19	8	49	0
4.266	1	15	427	7	19	8	49	0
4.268	1	15	427	9	19	8	49	0
4.27	1	15	428	1	19	8	49	0
4.271	1	15	428	2	19	8	49	0
4.273	1	15	428	4	19	8	49	0
4.275	1	15	428	6	19	8	49	0
4.277	1	15	428	8	19	8	49	0
4.279	1	15	428	10	19	8	49	0
4.281	1	15	429	2	19	8	49	0
4.283	1	15	429	4	19	8	49	0
4.285	1	15	429	6	19	8	49	0
4.286	1	15	429	7	19	8	49	0
4.288	1	15	429	9	19	8	49	0
4.29	1	15	430	1	19	8	49	0
4.292	1	15	430	3	19	8	49	0
4.294	1	15	430	5	19	8	49	0
4.296	1	15	430	7	19	8	49	0
4.298	1	15	430	9	19	8	49	0
4.3	1	15	431	1	19	8	49	0
4.301	1	15	431	2	19	8	49	0
4.303	1	15	431	4	19	8	49	0
4.305	1	15	431	6	19	8	49	0
4.307	1	15	431	8	19	8	49	0
4.309	1	15	431	10	19	8	49	0
4.311	1	15	432	2	19	8	49	0
4.313	1	15	432	4	19	8	49	0
4.315	1	15	432	6	19	8	49	0
4.316	1	15	432	7	19	8	49	0
4.318	1	15	432	9	19	8	49	0
4.32	1	15	433	1	19	8	49	0
4.322	1	15	433	3	19	8	49	0
4.324	1	15	433	5	19	8	49	0
4.326	1	15	433	7	19	8	49	0
4.328	1	15	433	9	19	8	49	0
4.33	1	15	434	1	19	8	49	0
4.331	1	15	434	2	19	8	49	0
4.333	1	15	434	4	19	8	49	0
4.335	1	15	434	6	19	8	49	0
4.337	1	15	434	8	19	8	49	0
4.339	1	15	434	10	19	8	49	0
4.341	1	15	435	2	19	8	49	0
4.343	1	15	435	4	19	8	49	0
4.345	1	15	435	6	19	8	49	0
4.346	1	15	435	7	19	8	49	0
4.348	1	15	435	9	19	8	49	0
4.35	1	15	436	1	19	8	49	0
4.352	1	15	436	3	19	8	49	0
4.354	1	15	436	5	19	8	49	0
4.356	1	15	436	7	19	8	49	0
4.358	1	15	436	9	19	8	49	0
4.36	1	15	437	1	19	8	49	0
4.361	1	15	437	2	19	8	49	0
4.363	1	15	437	4	19	8	49	0
4.365	1	15	437	6	19	8	49	0
4.367	1	15	437	8	19	8	49	0
4.369	1	15	437	10	19	8	49	0
4.371	1	15	438	2	19	8	49	0
4.373	1	15	438	4	19	8	49	0
4.375	1	15	438	6	19	8	49	0
4.376	1	15	438	7	19	8	49	0
4.378	1	15	438	9	19	8	49	0
4.38	1	15	439	1	19	8	49	0
4.382	1	15	439	3	19	8	49	0
4.384	1	15	439	5	19	8	49	0
4.386	1	15	439	7	19	8	49	0
4.388	1	15	439	9	19	8	49	0
4.39	1	15	440	1	19	8	49	0
4.391	1	15	440	2	19	8	49	0
4.393	1	15	440	4	19	8	49	0
4.395	1	15	440	6	19	8	49	0
4.397	1	15	440	8	19	8	49	0
4.399	1	15	440	10	19	8	49	0
4.401	1	15	441	2	19	8	49	0
4.403	1	15	441	4	19	8	49	0
4.405	1	15	441	6	19	8	49	0
4.406	1	15	441	7	19	8	49	0
4.408	1	15	441	9	19	8	49	0
4.41	1	15	442	1	19	8	49	0
4.412	1	15	442	3	19	8	49	0
4.414	1	15	442	5	19	8	49	0
4.416	1	15	442	7	19	8	49	0
4.418	1	15	442	9	19	8	49	0
4.42	1	15	443	1	19	8	49	0
4.421	1	15	443	2	19	8	49	0
4.423	1	15	443	4	19	8	49	0
4.425	1	15	443	6	19	8	49	0
4.427	1	15	443	8	19	8	49	0
4.429	1	15	443	10	19	8	49	0
4.431	1	15	444	2	19	8	49	0
4.433	1	15	444	4	19	8	49	0
4.435	1	15	444	6	19	8	49	0
4.436	1	15	444	7	19	8	49	0
4.438	1	15	444	9	19	8	49	0
4.44	1	15	445	1	19	8	49	0
4.442	1	15	445	3	19	8	49	0
4.444	1	15	445	5	19	8	49	0
4.446	1	15	445	7	19	8	49	0
4.448	1	15	445	9	19	8	49	0
4.45	1	15	446	1	19	8	49	0
4.451	1	15	446	2	19	8	49	0
4.453	1	15	446	4	19	8	49	0
4.455	1	15	446	6	19	8	49	0
4.457	1	15	446	8	19	8	49	0
4.459	1	15	446	10	19	8	49	0
4.461	1	15	447	2	19	8	49	0
4.463	1	15	447	4	19	8	49	0
4.465	1	15	447	6	19	8	49	0
4.466	1	15	447	7	19	8	49	0
4.468	1	15	447	9	19	8	49	0
4.47	1	15	448	1	19	8	49	0
4.472	1	15	448	3	19	8	49	0
4.474	1	15	448	5	19	8	49	0
4.476	1	15	448	7	19	8	49	0
4.478	1	15	448	9	19	8	49	0
4.48	1	15	449	1	19	8	49	0
4.481	1	15	449	2	19	8	49	0
4.483	1	15	449	4	19	8	49	0
4.485	1	15	449	6	19	8	49	0
4.487	1	15	449	8	19	8	49	0
4.489	1	15	449	10	19	8	49	0
4.491	1	15	450	2	19	8	49	0
4.493	1	15	450	4	19	8	49	0
4.495	1	15	450	6	19	8	49	0
4.496	1	15	450	7	19	8	49	0
4.498	1	15	450	9	19	8	49	0
4.5	1	15	451	1	19	8	49	0
4.502	1	15	451	3	19	8	49	0
4.504	1	15	451	5	19	8	49	0
4.506	1	15	451	7	19	8	49	0
4.508	1	15	451	9	19	8	49	0
4.51	1	15	452	1	19	8	49	0
4.511	1	15	452	2	19	8	49	0
4.513	1	15	452	4	19	8	49	0
4.515	1	15	452	6	19	8	49	0
4.517	1	15	452	8	19	8	49	0
4.519	1	15	452	10	19	8	49	0
4.521	1	15	453	2	19	8	49	0
4.523	1	15	453	4	19	8	49	0
4.525	1	15	453	6	19	8	49	0
4.526	1	15	453	7	19	8	49	0
4.528	1	15	453	9	19	8	49	0
4.53	1	15	454	1	19	8	49	0
4.532	1	15	454	3	19	8	49	0
4.534	1	15	454	5	19	8	49	0
4.536	1	15	454	7	19	8	49	0
4.538	1	15	454	9	19	8	49	0
4.54	1	15	455	1	19	8	49	0
4.541	1	15	455	2	19	8	49	0
4.543	1	15	455	4	19	8	49	0
4.545	1	15	455	6	19	8	49	0
4.547	1	15	455	8	19	8	49	0
4.549	1	15	455	10	19	8	49	0
4.551	1	15	456	2	19	8	49	0
4.553	1	15	456	4	19	8	49	0
4.555	1	15	456	6	19	8	49	0
4.556	1	15	456	7	19	8	49	0
4.558	1	15	456	9	19	8	49	0
4.56	1	15	457	1	19	8	49	0
4.562	1	15	457	3	19	8	49	0
4.564	1	15	457	5	19	8	49	0
4.566	1	15	457	7	19	8	49	0
4.568	1	15	457	9	19	8	49	0
4.57	1	15	458	1	19	8	49	0
4.571	1	15	458	2	19	8	49	0
4.573	1	15	458	4	19	8	49	0
4.575	1	15	458	6	19	8	49	0
4.577	1	15	458	8	19	8	49	0
4.579	1	15	458	10	19	8	49	0
4.581	1	15	459	2	19	8	49	0
4.583	1	15	459	4	19	8	49	0
4.585	1	15	459	6	19	8	49	0
4.586	1	15	459	7	19	8	49	0
4.588	1	15	459	9	19	8	49	0
4.59	1	15	460	1	19	8	49	0
4.592	1	15	460	3	19	8	49	0
4.594	1	15	460	5	19	8	49	0
4.596	1	15	460	7	19	8	49	0
4.598	1	15	460	9	19	8	49	0
4.6	1	15	461	1	19	8	49	0
4.601	1	15	461	2	19	8	49	0
4.603	1	15	461	4	19	8	49	0
4.605	1	15	461	6	19	8	49	0
4.607	1	15	461	8	19	8	49	0
4.609	1	15	461	10	19	8	49	0
4.611	1	15	462	2	19	8	49	0
4.613	1	15	462	4	19	8	49	0
4.615	1	15	462	6	19	8	49	0
4.616	1	15	462	7	19	8	49	0
4.618	1	15	462	9	19	8	49	0
4.62	1	15	463	1	19	8	49	0
4.622	1	15	463	3	19	8	49	0
4.624	1	15	463	5	19	8	49	0
4.626	1	15	463	7	19	8	49	0
4.628	1	15	463	9	19	8	49	0
4.63	1	15	464	1	19	8	49	0
4.631	1	15	464	2	19	8	49	0
4.633	1	15	464	4	19	8	49	0
4.635	1	15	464	6	19	8	49	0
4.637	1	15	464	8	19	8	49	0
4.639	1	15	464	10	19	8	49	0
4.641	1	15	465	2	19	8	49	0
4.643	1	15	465	4	19	8	49	0
4.645	1	15	465	6	19	8	49	0
4.646	1	15	465	7	19	8	49	0
4.648	1	15	465	9	19	8	49	0
4.65	1	15	466	1	19	8	49	0
4.652	1	15	466	3	19	8	49	0
4.654	1	15	466	5	19	8	49	0
4.656	1	15	466	7	19	8	49	0
4.658	1	15	466	9	19	8	49	0
4.66	1	15	467	1	19	8	49	0
4.661	1	15	467	2	19	8	49	0
4.663	1	15	467	4	19	8	49	0
4.665	1	15	467	6	19	8	49	0
4.667	1	15	467	8	19	8	49	0
4.669	1	15	467	10	19	8	49	0
4.671	1	15	468	2	19	8	49	0
4.673	1	15	468	4	19	8	49	0
4.675	1	15	468	6	19	8	49	0
4.676	1	15	468	7	19	8	49	0
4.678	1	15	468	9	19	8	49	0
4.68	1	15	469	1	19	8	49	0
4.682	1	15	469	3	19	8	49	0
4.684	1	15	469	5	19	8	49	0
4.686	1	15	469	7	19	8	49	0
4.688	1	15	469	9	19	8	49	0
4.69	1	15	470	1	19	8	49	0
4.691	1	15	470	2	19	8	49	0
4.693	1	15	470	4	19	8	49	0
4.695	1	15	470	6	19	8	49	0
4.697	1	15	470	8	19	8	49	0
4.699	1	15	470	10	19	8	49	0
4.701	1	15	471	2	19	8	49	0
4.703	1	15	471	4	19	8	49	0
4.705	1	15	471	6	19	8	49	0
4.706	1	15	471	7	19	8	49	0
4.708	1	15	471	9	19	8	49	0
4.71	1	15	472	1	19	8	49	0
4.712	1	15	472	3	19	8	49	0
4.714	1	15	472	5	19	8	49	0
4.716	1	15	472	7	19	8	49	0
4.718	1	15	472	9	19	8	49	0
4.72	1	15	473	1	19	8	49	0
4.721	1	15	473	2	19	8	49	0
4.723	1	15	473	4	19	8	49	0
4.725	1	15	473	6	19	8	49	0
4.727	1	15	473	8	19	8	49	0
4.729	1	15	473	10	19	8	49	0
4.731	1	15	474	2	19	8	49	0
4.733	1	15	474	4	19	8	49	0
4.735	1	15	474	6	19	8	49	0
4.736	1	15	474	7	19	8	49	0
4.738	1	15	474	9	19	8	49	0
4.74	1	15	475	1	19	8	49	0
4.742	1	15	475	3	19	8	49	0
4.744	1	15	475	5	19	8	49	0
4.746	1	15	475	7	19	8	49	0
4.748	1	15	475	9	19	8	49	0
4.75	1	15	476	1	19	8	49	0
4.751	1	15	476	2	19	8	49	0
4.753	1	15	476	4	19	8	49	0
4.755	1	15	476	6	19	8	49	0
4.757	1	15	476	8	19	8	49	0
4.759	1	15	476	10	19	8	49	0
4.761	1	15	477	2	19	8	49	0
4.763	1	15	477	4	19	8	49	0
4.765	1	15	477	6	19	8	49	0
4.766	1	15	477	7	19	8	49	0
4.768	1	15	477	9	19	8	49	0
4.77	1	15	478	1	19	8	49	0
4.772	1	15	478	3	19	8	49	0
4.774	1	15	478	5	19	8	49	0
4.776	1	15	478	7	19	8	49	0
4.778	1	15	478	9	19	8	49	0
4.78	1	15	479	1	19	8	49	0
4.781	1	15	479	2	19	8	49	0
4.783	1	15	479	4	19	8	49	0
4.785	1	15	479	6	19	8	49	0
4.787	1	15	479	8	19	8	49	0
4.789	1	15	479	10	19	8	49	0
4.791	1	15	480	2	19	8	49	0
4.793	1	15	480	4	19	8	49	0
4.795	1	15	480	6	19	8	49	0
4.796	1	15	480	7	19	8	49	0
4.798	1	15	480	9	19	8	49	0
4.8	1	15	481	1	19	8	49	0
4.802	1	15	481	3	19	8	49	0
4.804	1	15	481	5	19	8	49	0
4.806	1	15	481	7	19	8	49	0
4.808	1	15	481	9	19	8	49	0
4.81	1	15	482	1	19	8	49	0
4.811	1	15	482	2	19	8	49	0
4.813	1	15	482	4	19	8	49	0
4.815	1	15	482	6	19	8	49	0
4.817	1	15	482	8	19	8	49	0
4.819	1	15	482	10	19	8	49	0
4.821	1	15	483	2	19	8	49	0
4.823	1	15	483	4	19	8	49	0
4.825	1	15	483	6	19	8	49	0
4.826	1	15	483	7	19	8	49	0
4.828	1	15	483	9	19	8	49	0
4.83	1	15	484	1	19	8	49	0
4.832	1	15	484	3	19	8	49	0
4.834	1	15	484	5	19	8	49	0
4.836	1	15	484	7	19	8	49	0
4.838	1	15	484	9	19	8	49	0
4.84	1	15	485	1	19	8	49	0
4.841	1	15	485	2	19	8	49	0
4.843	1	15	485	4	19	8	49	0
4.845	1	15	485	6	19	8	49	0
4.847	1	15	485	8	19	8	49	0
4.849	1	15	485	10	19	8	49	0
4.851	1	15	486	2	19	8	49	0
4.853	1	15	486	4	19	8	49	0
4.855	1	15	486	6	19	8	49	0
4.856	1	15	486	7	19	8	49	0
4.858	1	15	486	9	19	8	49	0
4.86	1	15	487	1	19	8	49	0
4.862	1	15	487	3	19	8	49	0
4.864	1	15	487	5	19	8	49	0
4.866	1	15	487	7	19	8	49	0
4.868	1	15	487	9	19	8	49	0
4.87	1	15	488	1	19	8	49	0
4.871	1	15	488	2	19	8	49	0
4.873	1	15	488	4	19	8	49	0
4.875	1	15	488	6	19	8	49	0
4.877	1	15	488	8	19	8	49	0
4.879	1	15	488	10	19	8	49	0
4.881	1	15	489	2	19	8	49	0
4.883	1	15	489	4	19	8	49	0
4.885	1	15	489	6	19	8	49	0
4.886	1	15	489	7	19	8	49	0
4.888	1	15	489	9	19	8	49	0
4.89	1	15	490	1	19	8	49	0
4.892	1	15	490	3	19	8	49	0
4.894	1	15	490	5	19	8	49	0
4.896	1	15	490	7	19	8	49	0
4.898	1	15	490	9	19	8	49	0
4.9	1	15	491	1	19	8	49	0
4.901	1	15	491	2	19	8	49	0
4.903	1	15	491	4	19	8	49	0
4.905	1	15	491	6	19	8	49	0
4.907	1	15	491	8	19	8	49	0
4.909	1	15	491	10	19	8	49	0
4.911	1	15	492	2	19	8	49	0
4.913	1	15	492	4	19	8	49	0
4.915	1	15	492	6	19	8	49	0
4.916	1	15	492	7	19	8	49	0
4.918	1	15	492	9	19	8	49	0
4.92	1	15	493	1	19	8	49	0
4.922	1	15	493	3	19	8	49	0
4.924	1	15	493	5	19	8	49	0
4.926	1	15	493	7	19	8	49	0
4.928	1	15	493	9	19	8	49	0
4.93	1	15	494	1	19	8	49	0
4.931	1	15	494	2	19	8	49	0
4.933	1	15	494	4	19	8	49	0
4.935	1	15	494	6	19	8	49	0
4.937	1	15	494	8	19	8	49	0
4.939	1	15	494	10	19	8	49	0
4.941	1	15	495	2	19	8	49	0
4.943	1	15	495	4	19	8	49	0
4.945	1	15	495	6	19	8	49	0
4.946	1	15	495	7	19	8	49	0
4.948	1	15	495	9	19	8	49	0
4.95	1	15	496	1	19	8	49	0
4.952	1	15	496	3	19	8	49	0
4.954	1	15	496	5	19	8	49	0
4.956	1	15	496	7	19	8	49	0
4.958	1	15	496	9	19	8	49	0
4.96	1	15	497	1	19	8	49	0
4.961	1	15	497	2	19	8	49	0
4.963	1	15	497	4	19	8	49	0
4.965	1	15	497	6	19	8	49	0
4.967	1	15	497	8	19	8	49	0
4.969	1	15	497	10	19	8	49	0
4.971	1	15	498	2	19	8	49	0
4.973	1	15	498	4	19	8	49	0
4.975	1	15	498	6	19	8	49	0
4.976	1	15	498	7	19	8	49	0
4.978	1	15	498	9	19	8	49	0
4.98	1	15	499	1	19	8	49	0
4.982	1	15	499	3	19	8	49	0
4.984	1	15	499	5	19	8	49	0
4.986	1	15	499	7	19	8	49	0
4.988	1	15	499	9	19	8	49	0
4.99	1	15	500	1	19	8	49	0
4.991	1	15	500	2	19	8	49	0
4.993	1	15	500	4	19	8	49	0
4.995	1	15	500	6	19	8	49	0
4.997	1	15	500	8	19	8	49	0
4.999	1	15	500	10	19	8	49	0
