% time	cellId	IMSI	frame	sframe	RNTI	mcs	size	ccId
0.026	1	6	3	7	1	0	19	0
0.027	1	6	3	8	1	0	19	0
0.028	1	6	3	9	1	0	19	0
0.03	1	6	4	1	1	0	19	0
0.031	1	6	4	2	1	0	7	0
0.032	1	6	4	3	1	0	7	0
0.033	1	6	4	4	1	0	7	0
0.034	1	6	4	5	1	0	7	0
0.035	1	6	4	6	1	0	7	0
0.036	1	6	4	7	1	0	7	0
0.038	1	6	4	9	1	0	7	0
0.039	1	6	4	10	1	0	7	0
0.041	1	6	5	2	1	12	73	0
0.042	1	6	5	3	1	12	73	0
0.044	1	6	5	5	1	12	73	0
0.046	1	6	5	7	1	12	73	0
0.048	1	6	5	9	1	12	73	0
0.05	1	6	6	1	1	12	73	0
0.052	1	6	6	3	1	12	73	0
0.054	1	6	6	5	1	12	73	0
0.055	1	6	6	6	1	12	73	0
0.057	1	6	6	8	1	12	73	0
0.059	1	6	6	10	1	12	73	0
0.061	1	6	7	2	1	12	73	0
0.063	1	6	7	4	1	12	73	0
0.065	1	6	7	6	1	12	73	0
0.067	1	6	7	8	1	12	73	0
0.069	1	6	7	10	1	12	73	0
0.07	1	6	8	1	1	12	73	0
0.072	1	6	8	3	1	12	73	0
0.074	1	6	8	5	1	12	73	0
0.076	1	6	8	7	1	12	73	0
0.078	1	6	8	9	1	12	73	0
0.08	1	6	9	1	1	12	73	0
0.082	1	6	9	3	1	12	73	0
0.084	1	6	9	5	1	12	73	0
0.085	1	6	9	6	1	12	73	0
0.087	1	6	9	8	1	12	73	0
0.089	1	6	9	10	1	12	73	0
0.091	1	6	10	2	1	12	73	0
0.093	1	6	10	4	1	12	73	0
0.095	1	6	10	6	1	12	73	0
0.097	1	6	10	8	1	12	73	0
0.099	1	6	10	10	1	12	73	0
0.1	1	6	11	1	1	12	73	0
0.102	1	6	11	3	1	12	73	0
0.104	1	6	11	5	1	12	73	0
0.106	1	6	11	7	1	12	73	0
0.108	1	6	11	9	1	12	73	0
0.11	1	6	12	1	1	12	73	0
0.112	1	6	12	3	1	12	73	0
0.114	1	6	12	5	1	12	73	0
0.115	1	6	12	6	1	12	73	0
0.117	1	6	12	8	1	12	73	0
0.119	1	6	12	10	1	12	73	0
0.121	1	6	13	2	1	12	73	0
0.123	1	6	13	4	1	12	73	0
0.125	1	6	13	6	1	12	73	0
0.127	1	6	13	8	1	12	73	0
0.129	1	6	13	10	1	12	73	0
0.13	1	6	14	1	1	12	73	0
0.132	1	6	14	3	1	12	73	0
0.134	1	6	14	5	1	12	73	0
0.136	1	6	14	7	1	12	73	0
0.138	1	6	14	9	1	12	73	0
0.14	1	6	15	1	1	12	73	0
0.142	1	6	15	3	1	12	73	0
0.144	1	6	15	5	1	12	73	0
0.145	1	6	15	6	1	12	73	0
0.147	1	6	15	8	1	12	73	0
0.149	1	6	15	10	1	12	73	0
0.151	1	6	16	2	1	12	73	0
0.153	1	6	16	4	1	12	73	0
0.155	1	6	16	6	1	12	73	0
0.157	1	6	16	8	1	12	73	0
0.159	1	6	16	10	1	12	73	0
0.16	1	6	17	1	1	12	73	0
0.162	1	6	17	3	1	12	73	0
0.164	1	6	17	5	1	12	73	0
0.166	1	6	17	7	1	12	73	0
0.168	1	6	17	9	1	12	73	0
0.17	1	6	18	1	1	12	73	0
0.172	1	6	18	3	1	12	73	0
0.174	1	6	18	5	1	12	73	0
0.175	1	6	18	6	1	12	73	0
0.177	1	6	18	8	1	12	73	0
0.179	1	6	18	10	1	12	73	0
0.181	1	6	19	2	1	12	73	0
0.183	1	6	19	4	1	12	73	0
0.185	1	6	19	6	1	12	73	0
0.187	1	6	19	8	1	12	73	0
0.189	1	6	19	10	1	12	73	0
0.19	1	6	20	1	1	12	73	0
0.192	1	6	20	3	1	12	73	0
0.194	1	6	20	5	1	12	73	0
0.196	1	6	20	7	1	12	73	0
0.198	1	6	20	9	1	12	73	0
0.2	1	6	21	1	1	12	73	0
0.202	1	6	21	3	1	12	73	0
0.204	1	6	21	5	1	12	73	0
0.205	1	6	21	6	1	12	73	0
0.207	1	6	21	8	1	12	73	0
0.209	1	6	21	10	1	12	73	0
0.211	1	6	22	2	1	12	73	0
0.213	1	6	22	4	1	12	73	0
0.215	1	6	22	6	1	12	73	0
0.217	1	6	22	8	1	12	73	0
0.219	1	6	22	10	1	12	73	0
0.22	1	6	23	1	1	12	73	0
0.222	1	6	23	3	1	12	73	0
0.224	1	6	23	5	1	12	73	0
0.226	1	6	23	7	1	12	73	0
0.228	1	6	23	9	1	12	73	0
0.23	1	6	24	1	1	12	73	0
0.232	1	6	24	3	1	12	73	0
0.234	1	6	24	5	1	12	73	0
0.235	1	6	24	6	1	12	73	0
0.237	1	6	24	8	1	12	73	0
0.239	1	6	24	10	1	12	73	0
0.241	1	6	25	2	1	12	73	0
0.243	1	6	25	4	1	12	73	0
0.245	1	6	25	6	1	12	73	0
0.247	1	6	25	8	1	12	73	0
0.249	1	6	25	10	1	12	73	0
0.25	1	6	26	1	1	12	73	0
0.252	1	6	26	3	1	12	73	0
0.254	1	6	26	5	1	12	73	0
0.256	1	6	26	7	1	12	73	0
0.258	1	6	26	9	1	12	73	0
0.26	1	6	27	1	1	12	73	0
0.262	1	6	27	3	1	12	73	0
0.264	1	6	27	5	1	12	73	0
0.265	1	6	27	6	1	12	73	0
0.267	1	6	27	8	1	12	73	0
0.269	1	6	27	10	1	12	73	0
0.271	1	6	28	2	1	12	73	0
0.273	1	6	28	4	1	12	73	0
0.275	1	6	28	6	1	12	73	0
0.277	1	6	28	8	1	12	73	0
0.279	1	6	28	10	1	12	73	0
0.28	1	6	29	1	1	12	73	0
0.282	1	6	29	3	1	12	73	0
0.284	1	6	29	5	1	12	73	0
0.286	1	6	29	7	1	12	73	0
0.288	1	6	29	9	1	12	73	0
0.29	1	6	30	1	1	12	73	0
0.292	1	6	30	3	1	12	73	0
0.294	1	6	30	5	1	12	73	0
0.295	1	6	30	6	1	12	73	0
0.297	1	6	30	8	1	12	73	0
0.299	1	6	30	10	1	12	73	0
0.301	1	6	31	2	1	12	73	0
0.303	1	6	31	4	1	12	73	0
0.305	1	6	31	6	1	12	73	0
0.307	1	6	31	8	1	12	73	0
0.309	1	6	31	10	1	12	73	0
0.31	1	6	32	1	1	12	73	0
0.312	1	6	32	3	1	12	73	0
0.314	1	6	32	5	1	12	73	0
0.316	1	6	32	7	1	12	73	0
0.318	1	6	32	9	1	12	73	0
0.32	1	6	33	1	1	12	73	0
0.322	1	6	33	3	1	12	73	0
0.324	1	6	33	5	1	12	73	0
0.325	1	6	33	6	1	12	73	0
0.327	1	6	33	8	1	12	73	0
0.329	1	6	33	10	1	12	73	0
0.331	1	6	34	2	1	12	73	0
0.333	1	6	34	4	1	12	73	0
0.335	1	6	34	6	1	12	73	0
0.337	1	6	34	8	1	12	73	0
0.339	1	6	34	10	1	12	73	0
0.34	1	6	35	1	1	12	73	0
0.342	1	6	35	3	1	12	73	0
0.344	1	6	35	5	1	12	73	0
0.346	1	6	35	7	1	12	73	0
0.348	1	6	35	9	1	12	73	0
0.35	1	6	36	1	1	12	73	0
0.352	1	6	36	3	1	12	73	0
0.354	1	6	36	5	1	12	73	0
0.355	1	6	36	6	1	12	73	0
0.357	1	6	36	8	1	12	73	0
0.359	1	6	36	10	1	12	73	0
0.361	1	6	37	2	1	12	73	0
0.363	1	6	37	4	1	12	73	0
0.365	1	6	37	6	1	12	73	0
0.367	1	6	37	8	1	12	73	0
0.369	1	6	37	10	1	12	73	0
0.37	1	6	38	1	1	12	73	0
0.372	1	6	38	3	1	12	73	0
0.374	1	6	38	5	1	12	73	0
0.376	1	6	38	7	1	12	73	0
0.378	1	6	38	9	1	12	73	0
0.38	1	6	39	1	1	12	73	0
0.382	1	6	39	3	1	12	73	0
0.384	1	6	39	5	1	12	73	0
0.385	1	6	39	6	1	12	73	0
0.387	1	6	39	8	1	12	73	0
0.389	1	6	39	10	1	12	73	0
0.391	1	6	40	2	1	12	73	0
0.393	1	6	40	4	1	12	73	0
0.395	1	6	40	6	1	12	73	0
0.397	1	6	40	8	1	12	73	0
0.399	1	6	40	10	1	12	73	0
0.4	1	6	41	1	1	12	73	0
0.402	1	6	41	3	1	12	73	0
0.404	1	6	41	5	1	12	73	0
0.406	1	6	41	7	1	12	73	0
0.408	1	6	41	9	1	12	73	0
0.41	1	6	42	1	1	12	73	0
0.412	1	6	42	3	1	12	73	0
0.414	1	6	42	5	1	12	73	0
0.415	1	6	42	6	1	12	73	0
0.417	1	6	42	8	1	12	73	0
0.419	1	6	42	10	1	12	73	0
0.421	1	6	43	2	1	12	73	0
0.423	1	6	43	4	1	12	73	0
0.425	1	6	43	6	1	12	73	0
0.427	1	6	43	8	1	12	73	0
0.429	1	6	43	10	1	12	73	0
0.43	1	6	44	1	1	12	73	0
0.432	1	6	44	3	1	12	73	0
0.434	1	6	44	5	1	12	73	0
0.436	1	6	44	7	1	12	73	0
0.438	1	6	44	9	1	12	73	0
0.44	1	6	45	1	1	12	73	0
0.442	1	6	45	3	1	12	73	0
0.444	1	6	45	5	1	12	73	0
0.445	1	6	45	6	1	12	73	0
0.447	1	6	45	8	1	12	73	0
0.449	1	6	45	10	1	12	73	0
0.451	1	6	46	2	1	12	73	0
0.453	1	6	46	4	1	12	73	0
0.455	1	6	46	6	1	12	73	0
0.457	1	6	46	8	1	12	73	0
0.459	1	6	46	10	1	12	73	0
0.46	1	6	47	1	1	12	73	0
0.462	1	6	47	3	1	12	73	0
0.464	1	6	47	5	1	12	73	0
0.466	1	6	47	7	1	12	73	0
0.468	1	6	47	9	1	12	73	0
0.47	1	6	48	1	1	12	73	0
0.472	1	6	48	3	1	12	73	0
0.474	1	6	48	5	1	12	73	0
0.475	1	6	48	6	1	12	73	0
0.477	1	6	48	8	1	12	73	0
0.479	1	6	48	10	1	12	73	0
0.481	1	6	49	2	1	12	73	0
0.483	1	6	49	4	1	12	73	0
0.485	1	6	49	6	1	12	73	0
0.487	1	6	49	8	1	12	73	0
0.489	1	6	49	10	1	12	73	0
0.49	1	6	50	1	1	12	73	0
0.492	1	6	50	3	1	12	73	0
0.494	1	6	50	5	1	12	73	0
0.496	1	6	50	7	1	12	73	0
0.498	1	6	50	9	1	12	73	0
0.5	1	6	51	1	1	12	73	0
0.502	1	6	51	3	1	12	73	0
0.504	1	6	51	5	1	12	73	0
0.505	1	6	51	6	1	12	73	0
0.507	1	6	51	8	1	12	73	0
0.509	1	6	51	10	1	12	73	0
0.511	1	6	52	2	1	12	73	0
0.513	1	6	52	4	1	12	73	0
0.515	1	6	52	6	1	12	73	0
0.517	1	6	52	8	1	12	73	0
0.519	1	6	52	10	1	12	73	0
0.52	1	6	53	1	1	12	73	0
0.522	1	6	53	3	1	12	73	0
0.524	1	6	53	5	1	12	73	0
0.526	1	6	53	7	1	12	73	0
0.528	1	6	53	9	1	12	73	0
0.53	1	6	54	1	1	12	73	0
0.532	1	6	54	3	1	12	73	0
0.534	1	6	54	5	1	12	73	0
0.535	1	6	54	6	1	12	73	0
0.537	1	6	54	8	1	12	73	0
0.539	1	6	54	10	1	12	73	0
0.541	1	6	55	2	1	12	73	0
0.543	1	6	55	4	1	12	73	0
0.545	1	6	55	6	1	12	73	0
0.547	1	6	55	8	1	12	73	0
0.549	1	6	55	10	1	12	73	0
0.55	1	6	56	1	1	12	73	0
0.552	1	6	56	3	1	12	73	0
0.554	1	6	56	5	1	12	73	0
0.556	1	6	56	7	1	12	73	0
0.558	1	6	56	9	1	12	73	0
0.56	1	6	57	1	1	12	73	0
0.562	1	6	57	3	1	12	73	0
0.564	1	6	57	5	1	12	73	0
0.565	1	6	57	6	1	12	73	0
0.567	1	6	57	8	1	12	73	0
0.569	1	6	57	10	1	12	73	0
0.571	1	6	58	2	1	12	73	0
0.573	1	6	58	4	1	12	73	0
0.575	1	6	58	6	1	12	73	0
0.577	1	6	58	8	1	12	73	0
0.579	1	6	58	10	1	12	73	0
0.58	1	6	59	1	1	12	73	0
0.582	1	6	59	3	1	12	73	0
0.584	1	6	59	5	1	12	73	0
0.586	1	6	59	7	1	12	73	0
0.588	1	6	59	9	1	12	73	0
0.59	1	6	60	1	1	12	73	0
0.592	1	6	60	3	1	12	73	0
0.594	1	6	60	5	1	12	73	0
0.595	1	6	60	6	1	12	73	0
0.597	1	6	60	8	1	12	73	0
0.599	1	6	60	10	1	12	73	0
0.601	1	6	61	2	1	12	73	0
0.603	1	6	61	4	1	12	73	0
0.605	1	6	61	6	1	12	73	0
0.607	1	6	61	8	1	12	73	0
0.609	1	6	61	10	1	12	73	0
0.61	1	6	62	1	1	12	73	0
0.612	1	6	62	3	1	12	73	0
0.614	1	6	62	5	1	12	73	0
0.616	1	6	62	7	1	12	73	0
0.618	1	6	62	9	1	12	73	0
0.62	1	6	63	1	1	12	73	0
0.622	1	6	63	3	1	12	73	0
0.624	1	6	63	5	1	12	73	0
0.625	1	6	63	6	1	12	73	0
0.627	1	6	63	8	1	12	73	0
0.629	1	6	63	10	1	12	73	0
0.631	1	6	64	2	1	12	73	0
0.633	1	6	64	4	1	12	73	0
0.635	1	6	64	6	1	12	73	0
0.637	1	6	64	8	1	12	73	0
0.639	1	6	64	10	1	12	73	0
0.64	1	6	65	1	1	12	73	0
0.642	1	6	65	3	1	12	73	0
0.644	1	6	65	5	1	12	73	0
0.646	1	6	65	7	1	12	73	0
0.648	1	6	65	9	1	12	73	0
0.65	1	6	66	1	1	12	73	0
0.652	1	6	66	3	1	12	73	0
0.654	1	6	66	5	1	12	73	0
0.655	1	6	66	6	1	12	73	0
0.657	1	6	66	8	1	12	73	0
0.659	1	6	66	10	1	12	73	0
0.661	1	6	67	2	1	12	73	0
0.663	1	6	67	4	1	12	73	0
0.665	1	6	67	6	1	12	73	0
0.667	1	6	67	8	1	12	73	0
0.669	1	6	67	10	1	12	73	0
0.67	1	6	68	1	1	12	73	0
0.672	1	6	68	3	1	12	73	0
0.674	1	6	68	5	1	12	73	0
0.676	1	6	68	7	1	12	73	0
0.678	1	6	68	9	1	12	73	0
0.68	1	6	69	1	1	12	73	0
0.682	1	6	69	3	1	12	73	0
0.684	1	6	69	5	1	12	73	0
0.685	1	6	69	6	1	12	73	0
0.687	1	6	69	8	1	12	73	0
0.689	1	6	69	10	1	12	73	0
0.691	1	6	70	2	1	12	73	0
0.693	1	6	70	4	1	12	73	0
0.695	1	6	70	6	1	12	73	0
0.697	1	6	70	8	1	12	73	0
0.699	1	6	70	10	1	12	73	0
0.7	1	6	71	1	1	12	73	0
0.702	1	6	71	3	1	12	73	0
0.704	1	6	71	5	1	12	73	0
0.706	1	6	71	7	1	12	73	0
0.708	1	6	71	9	1	12	73	0
0.71	1	6	72	1	1	12	73	0
0.712	1	6	72	3	1	12	73	0
0.714	1	6	72	5	1	12	73	0
0.715	1	6	72	6	1	12	73	0
0.717	1	6	72	8	1	12	73	0
0.719	1	6	72	10	1	12	73	0
0.721	1	6	73	2	1	12	73	0
0.723	1	6	73	4	1	12	73	0
0.725	1	6	73	6	1	12	73	0
0.727	1	6	73	8	1	12	73	0
0.729	1	6	73	10	1	12	73	0
0.73	1	6	74	1	1	12	73	0
0.732	1	6	74	3	1	12	73	0
0.734	1	6	74	5	1	12	73	0
0.736	1	6	74	7	1	12	73	0
0.738	1	6	74	9	1	12	73	0
0.74	1	6	75	1	1	12	73	0
0.742	1	6	75	3	1	12	73	0
0.744	1	6	75	5	1	12	73	0
0.745	1	6	75	6	1	12	73	0
0.747	1	6	75	8	1	12	73	0
0.749	1	6	75	10	1	12	73	0
0.751	1	6	76	2	1	12	73	0
0.753	1	6	76	4	1	12	73	0
0.755	1	6	76	6	1	12	73	0
0.757	1	6	76	8	1	12	73	0
0.759	1	6	76	10	1	12	73	0
0.76	1	6	77	1	1	12	73	0
0.762	1	6	77	3	1	12	73	0
0.764	1	6	77	5	1	12	73	0
0.766	1	6	77	7	1	12	73	0
0.768	1	6	77	9	1	12	73	0
0.77	1	6	78	1	1	12	73	0
0.772	1	6	78	3	1	12	73	0
0.774	1	6	78	5	1	12	73	0
0.775	1	6	78	6	1	12	73	0
0.777	1	6	78	8	1	12	73	0
0.779	1	6	78	10	1	12	73	0
0.781	1	6	79	2	1	12	73	0
0.783	1	6	79	4	1	12	73	0
0.785	1	6	79	6	1	12	73	0
0.787	1	6	79	8	1	12	73	0
0.789	1	6	79	10	1	12	73	0
0.79	1	6	80	1	1	12	73	0
0.792	1	6	80	3	1	12	73	0
0.794	1	6	80	5	1	12	73	0
0.796	1	6	80	7	1	12	73	0
0.798	1	6	80	9	1	12	73	0
0.8	1	6	81	1	1	12	73	0
0.802	1	6	81	3	1	12	73	0
0.804	1	6	81	5	1	12	73	0
0.805	1	6	81	6	1	12	73	0
0.807	1	6	81	8	1	12	73	0
0.809	1	6	81	10	1	12	73	0
0.811	1	6	82	2	1	12	73	0
0.813	1	6	82	4	1	12	73	0
0.815	1	6	82	6	1	12	73	0
0.817	1	6	82	8	1	12	73	0
0.819	1	6	82	10	1	12	73	0
0.82	1	6	83	1	1	12	73	0
0.822	1	6	83	3	1	12	73	0
0.824	1	6	83	5	1	12	73	0
0.826	1	6	83	7	1	12	73	0
0.828	1	6	83	9	1	12	73	0
0.83	1	6	84	1	1	12	73	0
0.832	1	6	84	3	1	12	73	0
0.834	1	6	84	5	1	12	73	0
0.835	1	6	84	6	1	12	73	0
0.837	1	6	84	8	1	12	73	0
0.839	1	6	84	10	1	12	73	0
0.841	1	6	85	2	1	12	73	0
0.843	1	6	85	4	1	12	73	0
0.845	1	6	85	6	1	12	73	0
0.847	1	6	85	8	1	12	73	0
0.849	1	6	85	10	1	12	73	0
0.85	1	6	86	1	1	12	73	0
0.852	1	6	86	3	1	12	73	0
0.854	1	6	86	5	1	12	73	0
0.856	1	6	86	7	1	12	73	0
0.858	1	6	86	9	1	12	73	0
0.86	1	6	87	1	1	12	73	0
0.862	1	6	87	3	1	12	73	0
0.864	1	6	87	5	1	12	73	0
0.865	1	6	87	6	1	12	73	0
0.867	1	6	87	8	1	12	73	0
0.869	1	6	87	10	1	12	73	0
0.871	1	6	88	2	1	12	73	0
0.873	1	6	88	4	1	12	73	0
0.875	1	6	88	6	1	12	73	0
0.877	1	6	88	8	1	12	73	0
0.879	1	6	88	10	1	12	73	0
0.88	1	6	89	1	1	12	73	0
0.882	1	6	89	3	1	12	73	0
0.884	1	6	89	5	1	12	73	0
0.886	1	6	89	7	1	12	73	0
0.888	1	6	89	9	1	12	73	0
0.89	1	6	90	1	1	12	73	0
0.892	1	6	90	3	1	12	73	0
0.894	1	6	90	5	1	12	73	0
0.895	1	6	90	6	1	12	73	0
0.897	1	6	90	8	1	12	73	0
0.899	1	6	90	10	1	12	73	0
0.901	1	6	91	2	1	12	73	0
0.903	1	6	91	4	1	12	73	0
0.905	1	6	91	6	1	12	73	0
0.907	1	6	91	8	1	12	73	0
0.909	1	6	91	10	1	12	73	0
0.91	1	6	92	1	1	12	73	0
0.912	1	6	92	3	1	12	73	0
0.914	1	6	92	5	1	12	73	0
0.916	1	6	92	7	1	12	73	0
0.918	1	6	92	9	1	12	73	0
0.92	1	6	93	1	1	12	73	0
0.922	1	6	93	3	1	12	73	0
0.924	1	6	93	5	1	12	73	0
0.925	1	6	93	6	1	12	73	0
0.927	1	6	93	8	1	12	73	0
0.929	1	6	93	10	1	12	73	0
0.931	1	6	94	2	1	12	73	0
0.933	1	6	94	4	1	12	73	0
0.935	1	6	94	6	1	12	73	0
0.937	1	6	94	8	1	12	73	0
0.939	1	6	94	10	1	12	73	0
0.94	1	6	95	1	1	12	73	0
0.942	1	6	95	3	1	12	73	0
0.944	1	6	95	5	1	12	73	0
0.946	1	6	95	7	1	12	73	0
0.948	1	6	95	9	1	12	73	0
0.95	1	6	96	1	1	12	73	0
0.952	1	6	96	3	1	12	73	0
0.954	1	6	96	5	1	12	73	0
0.955	1	6	96	6	1	12	73	0
0.957	1	6	96	8	1	12	73	0
0.959	1	6	96	10	1	12	73	0
0.961	1	6	97	2	1	12	73	0
0.963	1	6	97	4	1	12	73	0
0.965	1	6	97	6	1	12	73	0
0.967	1	6	97	8	1	12	73	0
0.969	1	6	97	10	1	12	73	0
0.97	1	6	98	1	1	12	73	0
0.972	1	6	98	3	1	12	73	0
0.974	1	6	98	5	1	12	73	0
0.976	1	6	98	7	1	12	73	0
0.978	1	6	98	9	1	12	73	0
0.98	1	6	99	1	1	12	73	0
0.982	1	6	99	3	1	12	73	0
0.984	1	6	99	5	1	12	73	0
0.985	1	6	99	6	1	12	73	0
0.987	1	6	99	8	1	12	73	0
0.989	1	6	99	10	1	12	73	0
0.991	1	6	100	2	1	12	73	0
0.993	1	6	100	4	1	12	73	0
0.995	1	6	100	6	1	12	73	0
0.997	1	6	100	8	1	12	73	0
0.999	1	6	100	10	1	12	73	0
1	1	6	101	1	1	12	73	0
1.002	1	6	101	3	1	12	73	0
1.004	1	6	101	5	1	12	73	0
1.006	1	6	101	7	1	12	73	0
1.008	1	6	101	9	1	12	73	0
1.01	1	6	102	1	1	12	73	0
1.012	1	6	102	3	1	12	73	0
1.014	1	6	102	5	1	12	73	0
1.015	1	6	102	6	1	12	73	0
1.017	1	6	102	8	1	12	73	0
1.019	1	6	102	10	1	12	73	0
1.021	1	6	103	2	1	12	73	0
1.023	1	6	103	4	1	12	73	0
1.025	1	6	103	6	1	12	73	0
1.027	1	6	103	8	1	12	73	0
1.029	1	6	103	10	1	12	73	0
1.03	1	6	104	1	1	12	73	0
1.032	1	6	104	3	1	12	73	0
1.034	1	6	104	5	1	12	73	0
1.036	1	6	104	7	1	12	73	0
1.038	1	6	104	9	1	12	73	0
1.04	1	6	105	1	1	12	73	0
1.042	1	6	105	3	1	12	73	0
1.044	1	6	105	5	1	12	73	0
1.045	1	6	105	6	1	12	73	0
1.047	1	6	105	8	1	12	73	0
1.049	1	6	105	10	1	12	73	0
1.051	1	6	106	2	1	12	73	0
1.053	1	6	106	4	1	12	73	0
1.055	1	6	106	6	1	12	73	0
1.057	1	6	106	8	1	12	73	0
1.059	1	6	106	10	1	12	73	0
1.06	1	6	107	1	1	12	73	0
1.062	1	6	107	3	1	12	73	0
1.064	1	6	107	5	1	12	73	0
1.066	1	6	107	7	1	12	73	0
1.068	1	6	107	9	1	12	73	0
1.07	1	6	108	1	1	12	73	0
1.072	1	6	108	3	1	12	73	0
1.074	1	6	108	5	1	12	73	0
1.075	1	6	108	6	1	12	73	0
1.077	1	6	108	8	1	12	73	0
1.079	1	6	108	10	1	12	73	0
1.081	1	6	109	2	1	12	73	0
1.083	1	6	109	4	1	12	73	0
1.085	1	6	109	6	1	12	73	0
1.087	1	6	109	8	1	12	73	0
1.089	1	6	109	10	1	12	73	0
1.09	1	6	110	1	1	12	73	0
1.092	1	6	110	3	1	12	73	0
1.094	1	6	110	5	1	12	73	0
1.096	1	6	110	7	1	12	73	0
1.098	1	6	110	9	1	12	73	0
1.1	1	6	111	1	1	12	73	0
1.102	1	6	111	3	1	12	73	0
1.104	1	6	111	5	1	12	73	0
1.105	1	6	111	6	1	12	73	0
1.107	1	6	111	8	1	12	73	0
1.109	1	6	111	10	1	12	73	0
1.111	1	6	112	2	1	12	73	0
1.113	1	6	112	4	1	12	73	0
1.115	1	6	112	6	1	12	73	0
1.117	1	6	112	8	1	12	73	0
1.119	1	6	112	10	1	12	73	0
1.12	1	6	113	1	1	12	73	0
1.122	1	6	113	3	1	12	73	0
1.124	1	6	113	5	1	12	73	0
1.126	1	6	113	7	1	12	73	0
1.128	1	6	113	9	1	12	73	0
1.13	1	6	114	1	1	12	73	0
1.132	1	6	114	3	1	12	73	0
1.134	1	6	114	5	1	12	73	0
1.135	1	6	114	6	1	12	73	0
1.137	1	6	114	8	1	12	73	0
1.139	1	6	114	10	1	12	73	0
1.141	1	6	115	2	1	12	73	0
1.143	1	6	115	4	1	12	73	0
1.145	1	6	115	6	1	12	73	0
1.147	1	6	115	8	1	12	73	0
1.149	1	6	115	10	1	12	73	0
1.15	1	6	116	1	1	12	73	0
1.152	1	6	116	3	1	12	73	0
1.154	1	6	116	5	1	12	73	0
1.156	1	6	116	7	1	12	73	0
1.158	1	6	116	9	1	12	73	0
1.16	1	6	117	1	1	12	73	0
1.162	1	6	117	3	1	12	73	0
1.164	1	6	117	5	1	12	73	0
1.165	1	6	117	6	1	12	73	0
1.167	1	6	117	8	1	12	73	0
1.169	1	6	117	10	1	12	73	0
1.171	1	6	118	2	1	12	73	0
1.173	1	6	118	4	1	12	73	0
1.175	1	6	118	6	1	12	73	0
1.177	1	6	118	8	1	12	73	0
1.179	1	6	118	10	1	12	73	0
1.18	1	6	119	1	1	12	73	0
1.182	1	6	119	3	1	12	73	0
1.184	1	6	119	5	1	12	73	0
1.186	1	6	119	7	1	12	73	0
1.188	1	6	119	9	1	12	73	0
1.19	1	6	120	1	1	12	73	0
1.192	1	6	120	3	1	12	73	0
1.194	1	6	120	5	1	12	73	0
1.195	1	6	120	6	1	12	73	0
1.197	1	6	120	8	1	12	73	0
1.199	1	6	120	10	1	12	73	0
1.201	1	6	121	2	1	12	73	0
1.203	1	6	121	4	1	12	73	0
1.205	1	6	121	6	1	12	73	0
1.207	1	6	121	8	1	12	73	0
1.209	1	6	121	10	1	12	73	0
1.21	1	6	122	1	1	12	73	0
1.212	1	6	122	3	1	12	73	0
1.214	1	6	122	5	1	12	73	0
1.216	1	6	122	7	1	12	73	0
1.218	1	6	122	9	1	12	73	0
1.22	1	6	123	1	1	12	73	0
1.222	1	6	123	3	1	12	73	0
1.224	1	6	123	5	1	12	73	0
1.225	1	6	123	6	1	12	73	0
1.227	1	6	123	8	1	12	73	0
1.229	1	6	123	10	1	12	73	0
1.231	1	6	124	2	1	12	73	0
1.233	1	6	124	4	1	12	73	0
1.235	1	6	124	6	1	12	73	0
1.237	1	6	124	8	1	12	73	0
1.239	1	6	124	10	1	12	73	0
1.24	1	6	125	1	1	12	73	0
1.242	1	6	125	3	1	12	73	0
1.244	1	6	125	5	1	12	73	0
1.246	1	6	125	7	1	12	73	0
1.248	1	6	125	9	1	12	73	0
1.25	1	6	126	1	1	12	73	0
1.252	1	6	126	3	1	12	73	0
1.254	1	6	126	5	1	12	73	0
1.255	1	6	126	6	1	12	73	0
1.257	1	6	126	8	1	12	73	0
1.259	1	6	126	10	1	12	73	0
1.261	1	6	127	2	1	12	73	0
1.263	1	6	127	4	1	12	73	0
1.265	1	6	127	6	1	12	73	0
1.267	1	6	127	8	1	12	73	0
1.269	1	6	127	10	1	12	73	0
1.27	1	6	128	1	1	12	73	0
1.272	1	6	128	3	1	12	73	0
1.274	1	6	128	5	1	12	73	0
1.276	1	6	128	7	1	12	73	0
1.278	1	6	128	9	1	12	73	0
1.28	1	6	129	1	1	12	73	0
1.282	1	6	129	3	1	12	73	0
1.284	1	6	129	5	1	12	73	0
1.285	1	6	129	6	1	12	73	0
1.287	1	6	129	8	1	12	73	0
1.289	1	6	129	10	1	12	73	0
1.291	1	6	130	2	1	12	73	0
1.293	1	6	130	4	1	12	73	0
1.295	1	6	130	6	1	12	73	0
1.297	1	6	130	8	1	12	73	0
1.299	1	6	130	10	1	12	73	0
1.3	1	6	131	1	1	12	73	0
1.302	1	6	131	3	1	12	73	0
1.304	1	6	131	5	1	12	73	0
1.306	1	6	131	7	1	12	73	0
1.308	1	6	131	9	1	12	73	0
1.31	1	6	132	1	1	12	73	0
1.312	1	6	132	3	1	12	73	0
1.314	1	6	132	5	1	12	73	0
1.315	1	6	132	6	1	12	73	0
1.317	1	6	132	8	1	12	73	0
1.319	1	6	132	10	1	12	73	0
1.321	1	6	133	2	1	12	73	0
1.323	1	6	133	4	1	12	73	0
1.325	1	6	133	6	1	12	73	0
1.327	1	6	133	8	1	12	73	0
1.329	1	6	133	10	1	12	73	0
1.33	1	6	134	1	1	12	73	0
1.332	1	6	134	3	1	12	73	0
1.334	1	6	134	5	1	12	73	0
1.336	1	6	134	7	1	12	73	0
1.338	1	6	134	9	1	12	73	0
1.34	1	6	135	1	1	12	73	0
1.342	1	6	135	3	1	12	73	0
1.344	1	6	135	5	1	12	73	0
1.345	1	6	135	6	1	12	73	0
1.347	1	6	135	8	1	12	73	0
1.349	1	6	135	10	1	12	73	0
1.351	1	6	136	2	1	12	73	0
1.353	1	6	136	4	1	12	73	0
1.355	1	6	136	6	1	12	73	0
1.357	1	6	136	8	1	12	73	0
1.359	1	6	136	10	1	12	73	0
1.36	1	6	137	1	1	12	73	0
1.362	1	6	137	3	1	12	73	0
1.364	1	6	137	5	1	12	73	0
1.366	1	6	137	7	1	12	73	0
1.368	1	6	137	9	1	12	73	0
1.37	1	6	138	1	1	12	73	0
1.372	1	6	138	3	1	12	73	0
1.374	1	6	138	5	1	12	73	0
1.375	1	6	138	6	1	12	73	0
1.377	1	6	138	8	1	12	73	0
1.379	1	6	138	10	1	12	73	0
1.381	1	6	139	2	1	12	73	0
1.383	1	6	139	4	1	12	73	0
1.385	1	6	139	6	1	12	73	0
1.387	1	6	139	8	1	12	73	0
1.389	1	6	139	10	1	12	73	0
1.39	1	6	140	1	1	12	73	0
1.392	1	6	140	3	1	12	73	0
1.394	1	6	140	5	1	12	73	0
1.396	1	6	140	7	1	12	73	0
1.398	1	6	140	9	1	12	73	0
1.4	1	6	141	1	1	12	73	0
1.402	1	6	141	3	1	12	73	0
1.404	1	6	141	5	1	12	73	0
1.405	1	6	141	6	1	12	73	0
1.407	1	6	141	8	1	12	73	0
1.409	1	6	141	10	1	12	73	0
1.411	1	6	142	2	1	12	73	0
1.413	1	6	142	4	1	12	73	0
1.415	1	6	142	6	1	12	73	0
1.417	1	6	142	8	1	12	73	0
1.419	1	6	142	10	1	12	73	0
1.42	1	6	143	1	1	12	73	0
1.422	1	6	143	3	1	12	73	0
1.424	1	6	143	5	1	12	73	0
1.426	1	6	143	7	1	12	73	0
1.428	1	6	143	9	1	12	73	0
1.43	1	6	144	1	1	12	73	0
1.432	1	6	144	3	1	12	73	0
1.434	1	6	144	5	1	12	73	0
1.435	1	6	144	6	1	12	73	0
1.437	1	6	144	8	1	12	73	0
1.439	1	6	144	10	1	12	73	0
1.441	1	6	145	2	1	12	73	0
1.443	1	6	145	4	1	12	73	0
1.445	1	6	145	6	1	12	73	0
1.447	1	6	145	8	1	12	73	0
1.449	1	6	145	10	1	12	73	0
1.45	1	6	146	1	1	12	73	0
1.452	1	6	146	3	1	12	73	0
1.454	1	6	146	5	1	12	73	0
1.456	1	6	146	7	1	12	73	0
1.458	1	6	146	9	1	12	73	0
1.46	1	6	147	1	1	12	73	0
1.462	1	6	147	3	1	12	73	0
1.464	1	6	147	5	1	12	73	0
1.465	1	6	147	6	1	12	73	0
1.467	1	6	147	8	1	12	73	0
1.469	1	6	147	10	1	12	73	0
1.471	1	6	148	2	1	12	73	0
1.473	1	6	148	4	1	12	73	0
1.475	1	6	148	6	1	12	73	0
1.477	1	6	148	8	1	12	73	0
1.479	1	6	148	10	1	12	73	0
1.48	1	6	149	1	1	12	73	0
1.482	1	6	149	3	1	12	73	0
1.484	1	6	149	5	1	12	73	0
1.486	1	6	149	7	1	12	73	0
1.488	1	6	149	9	1	12	73	0
1.49	1	6	150	1	1	12	73	0
1.492	1	6	150	3	1	12	73	0
1.494	1	6	150	5	1	12	73	0
1.495	1	6	150	6	1	12	73	0
1.497	1	6	150	8	1	12	73	0
1.499	1	6	150	10	1	12	73	0
1.501	1	6	151	2	1	12	73	0
1.503	1	6	151	4	1	12	73	0
1.505	1	6	151	6	1	12	73	0
1.507	1	6	151	8	1	12	73	0
1.509	1	6	151	10	1	12	73	0
1.51	1	6	152	1	1	12	73	0
1.512	1	6	152	3	1	12	73	0
1.514	1	6	152	5	1	12	73	0
1.516	1	6	152	7	1	12	73	0
1.518	1	6	152	9	1	12	73	0
1.52	1	6	153	1	1	12	73	0
1.522	1	6	153	3	1	12	73	0
1.524	1	6	153	5	1	12	73	0
1.525	1	6	153	6	1	12	73	0
1.527	1	6	153	8	1	12	73	0
1.529	1	6	153	10	1	12	73	0
1.531	1	6	154	2	1	12	73	0
1.533	1	6	154	4	1	12	73	0
1.535	1	6	154	6	1	12	73	0
1.537	1	6	154	8	1	12	73	0
1.539	1	6	154	10	1	12	73	0
1.54	1	6	155	1	1	12	73	0
1.542	1	6	155	3	1	12	73	0
1.544	1	6	155	5	1	12	73	0
1.546	1	6	155	7	1	12	73	0
1.548	1	6	155	9	1	12	73	0
1.55	1	6	156	1	1	12	73	0
1.552	1	6	156	3	1	12	73	0
1.554	1	6	156	5	1	12	73	0
1.555	1	6	156	6	1	12	73	0
1.557	1	6	156	8	1	12	73	0
1.559	1	6	156	10	1	12	73	0
1.561	1	6	157	2	1	12	73	0
1.563	1	6	157	4	1	12	73	0
1.565	1	6	157	6	1	12	73	0
1.567	1	6	157	8	1	12	73	0
1.569	1	6	157	10	1	12	73	0
1.57	1	6	158	1	1	12	73	0
1.572	1	6	158	3	1	12	73	0
1.574	1	6	158	5	1	12	73	0
1.576	1	6	158	7	1	12	73	0
1.578	1	6	158	9	1	12	73	0
1.58	1	6	159	1	1	12	73	0
1.582	1	6	159	3	1	12	73	0
1.584	1	6	159	5	1	12	73	0
1.585	1	6	159	6	1	12	73	0
1.587	1	6	159	8	1	12	73	0
1.589	1	6	159	10	1	12	73	0
1.591	1	6	160	2	1	12	73	0
1.593	1	6	160	4	1	12	73	0
1.595	1	6	160	6	1	12	73	0
1.597	1	6	160	8	1	12	73	0
1.599	1	6	160	10	1	12	73	0
1.6	1	6	161	1	1	12	73	0
1.602	1	6	161	3	1	12	73	0
1.604	1	6	161	5	1	12	73	0
1.606	1	6	161	7	1	12	73	0
1.608	1	6	161	9	1	12	73	0
1.61	1	6	162	1	1	12	73	0
1.612	1	6	162	3	1	12	73	0
1.614	1	6	162	5	1	12	73	0
1.615	1	6	162	6	1	12	73	0
1.617	1	6	162	8	1	12	73	0
1.619	1	6	162	10	1	12	73	0
1.621	1	6	163	2	1	12	73	0
1.623	1	6	163	4	1	12	73	0
1.625	1	6	163	6	1	12	73	0
1.627	1	6	163	8	1	12	73	0
1.629	1	6	163	10	1	12	73	0
1.63	1	6	164	1	1	12	73	0
1.632	1	6	164	3	1	12	73	0
1.634	1	6	164	5	1	12	73	0
1.636	1	6	164	7	1	12	73	0
1.638	1	6	164	9	1	12	73	0
1.64	1	6	165	1	1	12	73	0
1.642	1	6	165	3	1	12	73	0
1.644	1	6	165	5	1	12	73	0
1.645	1	6	165	6	1	12	73	0
1.647	1	6	165	8	1	12	73	0
1.649	1	6	165	10	1	12	73	0
1.651	1	6	166	2	1	12	73	0
1.653	1	6	166	4	1	12	73	0
1.655	1	6	166	6	1	12	73	0
1.657	1	6	166	8	1	12	73	0
1.659	1	6	166	10	1	12	73	0
1.66	1	6	167	1	1	12	73	0
1.662	1	6	167	3	1	12	73	0
1.664	1	6	167	5	1	12	73	0
1.666	1	6	167	7	1	12	73	0
1.668	1	6	167	9	1	12	73	0
1.67	1	6	168	1	1	12	73	0
1.672	1	6	168	3	1	12	73	0
1.674	1	6	168	5	1	12	73	0
1.675	1	6	168	6	1	12	73	0
1.677	1	6	168	8	1	12	73	0
1.679	1	6	168	10	1	12	73	0
1.681	1	6	169	2	1	12	73	0
1.683	1	6	169	4	1	12	73	0
1.685	1	6	169	6	1	12	73	0
1.687	1	6	169	8	1	12	73	0
1.689	1	6	169	10	1	12	73	0
1.69	1	6	170	1	1	12	73	0
1.692	1	6	170	3	1	12	73	0
1.694	1	6	170	5	1	12	73	0
1.696	1	6	170	7	1	12	73	0
1.698	1	6	170	9	1	12	73	0
1.7	1	6	171	1	1	12	73	0
1.702	1	6	171	3	1	12	73	0
1.704	1	6	171	5	1	12	73	0
1.705	1	6	171	6	1	12	73	0
1.707	1	6	171	8	1	12	73	0
1.709	1	6	171	10	1	12	73	0
1.711	1	6	172	2	1	12	73	0
1.713	1	6	172	4	1	12	73	0
1.715	1	6	172	6	1	12	73	0
1.717	1	6	172	8	1	12	73	0
1.719	1	6	172	10	1	12	73	0
1.72	1	6	173	1	1	12	73	0
1.722	1	6	173	3	1	12	73	0
1.724	1	6	173	5	1	12	73	0
1.726	1	6	173	7	1	12	73	0
1.728	1	6	173	9	1	12	73	0
1.73	1	6	174	1	1	12	73	0
1.732	1	6	174	3	1	12	73	0
1.734	1	6	174	5	1	12	73	0
1.735	1	6	174	6	1	12	73	0
1.737	1	6	174	8	1	12	73	0
1.739	1	6	174	10	1	12	73	0
1.741	1	6	175	2	1	12	73	0
1.743	1	6	175	4	1	12	73	0
1.745	1	6	175	6	1	12	73	0
1.747	1	6	175	8	1	12	73	0
1.749	1	6	175	10	1	12	73	0
1.75	1	6	176	1	1	12	73	0
1.752	1	6	176	3	1	12	73	0
1.754	1	6	176	5	1	12	73	0
1.756	1	6	176	7	1	12	73	0
1.758	1	6	176	9	1	12	73	0
1.76	1	6	177	1	1	12	73	0
1.762	1	6	177	3	1	12	73	0
1.764	1	6	177	5	1	12	73	0
1.765	1	6	177	6	1	12	73	0
1.767	1	6	177	8	1	12	73	0
1.769	1	6	177	10	1	12	73	0
1.771	1	6	178	2	1	12	73	0
1.773	1	6	178	4	1	12	73	0
1.775	1	6	178	6	1	12	73	0
1.777	1	6	178	8	1	12	73	0
1.779	1	6	178	10	1	12	73	0
1.78	1	6	179	1	1	12	73	0
1.782	1	6	179	3	1	12	73	0
1.784	1	6	179	5	1	12	73	0
1.786	1	6	179	7	1	12	73	0
1.788	1	6	179	9	1	12	73	0
1.79	1	6	180	1	1	12	73	0
1.792	1	6	180	3	1	12	73	0
1.794	1	6	180	5	1	12	73	0
1.795	1	6	180	6	1	12	73	0
1.797	1	6	180	8	1	12	73	0
1.799	1	6	180	10	1	12	73	0
1.801	1	6	181	2	1	12	73	0
1.803	1	6	181	4	1	12	73	0
1.805	1	6	181	6	1	12	73	0
1.807	1	6	181	8	1	12	73	0
1.809	1	6	181	10	1	12	73	0
1.81	1	6	182	1	1	12	73	0
1.812	1	6	182	3	1	12	73	0
1.814	1	6	182	5	1	12	73	0
1.816	1	6	182	7	1	12	73	0
1.818	1	6	182	9	1	12	73	0
1.82	1	6	183	1	1	12	73	0
1.822	1	6	183	3	1	12	73	0
1.824	1	6	183	5	1	12	73	0
1.825	1	6	183	6	1	12	73	0
1.827	1	6	183	8	1	12	73	0
1.829	1	6	183	10	1	12	73	0
1.831	1	6	184	2	1	12	73	0
1.833	1	6	184	4	1	12	73	0
1.835	1	6	184	6	1	12	73	0
1.837	1	6	184	8	1	12	73	0
1.839	1	6	184	10	1	12	73	0
1.84	1	6	185	1	1	12	73	0
1.842	1	6	185	3	1	12	73	0
1.844	1	6	185	5	1	12	73	0
1.846	1	6	185	7	1	12	73	0
1.848	1	6	185	9	1	12	73	0
1.85	1	6	186	1	1	12	73	0
1.852	1	6	186	3	1	12	73	0
1.854	1	6	186	5	1	12	73	0
1.855	1	6	186	6	1	12	73	0
1.857	1	6	186	8	1	12	73	0
1.859	1	6	186	10	1	12	73	0
1.861	1	6	187	2	1	12	73	0
1.863	1	6	187	4	1	12	73	0
1.865	1	6	187	6	1	12	73	0
1.867	1	6	187	8	1	12	73	0
1.869	1	6	187	10	1	12	73	0
1.87	1	6	188	1	1	12	73	0
1.872	1	6	188	3	1	12	73	0
1.874	1	6	188	5	1	12	73	0
1.876	1	6	188	7	1	12	73	0
1.878	1	6	188	9	1	12	73	0
1.88	1	6	189	1	1	12	73	0
1.882	1	6	189	3	1	12	73	0
1.884	1	6	189	5	1	12	73	0
1.885	1	6	189	6	1	12	73	0
1.887	1	6	189	8	1	12	73	0
1.889	1	6	189	10	1	12	73	0
1.891	1	6	190	2	1	12	73	0
1.893	1	6	190	4	1	12	73	0
1.895	1	6	190	6	1	12	73	0
1.897	1	6	190	8	1	12	73	0
1.899	1	6	190	10	1	12	73	0
1.9	1	6	191	1	1	12	73	0
1.902	1	6	191	3	1	12	73	0
1.904	1	6	191	5	1	12	73	0
1.906	1	6	191	7	1	12	73	0
1.908	1	6	191	9	1	12	73	0
1.91	1	6	192	1	1	12	73	0
1.912	1	6	192	3	1	12	73	0
1.914	1	6	192	5	1	12	73	0
1.915	1	6	192	6	1	12	73	0
1.917	1	6	192	8	1	12	73	0
1.919	1	6	192	10	1	12	73	0
1.921	1	6	193	2	1	12	73	0
1.923	1	6	193	4	1	12	73	0
1.925	1	6	193	6	1	12	73	0
1.927	1	6	193	8	1	12	73	0
1.929	1	6	193	10	1	12	73	0
1.93	1	6	194	1	1	12	73	0
1.932	1	6	194	3	1	12	73	0
1.934	1	6	194	5	1	12	73	0
1.936	1	6	194	7	1	12	73	0
1.938	1	6	194	9	1	12	73	0
1.94	1	6	195	1	1	12	73	0
1.942	1	6	195	3	1	12	73	0
1.944	1	6	195	5	1	12	73	0
1.945	1	6	195	6	1	12	73	0
1.947	1	6	195	8	1	12	73	0
1.949	1	6	195	10	1	12	73	0
1.951	1	6	196	2	1	12	73	0
1.953	1	6	196	4	1	12	73	0
1.955	1	6	196	6	1	12	73	0
1.957	1	6	196	8	1	12	73	0
1.959	1	6	196	10	1	12	73	0
1.96	1	6	197	1	1	12	73	0
1.962	1	6	197	3	1	12	73	0
1.964	1	6	197	5	1	12	73	0
1.966	1	6	197	7	1	12	73	0
1.968	1	6	197	9	1	12	73	0
1.97	1	6	198	1	1	12	73	0
1.972	1	6	198	3	1	12	73	0
1.974	1	6	198	5	1	12	73	0
1.975	1	6	198	6	1	12	73	0
1.977	1	6	198	8	1	12	73	0
1.979	1	6	198	10	1	12	73	0
1.981	1	6	199	2	1	12	73	0
1.983	1	6	199	4	1	12	73	0
1.985	1	6	199	6	1	12	73	0
1.987	1	6	199	8	1	12	73	0
1.989	1	6	199	10	1	12	73	0
1.99	1	6	200	1	1	12	73	0
1.992	1	6	200	3	1	12	73	0
1.994	1	6	200	5	1	12	73	0
1.996	1	6	200	7	1	12	73	0
1.998	1	6	200	9	1	12	73	0
2	1	6	201	1	1	12	73	0
2.002	1	6	201	3	1	12	73	0
2.004	1	6	201	5	1	12	73	0
2.005	1	6	201	6	1	12	73	0
2.007	1	6	201	8	1	12	73	0
2.009	1	6	201	10	1	12	73	0
2.011	1	6	202	2	1	12	73	0
2.013	1	6	202	4	1	12	73	0
2.015	1	6	202	6	1	12	73	0
2.017	1	6	202	8	1	12	73	0
2.019	1	6	202	10	1	12	73	0
2.02	1	6	203	1	1	12	73	0
2.022	1	6	203	3	1	12	73	0
2.024	1	6	203	5	1	12	73	0
2.026	1	6	203	7	1	12	73	0
2.028	1	6	203	9	1	12	73	0
2.03	1	6	204	1	1	12	73	0
2.032	1	6	204	3	1	12	73	0
2.034	1	6	204	5	1	12	73	0
2.035	1	6	204	6	1	12	73	0
2.037	1	6	204	8	1	12	73	0
2.039	1	6	204	10	1	12	73	0
2.041	1	6	205	2	1	12	73	0
2.043	1	6	205	4	1	12	73	0
2.045	1	6	205	6	1	12	73	0
2.047	1	6	205	8	1	12	73	0
2.049	1	6	205	10	1	12	73	0
2.05	1	6	206	1	1	12	73	0
2.052	1	6	206	3	1	12	73	0
2.054	1	6	206	5	1	12	73	0
2.056	1	6	206	7	1	12	73	0
2.058	1	6	206	9	1	12	73	0
2.06	1	6	207	1	1	12	73	0
2.062	1	6	207	3	1	12	73	0
2.064	1	6	207	5	1	12	73	0
2.065	1	6	207	6	1	12	73	0
2.067	1	6	207	8	1	12	73	0
2.069	1	6	207	10	1	12	73	0
2.071	1	6	208	2	1	12	73	0
2.073	1	6	208	4	1	12	73	0
2.075	1	6	208	6	1	12	73	0
2.077	1	6	208	8	1	12	73	0
2.079	1	6	208	10	1	12	73	0
2.08	1	6	209	1	1	12	73	0
2.082	1	6	209	3	1	12	73	0
2.084	1	6	209	5	1	12	73	0
2.086	1	6	209	7	1	12	73	0
2.088	1	6	209	9	1	12	73	0
2.09	1	6	210	1	1	12	73	0
2.092	1	6	210	3	1	12	73	0
2.094	1	6	210	5	1	12	73	0
2.095	1	6	210	6	1	12	73	0
2.097	1	6	210	8	1	12	73	0
2.099	1	6	210	10	1	12	73	0
2.101	1	6	211	2	1	12	73	0
2.103	1	6	211	4	1	12	73	0
2.105	1	6	211	6	1	12	73	0
2.107	1	6	211	8	1	12	73	0
2.109	1	6	211	10	1	12	73	0
2.11	1	6	212	1	1	12	73	0
2.112	1	6	212	3	1	12	73	0
2.114	1	6	212	5	1	12	73	0
2.116	1	6	212	7	1	12	73	0
2.118	1	6	212	9	1	12	73	0
2.12	1	6	213	1	1	12	73	0
2.122	1	6	213	3	1	12	73	0
2.124	1	6	213	5	1	12	73	0
2.125	1	6	213	6	1	12	73	0
2.127	1	6	213	8	1	12	73	0
2.129	1	6	213	10	1	12	73	0
2.131	1	6	214	2	1	12	73	0
2.133	1	6	214	4	1	12	73	0
2.135	1	6	214	6	1	12	73	0
2.137	1	6	214	8	1	12	73	0
2.139	1	6	214	10	1	12	73	0
2.14	1	6	215	1	1	12	73	0
2.142	1	6	215	3	1	12	73	0
2.144	1	6	215	5	1	12	73	0
2.146	1	6	215	7	1	12	73	0
2.148	1	6	215	9	1	12	73	0
2.15	1	6	216	1	1	12	73	0
2.152	1	6	216	3	1	12	73	0
2.154	1	6	216	5	1	12	73	0
2.155	1	6	216	6	1	12	73	0
2.157	1	6	216	8	1	12	73	0
2.159	1	6	216	10	1	12	73	0
2.161	1	6	217	2	1	12	73	0
2.163	1	6	217	4	1	12	73	0
2.165	1	6	217	6	1	12	73	0
2.167	1	6	217	8	1	12	73	0
2.169	1	6	217	10	1	12	73	0
2.17	1	6	218	1	1	12	73	0
2.172	1	6	218	3	1	12	73	0
2.174	1	6	218	5	1	12	73	0
2.176	1	6	218	7	1	12	73	0
2.178	1	6	218	9	1	12	73	0
2.18	1	6	219	1	1	12	73	0
2.182	1	6	219	3	1	12	73	0
2.184	1	6	219	5	1	12	73	0
2.185	1	6	219	6	1	12	73	0
2.187	1	6	219	8	1	12	73	0
2.189	1	6	219	10	1	12	73	0
2.191	1	6	220	2	1	12	73	0
2.193	1	6	220	4	1	12	73	0
2.195	1	6	220	6	1	12	73	0
2.197	1	6	220	8	1	12	73	0
2.199	1	6	220	10	1	12	73	0
2.2	1	6	221	1	1	12	73	0
2.202	1	6	221	3	1	12	73	0
2.204	1	6	221	5	1	12	73	0
2.206	1	6	221	7	1	12	73	0
2.208	1	6	221	9	1	12	73	0
2.21	1	6	222	1	1	12	73	0
2.212	1	6	222	3	1	12	73	0
2.214	1	6	222	5	1	12	73	0
2.215	1	6	222	6	1	12	73	0
2.217	1	6	222	8	1	12	73	0
2.219	1	6	222	10	1	12	73	0
2.221	1	6	223	2	1	12	73	0
2.223	1	6	223	4	1	12	73	0
2.225	1	6	223	6	1	12	73	0
2.227	1	6	223	8	1	12	73	0
2.229	1	6	223	10	1	12	73	0
2.23	1	6	224	1	1	12	73	0
2.232	1	6	224	3	1	12	73	0
2.234	1	6	224	5	1	12	73	0
2.236	1	6	224	7	1	12	73	0
2.238	1	6	224	9	1	12	73	0
2.24	1	6	225	1	1	12	73	0
2.242	1	6	225	3	1	12	73	0
2.244	1	6	225	5	1	12	73	0
2.245	1	6	225	6	1	12	73	0
2.247	1	6	225	8	1	12	73	0
2.249	1	6	225	10	1	12	73	0
2.251	1	6	226	2	1	12	73	0
2.253	1	6	226	4	1	12	73	0
2.255	1	6	226	6	1	12	73	0
2.257	1	6	226	8	1	12	73	0
2.259	1	6	226	10	1	12	73	0
2.26	1	6	227	1	1	12	73	0
2.262	1	6	227	3	1	12	73	0
2.264	1	6	227	5	1	12	73	0
2.266	1	6	227	7	1	12	73	0
2.268	1	6	227	9	1	12	73	0
2.27	1	6	228	1	1	12	73	0
2.272	1	6	228	3	1	12	73	0
2.274	1	6	228	5	1	12	73	0
2.275	1	6	228	6	1	12	73	0
2.277	1	6	228	8	1	12	73	0
2.279	1	6	228	10	1	12	73	0
2.281	1	6	229	2	1	12	73	0
2.283	1	6	229	4	1	12	73	0
2.285	1	6	229	6	1	12	73	0
2.287	1	6	229	8	1	12	73	0
2.289	1	6	229	10	1	12	73	0
2.29	1	6	230	1	1	12	73	0
2.292	1	6	230	3	1	12	73	0
2.294	1	6	230	5	1	12	73	0
2.296	1	6	230	7	1	12	73	0
2.298	1	6	230	9	1	12	73	0
2.3	1	6	231	1	1	12	73	0
2.302	1	6	231	3	1	12	73	0
2.304	1	6	231	5	1	12	73	0
2.305	1	6	231	6	1	12	73	0
2.307	1	6	231	8	1	12	73	0
2.309	1	6	231	10	1	12	73	0
2.311	1	6	232	2	1	12	73	0
2.313	1	6	232	4	1	12	73	0
2.315	1	6	232	6	1	12	73	0
2.317	1	6	232	8	1	12	73	0
2.319	1	6	232	10	1	12	73	0
2.32	1	6	233	1	1	12	73	0
2.322	1	6	233	3	1	12	73	0
2.324	1	6	233	5	1	12	73	0
2.326	1	6	233	7	1	12	73	0
2.328	1	6	233	9	1	12	73	0
2.33	1	6	234	1	1	12	73	0
2.332	1	6	234	3	1	12	73	0
2.334	1	6	234	5	1	12	73	0
2.335	1	6	234	6	1	12	73	0
2.337	1	6	234	8	1	12	73	0
2.339	1	6	234	10	1	12	73	0
2.341	1	6	235	2	1	12	73	0
2.343	1	6	235	4	1	12	73	0
2.345	1	6	235	6	1	12	73	0
2.347	1	6	235	8	1	12	73	0
2.349	1	6	235	10	1	12	73	0
2.35	1	6	236	1	1	12	73	0
2.352	1	6	236	3	1	12	73	0
2.354	1	6	236	5	1	12	73	0
2.356	1	6	236	7	1	12	73	0
2.358	1	6	236	9	1	12	73	0
2.36	1	6	237	1	1	12	73	0
2.362	1	6	237	3	1	12	73	0
2.364	1	6	237	5	1	12	73	0
2.365	1	6	237	6	1	12	73	0
2.367	1	6	237	8	1	12	73	0
2.369	1	6	237	10	1	12	73	0
2.371	1	6	238	2	1	12	73	0
2.373	1	6	238	4	1	12	73	0
2.375	1	6	238	6	1	12	73	0
2.377	1	6	238	8	1	12	73	0
2.379	1	6	238	10	1	12	73	0
2.38	1	6	239	1	1	12	73	0
2.382	1	6	239	3	1	12	73	0
2.384	1	6	239	5	1	12	73	0
2.386	1	6	239	7	1	12	73	0
2.388	1	6	239	9	1	12	73	0
2.39	1	6	240	1	1	12	73	0
2.392	1	6	240	3	1	12	73	0
2.394	1	6	240	5	1	12	73	0
2.395	1	6	240	6	1	12	73	0
2.397	1	6	240	8	1	12	73	0
2.399	1	6	240	10	1	12	73	0
2.401	1	6	241	2	1	12	73	0
2.403	1	6	241	4	1	12	73	0
2.405	1	6	241	6	1	12	73	0
2.407	1	6	241	8	1	12	73	0
2.409	1	6	241	10	1	12	73	0
2.41	1	6	242	1	1	12	73	0
2.412	1	6	242	3	1	12	73	0
2.414	1	6	242	5	1	12	73	0
2.416	1	6	242	7	1	12	73	0
2.418	1	6	242	9	1	12	73	0
2.42	1	6	243	1	1	12	73	0
2.422	1	6	243	3	1	12	73	0
2.424	1	6	243	5	1	12	73	0
2.425	1	6	243	6	1	12	73	0
2.427	1	6	243	8	1	12	73	0
2.429	1	6	243	10	1	12	73	0
2.431	1	6	244	2	1	12	73	0
2.433	1	6	244	4	1	12	73	0
2.435	1	6	244	6	1	12	73	0
2.437	1	6	244	8	1	12	73	0
2.439	1	6	244	10	1	12	73	0
2.44	1	6	245	1	1	12	73	0
2.442	1	6	245	3	1	12	73	0
2.444	1	6	245	5	1	12	73	0
2.446	1	6	245	7	1	12	73	0
2.448	1	6	245	9	1	12	73	0
2.45	1	6	246	1	1	12	73	0
2.452	1	6	246	3	1	12	73	0
2.454	1	6	246	5	1	12	73	0
2.455	1	6	246	6	1	12	73	0
2.457	1	6	246	8	1	12	73	0
2.459	1	6	246	10	1	12	73	0
2.461	1	6	247	2	1	12	73	0
2.463	1	6	247	4	1	12	73	0
2.465	1	6	247	6	1	12	73	0
2.467	1	6	247	8	1	12	73	0
2.469	1	6	247	10	1	12	73	0
2.47	1	6	248	1	1	12	73	0
2.472	1	6	248	3	1	12	73	0
2.474	1	6	248	5	1	12	73	0
2.476	1	6	248	7	1	12	73	0
2.478	1	6	248	9	1	12	73	0
2.48	1	6	249	1	1	12	73	0
2.482	1	6	249	3	1	12	73	0
2.484	1	6	249	5	1	12	73	0
2.485	1	6	249	6	1	12	73	0
2.487	1	6	249	8	1	12	73	0
2.489	1	6	249	10	1	12	73	0
2.491	1	6	250	2	1	12	73	0
2.493	1	6	250	4	1	12	73	0
2.495	1	6	250	6	1	12	73	0
2.497	1	6	250	8	1	12	73	0
2.499	1	6	250	10	1	12	73	0
2.5	1	6	251	1	1	12	73	0
2.502	1	6	251	3	1	12	73	0
2.504	1	6	251	5	1	12	73	0
2.506	1	6	251	7	1	12	73	0
2.508	1	6	251	9	1	12	73	0
2.51	1	6	252	1	1	12	73	0
2.512	1	6	252	3	1	12	73	0
2.514	1	6	252	5	1	12	73	0
2.515	1	6	252	6	1	12	73	0
2.517	1	6	252	8	1	12	73	0
2.519	1	6	252	10	1	12	73	0
2.521	1	6	253	2	1	12	73	0
2.523	1	6	253	4	1	12	73	0
2.525	1	6	253	6	1	12	73	0
2.527	1	6	253	8	1	12	73	0
2.529	1	6	253	10	1	12	73	0
2.53	1	6	254	1	1	12	73	0
2.532	1	6	254	3	1	12	73	0
2.534	1	6	254	5	1	12	73	0
2.536	1	6	254	7	1	12	73	0
2.538	1	6	254	9	1	12	73	0
2.54	1	6	255	1	1	12	73	0
2.542	1	6	255	3	1	12	73	0
2.544	1	6	255	5	1	12	73	0
2.545	1	6	255	6	1	12	73	0
2.547	1	6	255	8	1	12	73	0
2.549	1	6	255	10	1	12	73	0
2.551	1	6	256	2	1	12	73	0
2.553	1	6	256	4	1	12	73	0
2.555	1	6	256	6	1	12	73	0
2.557	1	6	256	8	1	12	73	0
2.559	1	6	256	10	1	12	73	0
2.56	1	6	257	1	1	12	73	0
2.562	1	6	257	3	1	12	73	0
2.564	1	6	257	5	1	12	73	0
2.566	1	6	257	7	1	12	73	0
2.568	1	6	257	9	1	12	73	0
2.57	1	6	258	1	1	12	73	0
2.572	1	6	258	3	1	12	73	0
2.574	1	6	258	5	1	12	73	0
2.575	1	6	258	6	1	12	73	0
2.577	1	6	258	8	1	12	73	0
2.579	1	6	258	10	1	12	73	0
2.581	1	6	259	2	1	12	73	0
2.583	1	6	259	4	1	12	73	0
2.585	1	6	259	6	1	12	73	0
2.587	1	6	259	8	1	12	73	0
2.589	1	6	259	10	1	12	73	0
2.59	1	6	260	1	1	12	73	0
2.592	1	6	260	3	1	12	73	0
2.594	1	6	260	5	1	12	73	0
2.596	1	6	260	7	1	12	73	0
2.598	1	6	260	9	1	12	73	0
2.6	1	6	261	1	1	12	73	0
2.602	1	6	261	3	1	12	73	0
2.604	1	6	261	5	1	12	73	0
2.605	1	6	261	6	1	12	73	0
2.607	1	6	261	8	1	12	73	0
2.609	1	6	261	10	1	12	73	0
2.611	1	6	262	2	1	12	73	0
2.613	1	6	262	4	1	12	73	0
2.615	1	6	262	6	1	12	73	0
2.617	1	6	262	8	1	12	73	0
2.619	1	6	262	10	1	12	73	0
2.62	1	6	263	1	1	12	73	0
2.622	1	6	263	3	1	12	73	0
2.624	1	6	263	5	1	12	73	0
2.626	1	6	263	7	1	12	73	0
2.628	1	6	263	9	1	12	73	0
2.63	1	6	264	1	1	12	73	0
2.632	1	6	264	3	1	12	73	0
2.634	1	6	264	5	1	12	73	0
2.635	1	6	264	6	1	12	73	0
2.637	1	6	264	8	1	12	73	0
2.639	1	6	264	10	1	12	73	0
2.641	1	6	265	2	1	12	73	0
2.643	1	6	265	4	1	12	73	0
2.645	1	6	265	6	1	12	73	0
2.647	1	6	265	8	1	12	73	0
2.649	1	6	265	10	1	12	73	0
2.65	1	6	266	1	1	12	73	0
2.652	1	6	266	3	1	12	73	0
2.654	1	6	266	5	1	12	73	0
2.656	1	6	266	7	1	12	73	0
2.658	1	6	266	9	1	12	73	0
2.66	1	6	267	1	1	12	73	0
2.662	1	6	267	3	1	12	73	0
2.664	1	6	267	5	1	12	73	0
2.665	1	6	267	6	1	12	73	0
2.667	1	6	267	8	1	12	73	0
2.669	1	6	267	10	1	12	73	0
2.671	1	6	268	2	1	12	73	0
2.673	1	6	268	4	1	12	73	0
2.675	1	6	268	6	1	12	73	0
2.677	1	6	268	8	1	12	73	0
2.679	1	6	268	10	1	12	73	0
2.68	1	6	269	1	1	12	73	0
2.682	1	6	269	3	1	12	73	0
2.684	1	6	269	5	1	12	73	0
2.686	1	6	269	7	1	12	73	0
2.688	1	6	269	9	1	12	73	0
2.69	1	6	270	1	1	12	73	0
2.692	1	6	270	3	1	12	73	0
2.694	1	6	270	5	1	12	73	0
2.695	1	6	270	6	1	12	73	0
2.697	1	6	270	8	1	12	73	0
2.699	1	6	270	10	1	12	73	0
2.701	1	6	271	2	1	12	73	0
2.703	1	6	271	4	1	12	73	0
2.705	1	6	271	6	1	12	73	0
2.707	1	6	271	8	1	12	73	0
2.709	1	6	271	10	1	12	73	0
2.71	1	6	272	1	1	12	73	0
2.712	1	6	272	3	1	12	73	0
2.714	1	6	272	5	1	12	73	0
2.716	1	6	272	7	1	12	73	0
2.718	1	6	272	9	1	12	73	0
2.72	1	6	273	1	1	12	73	0
2.722	1	6	273	3	1	12	73	0
2.724	1	6	273	5	1	12	73	0
2.725	1	6	273	6	1	12	73	0
2.727	1	6	273	8	1	12	73	0
2.729	1	6	273	10	1	12	73	0
2.731	1	6	274	2	1	12	73	0
2.733	1	6	274	4	1	12	73	0
2.735	1	6	274	6	1	12	73	0
2.737	1	6	274	8	1	12	73	0
2.739	1	6	274	10	1	12	73	0
2.74	1	6	275	1	1	12	73	0
2.742	1	6	275	3	1	12	73	0
2.744	1	6	275	5	1	12	73	0
2.746	1	6	275	7	1	12	73	0
2.748	1	6	275	9	1	12	73	0
2.75	1	6	276	1	1	12	73	0
2.752	1	6	276	3	1	12	73	0
2.754	1	6	276	5	1	12	73	0
2.755	1	6	276	6	1	12	73	0
2.757	1	6	276	8	1	12	73	0
2.759	1	6	276	10	1	12	73	0
2.761	1	6	277	2	1	12	73	0
2.763	1	6	277	4	1	12	73	0
2.765	1	6	277	6	1	12	73	0
2.767	1	6	277	8	1	12	73	0
2.769	1	6	277	10	1	12	73	0
2.77	1	6	278	1	1	12	73	0
2.772	1	6	278	3	1	12	73	0
2.774	1	6	278	5	1	12	73	0
2.776	1	6	278	7	1	12	73	0
2.778	1	6	278	9	1	12	73	0
2.78	1	6	279	1	1	12	73	0
2.782	1	6	279	3	1	12	73	0
2.784	1	6	279	5	1	12	73	0
2.785	1	6	279	6	1	12	73	0
2.787	1	6	279	8	1	12	73	0
2.789	1	6	279	10	1	12	73	0
2.791	1	6	280	2	1	12	73	0
2.793	1	6	280	4	1	12	73	0
2.795	1	6	280	6	1	12	73	0
2.797	1	6	280	8	1	12	73	0
2.799	1	6	280	10	1	12	73	0
2.8	1	6	281	1	1	12	73	0
2.802	1	6	281	3	1	12	73	0
2.804	1	6	281	5	1	12	73	0
2.806	1	6	281	7	1	12	73	0
2.808	1	6	281	9	1	12	73	0
2.81	1	6	282	1	1	12	73	0
2.812	1	6	282	3	1	12	73	0
2.814	1	6	282	5	1	12	73	0
2.815	1	6	282	6	1	12	73	0
2.817	1	6	282	8	1	12	73	0
2.819	1	6	282	10	1	12	73	0
2.821	1	6	283	2	1	12	73	0
2.823	1	6	283	4	1	12	73	0
2.825	1	6	283	6	1	12	73	0
2.827	1	6	283	8	1	12	73	0
2.829	1	6	283	10	1	12	73	0
2.83	1	6	284	1	1	12	73	0
2.832	1	6	284	3	1	12	73	0
2.834	1	6	284	5	1	12	73	0
2.836	1	6	284	7	1	12	73	0
2.838	1	6	284	9	1	12	73	0
2.84	1	6	285	1	1	12	73	0
2.842	1	6	285	3	1	12	73	0
2.844	1	6	285	5	1	12	73	0
2.845	1	6	285	6	1	12	73	0
2.847	1	6	285	8	1	12	73	0
2.849	1	6	285	10	1	12	73	0
2.851	1	6	286	2	1	12	73	0
2.853	1	6	286	4	1	12	73	0
2.855	1	6	286	6	1	12	73	0
2.857	1	6	286	8	1	12	73	0
2.859	1	6	286	10	1	12	73	0
2.86	1	6	287	1	1	12	73	0
2.862	1	6	287	3	1	12	73	0
2.864	1	6	287	5	1	12	73	0
2.866	1	6	287	7	1	12	73	0
2.868	1	6	287	9	1	12	73	0
2.87	1	6	288	1	1	12	73	0
2.872	1	6	288	3	1	12	73	0
2.874	1	6	288	5	1	12	73	0
2.875	1	6	288	6	1	12	73	0
2.877	1	6	288	8	1	12	73	0
2.879	1	6	288	10	1	12	73	0
2.881	1	6	289	2	1	12	73	0
2.883	1	6	289	4	1	12	73	0
2.885	1	6	289	6	1	12	73	0
2.887	1	6	289	8	1	12	73	0
2.889	1	6	289	10	1	12	73	0
2.89	1	6	290	1	1	12	73	0
2.892	1	6	290	3	1	12	73	0
2.894	1	6	290	5	1	12	73	0
2.896	1	6	290	7	1	12	73	0
2.898	1	6	290	9	1	12	73	0
2.9	1	6	291	1	1	12	73	0
2.902	1	6	291	3	1	12	73	0
2.904	1	6	291	5	1	12	73	0
2.905	1	6	291	6	1	12	73	0
2.907	1	6	291	8	1	12	73	0
2.909	1	6	291	10	1	12	73	0
2.911	1	6	292	2	1	12	73	0
2.913	1	6	292	4	1	12	73	0
2.915	1	6	292	6	1	12	73	0
2.917	1	6	292	8	1	12	73	0
2.919	1	6	292	10	1	12	73	0
2.92	1	6	293	1	1	12	73	0
2.922	1	6	293	3	1	12	73	0
2.924	1	6	293	5	1	12	73	0
2.926	1	6	293	7	1	12	73	0
2.928	1	6	293	9	1	12	73	0
2.93	1	6	294	1	1	12	73	0
2.932	1	6	294	3	1	12	73	0
2.934	1	6	294	5	1	12	73	0
2.935	1	6	294	6	1	12	73	0
2.937	1	6	294	8	1	12	73	0
2.939	1	6	294	10	1	12	73	0
2.941	1	6	295	2	1	12	73	0
2.943	1	6	295	4	1	12	73	0
2.945	1	6	295	6	1	12	73	0
2.947	1	6	295	8	1	12	73	0
2.949	1	6	295	10	1	12	73	0
2.95	1	6	296	1	1	12	73	0
2.952	1	6	296	3	1	12	73	0
2.954	1	6	296	5	1	12	73	0
2.956	1	6	296	7	1	12	73	0
2.958	1	6	296	9	1	12	73	0
2.96	1	6	297	1	1	12	73	0
2.962	1	6	297	3	1	12	73	0
2.964	1	6	297	5	1	12	73	0
2.965	1	6	297	6	1	12	73	0
2.967	1	6	297	8	1	12	73	0
2.969	1	6	297	10	1	12	73	0
2.971	1	6	298	2	1	12	73	0
2.973	1	6	298	4	1	12	73	0
2.975	1	6	298	6	1	12	73	0
2.977	1	6	298	8	1	12	73	0
2.979	1	6	298	10	1	12	73	0
2.98	1	6	299	1	1	12	73	0
2.982	1	6	299	3	1	12	73	0
2.984	1	6	299	5	1	12	73	0
2.986	1	6	299	7	1	12	73	0
2.988	1	6	299	9	1	12	73	0
2.99	1	6	300	1	1	12	73	0
2.992	1	6	300	3	1	12	73	0
2.994	1	6	300	5	1	12	73	0
2.995	1	6	300	6	1	12	73	0
2.997	1	6	300	8	1	12	73	0
2.999	1	6	300	10	1	12	73	0
3.001	1	6	301	2	1	12	73	0
3.003	1	6	301	4	1	12	73	0
3.005	1	6	301	6	1	12	73	0
3.007	1	6	301	8	1	12	73	0
3.009	1	6	301	10	1	12	73	0
3.01	1	6	302	1	1	12	73	0
3.012	1	6	302	3	1	12	73	0
3.014	1	6	302	5	1	12	73	0
3.016	1	6	302	7	1	12	73	0
3.018	1	6	302	9	1	12	73	0
3.02	1	6	303	1	1	12	73	0
3.022	1	6	303	3	1	12	73	0
3.024	1	6	303	5	1	12	73	0
3.025	1	6	303	6	1	12	73	0
3.027	1	6	303	8	1	12	73	0
3.029	1	6	303	10	1	12	73	0
3.031	1	6	304	2	1	12	73	0
3.033	1	6	304	4	1	12	73	0
3.035	1	6	304	6	1	12	73	0
3.037	1	6	304	8	1	12	73	0
3.039	1	6	304	10	1	12	73	0
3.04	1	6	305	1	1	12	73	0
3.042	1	6	305	3	1	12	73	0
3.044	1	6	305	5	1	12	73	0
3.046	1	6	305	7	1	12	73	0
3.048	1	6	305	9	1	12	73	0
3.05	1	6	306	1	1	12	73	0
3.052	1	6	306	3	1	12	73	0
3.054	1	6	306	5	1	12	73	0
3.055	1	6	306	6	1	12	73	0
3.057	1	6	306	8	1	12	73	0
3.059	1	6	306	10	1	12	73	0
3.061	1	6	307	2	1	12	73	0
3.063	1	6	307	4	1	12	73	0
3.065	1	6	307	6	1	12	73	0
3.067	1	6	307	8	1	12	73	0
3.069	1	6	307	10	1	12	73	0
3.07	1	6	308	1	1	12	73	0
3.072	1	6	308	3	1	12	73	0
3.074	1	6	308	5	1	12	73	0
3.076	1	6	308	7	1	12	73	0
3.078	1	6	308	9	1	12	73	0
3.08	1	6	309	1	1	12	73	0
3.082	1	6	309	3	1	12	73	0
3.084	1	6	309	5	1	12	73	0
3.085	1	6	309	6	1	12	73	0
3.087	1	6	309	8	1	12	73	0
3.089	1	6	309	10	1	12	73	0
3.091	1	6	310	2	1	12	73	0
3.093	1	6	310	4	1	12	73	0
3.095	1	6	310	6	1	12	73	0
3.097	1	6	310	8	1	12	73	0
3.099	1	6	310	10	1	12	73	0
3.1	1	6	311	1	1	12	73	0
3.102	1	6	311	3	1	12	73	0
3.104	1	6	311	5	1	12	73	0
3.106	1	6	311	7	1	12	73	0
3.108	1	6	311	9	1	12	73	0
3.11	1	6	312	1	1	12	73	0
3.112	1	6	312	3	1	12	73	0
3.114	1	6	312	5	1	12	73	0
3.115	1	6	312	6	1	12	73	0
3.117	1	6	312	8	1	12	73	0
3.119	1	6	312	10	1	12	73	0
3.121	1	6	313	2	1	12	73	0
3.123	1	6	313	4	1	12	73	0
3.125	1	6	313	6	1	12	73	0
3.127	1	6	313	8	1	12	73	0
3.129	1	6	313	10	1	12	73	0
3.13	1	6	314	1	1	12	73	0
3.132	1	6	314	3	1	12	73	0
3.134	1	6	314	5	1	12	73	0
3.136	1	6	314	7	1	12	73	0
3.138	1	6	314	9	1	12	73	0
3.14	1	6	315	1	1	12	73	0
3.142	1	6	315	3	1	12	73	0
3.144	1	6	315	5	1	12	73	0
3.145	1	6	315	6	1	12	73	0
3.147	1	6	315	8	1	12	73	0
3.149	1	6	315	10	1	12	73	0
3.151	1	6	316	2	1	12	73	0
3.153	1	6	316	4	1	12	73	0
3.155	1	6	316	6	1	12	73	0
3.157	1	6	316	8	1	12	73	0
3.159	1	6	316	10	1	12	73	0
3.16	1	6	317	1	1	12	73	0
3.162	1	6	317	3	1	12	73	0
3.164	1	6	317	5	1	12	73	0
3.166	1	6	317	7	1	12	73	0
3.168	1	6	317	9	1	12	73	0
3.17	1	6	318	1	1	12	73	0
3.172	1	6	318	3	1	12	73	0
3.174	1	6	318	5	1	12	73	0
3.175	1	6	318	6	1	12	73	0
3.177	1	6	318	8	1	12	73	0
3.179	1	6	318	10	1	12	73	0
3.181	1	6	319	2	1	12	73	0
3.183	1	6	319	4	1	12	73	0
3.185	1	6	319	6	1	12	73	0
3.187	1	6	319	8	1	12	73	0
3.189	1	6	319	10	1	12	73	0
3.19	1	6	320	1	1	12	73	0
3.192	1	6	320	3	1	12	73	0
3.194	1	6	320	5	1	12	73	0
3.196	1	6	320	7	1	12	73	0
3.198	1	6	320	9	1	12	73	0
3.2	1	6	321	1	1	12	73	0
3.202	1	6	321	3	1	12	73	0
3.204	1	6	321	5	1	12	73	0
3.205	1	6	321	6	1	12	73	0
3.207	1	6	321	8	1	12	73	0
3.209	1	6	321	10	1	12	73	0
3.211	1	6	322	2	1	12	73	0
3.213	1	6	322	4	1	12	73	0
3.215	1	6	322	6	1	12	73	0
3.217	1	6	322	8	1	12	73	0
3.219	1	6	322	10	1	12	73	0
3.22	1	6	323	1	1	12	73	0
3.222	1	6	323	3	1	12	73	0
3.224	1	6	323	5	1	12	73	0
3.226	1	6	323	7	1	12	73	0
3.228	1	6	323	9	1	12	73	0
3.23	1	6	324	1	1	12	73	0
3.232	1	6	324	3	1	12	73	0
3.234	1	6	324	5	1	12	73	0
3.235	1	6	324	6	1	12	73	0
3.237	1	6	324	8	1	12	73	0
3.239	1	6	324	10	1	12	73	0
3.241	1	6	325	2	1	12	73	0
3.243	1	6	325	4	1	12	73	0
3.245	1	6	325	6	1	12	73	0
3.247	1	6	325	8	1	12	73	0
3.249	1	6	325	10	1	12	73	0
3.25	1	6	326	1	1	12	73	0
3.252	1	6	326	3	1	12	73	0
3.254	1	6	326	5	1	12	73	0
3.256	1	6	326	7	1	12	73	0
3.258	1	6	326	9	1	12	73	0
3.26	1	6	327	1	1	12	73	0
3.262	1	6	327	3	1	12	73	0
3.264	1	6	327	5	1	12	73	0
3.265	1	6	327	6	1	12	73	0
3.267	1	6	327	8	1	12	73	0
3.269	1	6	327	10	1	12	73	0
3.271	1	6	328	2	1	12	73	0
3.273	1	6	328	4	1	12	73	0
3.275	1	6	328	6	1	12	73	0
3.277	1	6	328	8	1	12	73	0
3.279	1	6	328	10	1	12	73	0
3.28	1	6	329	1	1	12	73	0
3.282	1	6	329	3	1	12	73	0
3.284	1	6	329	5	1	12	73	0
3.286	1	6	329	7	1	12	73	0
3.288	1	6	329	9	1	12	73	0
3.29	1	6	330	1	1	12	73	0
3.292	1	6	330	3	1	12	73	0
3.294	1	6	330	5	1	12	73	0
3.295	1	6	330	6	1	12	73	0
3.297	1	6	330	8	1	12	73	0
3.299	1	6	330	10	1	12	73	0
3.301	1	6	331	2	1	12	73	0
3.303	1	6	331	4	1	12	73	0
3.305	1	6	331	6	1	12	73	0
3.307	1	6	331	8	1	12	73	0
3.309	1	6	331	10	1	12	73	0
3.31	1	6	332	1	1	12	73	0
3.312	1	6	332	3	1	12	73	0
3.314	1	6	332	5	1	12	73	0
3.316	1	6	332	7	1	12	73	0
3.318	1	6	332	9	1	12	73	0
3.32	1	6	333	1	1	12	73	0
3.322	1	6	333	3	1	12	73	0
3.324	1	6	333	5	1	12	73	0
3.325	1	6	333	6	1	12	73	0
3.327	1	6	333	8	1	12	73	0
3.329	1	6	333	10	1	12	73	0
3.331	1	6	334	2	1	12	73	0
3.333	1	6	334	4	1	12	73	0
3.335	1	6	334	6	1	12	73	0
3.337	1	6	334	8	1	12	73	0
3.339	1	6	334	10	1	12	73	0
3.34	1	6	335	1	1	12	73	0
3.342	1	6	335	3	1	12	73	0
3.344	1	6	335	5	1	12	73	0
3.346	1	6	335	7	1	12	73	0
3.348	1	6	335	9	1	12	73	0
3.35	1	6	336	1	1	12	73	0
3.352	1	6	336	3	1	12	73	0
3.354	1	6	336	5	1	12	73	0
3.355	1	6	336	6	1	12	73	0
3.357	1	6	336	8	1	12	73	0
3.359	1	6	336	10	1	12	73	0
3.361	1	6	337	2	1	12	73	0
3.363	1	6	337	4	1	12	73	0
3.365	1	6	337	6	1	12	73	0
3.367	1	6	337	8	1	12	73	0
3.369	1	6	337	10	1	12	73	0
3.37	1	6	338	1	1	12	73	0
3.372	1	6	338	3	1	12	73	0
3.374	1	6	338	5	1	12	73	0
3.376	1	6	338	7	1	12	73	0
3.378	1	6	338	9	1	12	73	0
3.38	1	6	339	1	1	12	73	0
3.382	1	6	339	3	1	12	73	0
3.384	1	6	339	5	1	12	73	0
3.385	1	6	339	6	1	12	73	0
3.387	1	6	339	8	1	12	73	0
3.389	1	6	339	10	1	12	73	0
3.391	1	6	340	2	1	12	73	0
3.393	1	6	340	4	1	12	73	0
3.395	1	6	340	6	1	12	73	0
3.397	1	6	340	8	1	12	73	0
3.399	1	6	340	10	1	12	73	0
3.4	1	6	341	1	1	12	73	0
3.402	1	6	341	3	1	12	73	0
3.404	1	6	341	5	1	12	73	0
3.406	1	6	341	7	1	12	73	0
3.408	1	6	341	9	1	12	73	0
3.41	1	6	342	1	1	12	73	0
3.412	1	6	342	3	1	12	73	0
3.414	1	6	342	5	1	12	73	0
3.415	1	6	342	6	1	12	73	0
3.417	1	6	342	8	1	12	73	0
3.419	1	6	342	10	1	12	73	0
3.421	1	6	343	2	1	12	73	0
3.423	1	6	343	4	1	12	73	0
3.425	1	6	343	6	1	12	73	0
3.427	1	6	343	8	1	12	73	0
3.429	1	6	343	10	1	12	73	0
3.43	1	6	344	1	1	12	73	0
3.432	1	6	344	3	1	12	73	0
3.434	1	6	344	5	1	12	73	0
3.436	1	6	344	7	1	12	73	0
3.438	1	6	344	9	1	12	73	0
3.44	1	6	345	1	1	12	73	0
3.442	1	6	345	3	1	12	73	0
3.444	1	6	345	5	1	12	73	0
3.445	1	6	345	6	1	12	73	0
3.447	1	6	345	8	1	12	73	0
3.449	1	6	345	10	1	12	73	0
3.451	1	6	346	2	1	12	73	0
3.453	1	6	346	4	1	12	73	0
3.455	1	6	346	6	1	12	73	0
3.457	1	6	346	8	1	12	73	0
3.459	1	6	346	10	1	12	73	0
3.46	1	6	347	1	1	12	73	0
3.462	1	6	347	3	1	12	73	0
3.464	1	6	347	5	1	12	73	0
3.466	1	6	347	7	1	12	73	0
3.468	1	6	347	9	1	12	73	0
3.47	1	6	348	1	1	12	73	0
3.472	1	6	348	3	1	12	73	0
3.474	1	6	348	5	1	12	73	0
3.475	1	6	348	6	1	12	73	0
3.477	1	6	348	8	1	12	73	0
3.479	1	6	348	10	1	12	73	0
3.481	1	6	349	2	1	12	73	0
3.483	1	6	349	4	1	12	73	0
3.485	1	6	349	6	1	12	73	0
3.487	1	6	349	8	1	12	73	0
3.489	1	6	349	10	1	12	73	0
3.49	1	6	350	1	1	12	73	0
3.492	1	6	350	3	1	12	73	0
3.494	1	6	350	5	1	12	73	0
3.496	1	6	350	7	1	12	73	0
3.498	1	6	350	9	1	12	73	0
3.5	1	6	351	1	1	12	73	0
3.502	1	6	351	3	1	12	73	0
3.504	1	6	351	5	1	12	73	0
3.505	1	6	351	6	1	12	73	0
3.507	1	6	351	8	1	12	73	0
3.509	1	6	351	10	1	12	73	0
3.511	1	6	352	2	1	12	73	0
3.513	1	6	352	4	1	12	73	0
3.515	1	6	352	6	1	12	73	0
3.517	1	6	352	8	1	12	73	0
3.519	1	6	352	10	1	12	73	0
3.52	1	6	353	1	1	12	73	0
3.522	1	6	353	3	1	12	73	0
3.524	1	6	353	5	1	12	73	0
3.526	1	6	353	7	1	12	73	0
3.528	1	6	353	9	1	12	73	0
3.53	1	6	354	1	1	12	73	0
3.532	1	6	354	3	1	12	73	0
3.534	1	6	354	5	1	12	73	0
3.535	1	6	354	6	1	12	73	0
3.537	1	6	354	8	1	12	73	0
3.539	1	6	354	10	1	12	73	0
3.541	1	6	355	2	1	12	73	0
3.543	1	6	355	4	1	12	73	0
3.545	1	6	355	6	1	12	73	0
3.547	1	6	355	8	1	12	73	0
3.549	1	6	355	10	1	12	73	0
3.55	1	6	356	1	1	12	73	0
3.552	1	6	356	3	1	12	73	0
3.554	1	6	356	5	1	12	73	0
3.556	1	6	356	7	1	12	73	0
3.558	1	6	356	9	1	12	73	0
3.56	1	6	357	1	1	12	73	0
3.562	1	6	357	3	1	12	73	0
3.564	1	6	357	5	1	12	73	0
3.565	1	6	357	6	1	12	73	0
3.567	1	6	357	8	1	12	73	0
3.569	1	6	357	10	1	12	73	0
3.571	1	6	358	2	1	12	73	0
3.573	1	6	358	4	1	12	73	0
3.575	1	6	358	6	1	12	73	0
3.577	1	6	358	8	1	12	73	0
3.579	1	6	358	10	1	12	73	0
3.58	1	6	359	1	1	12	73	0
3.582	1	6	359	3	1	12	73	0
3.584	1	6	359	5	1	12	73	0
3.586	1	6	359	7	1	12	73	0
3.588	1	6	359	9	1	12	73	0
3.59	1	6	360	1	1	12	73	0
3.592	1	6	360	3	1	12	73	0
3.594	1	6	360	5	1	12	73	0
3.595	1	6	360	6	1	12	73	0
3.597	1	6	360	8	1	12	73	0
3.599	1	6	360	10	1	12	73	0
3.601	1	6	361	2	1	12	73	0
3.603	1	6	361	4	1	12	73	0
3.605	1	6	361	6	1	12	73	0
3.607	1	6	361	8	1	12	73	0
3.609	1	6	361	10	1	12	73	0
3.61	1	6	362	1	1	12	73	0
3.612	1	6	362	3	1	12	73	0
3.614	1	6	362	5	1	12	73	0
3.616	1	6	362	7	1	12	73	0
3.618	1	6	362	9	1	12	73	0
3.62	1	6	363	1	1	12	73	0
3.622	1	6	363	3	1	12	73	0
3.624	1	6	363	5	1	12	73	0
3.625	1	6	363	6	1	12	73	0
3.627	1	6	363	8	1	12	73	0
3.629	1	6	363	10	1	12	73	0
3.631	1	6	364	2	1	12	73	0
3.633	1	6	364	4	1	12	73	0
3.635	1	6	364	6	1	12	73	0
3.637	1	6	364	8	1	12	73	0
3.639	1	6	364	10	1	12	73	0
3.64	1	6	365	1	1	12	73	0
3.642	1	6	365	3	1	12	73	0
3.644	1	6	365	5	1	12	73	0
3.646	1	6	365	7	1	12	73	0
3.648	1	6	365	9	1	12	73	0
3.65	1	6	366	1	1	12	73	0
3.652	1	6	366	3	1	12	73	0
3.654	1	6	366	5	1	12	73	0
3.655	1	6	366	6	1	12	73	0
3.657	1	6	366	8	1	12	73	0
3.659	1	6	366	10	1	12	73	0
3.661	1	6	367	2	1	12	73	0
3.663	1	6	367	4	1	12	73	0
3.665	1	6	367	6	1	12	73	0
3.667	1	6	367	8	1	12	73	0
3.669	1	6	367	10	1	12	73	0
3.67	1	6	368	1	1	12	73	0
3.672	1	6	368	3	1	12	73	0
3.674	1	6	368	5	1	12	73	0
3.676	1	6	368	7	1	12	73	0
3.678	1	6	368	9	1	12	73	0
3.68	1	6	369	1	1	12	73	0
3.682	1	6	369	3	1	12	73	0
3.684	1	6	369	5	1	12	73	0
3.685	1	6	369	6	1	12	73	0
3.687	1	6	369	8	1	12	73	0
3.689	1	6	369	10	1	12	73	0
3.691	1	6	370	2	1	12	73	0
3.693	1	6	370	4	1	12	73	0
3.695	1	6	370	6	1	12	73	0
3.697	1	6	370	8	1	12	73	0
3.699	1	6	370	10	1	12	73	0
3.7	1	6	371	1	1	12	73	0
3.702	1	6	371	3	1	12	73	0
3.704	1	6	371	5	1	12	73	0
3.706	1	6	371	7	1	12	73	0
3.708	1	6	371	9	1	12	73	0
3.71	1	6	372	1	1	12	73	0
3.712	1	6	372	3	1	12	73	0
3.714	1	6	372	5	1	12	73	0
3.715	1	6	372	6	1	12	73	0
3.717	1	6	372	8	1	12	73	0
3.719	1	6	372	10	1	12	73	0
3.721	1	6	373	2	1	12	73	0
3.723	1	6	373	4	1	12	73	0
3.725	1	6	373	6	1	12	73	0
3.727	1	6	373	8	1	12	73	0
3.729	1	6	373	10	1	12	73	0
3.73	1	6	374	1	1	12	73	0
3.732	1	6	374	3	1	12	73	0
3.734	1	6	374	5	1	12	73	0
3.736	1	6	374	7	1	12	73	0
3.738	1	6	374	9	1	12	73	0
3.74	1	6	375	1	1	12	73	0
3.742	1	6	375	3	1	12	73	0
3.744	1	6	375	5	1	12	73	0
3.745	1	6	375	6	1	12	73	0
3.747	1	6	375	8	1	12	73	0
3.749	1	6	375	10	1	12	73	0
3.751	1	6	376	2	1	12	73	0
3.753	1	6	376	4	1	12	73	0
3.755	1	6	376	6	1	12	73	0
3.757	1	6	376	8	1	12	73	0
3.759	1	6	376	10	1	12	73	0
3.76	1	6	377	1	1	12	73	0
3.762	1	6	377	3	1	12	73	0
3.764	1	6	377	5	1	12	73	0
3.766	1	6	377	7	1	12	73	0
3.768	1	6	377	9	1	12	73	0
3.77	1	6	378	1	1	12	73	0
3.772	1	6	378	3	1	12	73	0
3.774	1	6	378	5	1	12	73	0
3.775	1	6	378	6	1	12	73	0
3.777	1	6	378	8	1	12	73	0
3.779	1	6	378	10	1	12	73	0
3.781	1	6	379	2	1	12	73	0
3.783	1	6	379	4	1	12	73	0
3.785	1	6	379	6	1	12	73	0
3.787	1	6	379	8	1	12	73	0
3.789	1	6	379	10	1	12	73	0
3.79	1	6	380	1	1	12	73	0
3.792	1	6	380	3	1	12	73	0
3.794	1	6	380	5	1	12	73	0
3.796	1	6	380	7	1	12	73	0
3.798	1	6	380	9	1	12	73	0
3.8	1	6	381	1	1	12	73	0
3.802	1	6	381	3	1	12	73	0
3.804	1	6	381	5	1	12	73	0
3.805	1	6	381	6	1	12	73	0
3.807	1	6	381	8	1	12	73	0
3.809	1	6	381	10	1	12	73	0
3.811	1	6	382	2	1	12	73	0
3.813	1	6	382	4	1	12	73	0
3.815	1	6	382	6	1	12	73	0
3.817	1	6	382	8	1	12	73	0
3.819	1	6	382	10	1	12	73	0
3.82	1	6	383	1	1	12	73	0
3.822	1	6	383	3	1	12	73	0
3.824	1	6	383	5	1	12	73	0
3.826	1	6	383	7	1	12	73	0
3.828	1	6	383	9	1	12	73	0
3.83	1	6	384	1	1	12	73	0
3.832	1	6	384	3	1	12	73	0
3.834	1	6	384	5	1	12	73	0
3.835	1	6	384	6	1	12	73	0
3.837	1	6	384	8	1	12	73	0
3.839	1	6	384	10	1	12	73	0
3.841	1	6	385	2	1	12	73	0
3.843	1	6	385	4	1	12	73	0
3.845	1	6	385	6	1	12	73	0
3.847	1	6	385	8	1	12	73	0
3.849	1	6	385	10	1	12	73	0
3.85	1	6	386	1	1	12	73	0
3.852	1	6	386	3	1	12	73	0
3.854	1	6	386	5	1	12	73	0
3.856	1	6	386	7	1	12	73	0
3.858	1	6	386	9	1	12	73	0
3.86	1	6	387	1	1	12	73	0
3.862	1	6	387	3	1	12	73	0
3.864	1	6	387	5	1	12	73	0
3.865	1	6	387	6	1	12	73	0
3.867	1	6	387	8	1	12	73	0
3.869	1	6	387	10	1	12	73	0
3.871	1	6	388	2	1	12	73	0
3.873	1	6	388	4	1	12	73	0
3.875	1	6	388	6	1	12	73	0
3.877	1	6	388	8	1	12	73	0
3.879	1	6	388	10	1	12	73	0
3.88	1	6	389	1	1	12	73	0
3.882	1	6	389	3	1	12	73	0
3.884	1	6	389	5	1	12	73	0
3.886	1	6	389	7	1	12	73	0
3.888	1	6	389	9	1	12	73	0
3.89	1	6	390	1	1	12	73	0
3.892	1	6	390	3	1	12	73	0
3.894	1	6	390	5	1	12	73	0
3.895	1	6	390	6	1	12	73	0
3.897	1	6	390	8	1	12	73	0
3.899	1	6	390	10	1	12	73	0
3.901	1	6	391	2	1	12	73	0
3.903	1	6	391	4	1	12	73	0
3.905	1	6	391	6	1	12	73	0
3.907	1	6	391	8	1	12	73	0
3.909	1	6	391	10	1	12	73	0
3.91	1	6	392	1	1	12	73	0
3.912	1	6	392	3	1	12	73	0
3.914	1	6	392	5	1	12	73	0
3.916	1	6	392	7	1	12	73	0
3.918	1	6	392	9	1	12	73	0
3.92	1	6	393	1	1	12	73	0
3.922	1	6	393	3	1	12	73	0
3.924	1	6	393	5	1	12	73	0
3.925	1	6	393	6	1	12	73	0
3.927	1	6	393	8	1	12	73	0
3.929	1	6	393	10	1	12	73	0
3.931	1	6	394	2	1	12	73	0
3.933	1	6	394	4	1	12	73	0
3.935	1	6	394	6	1	12	73	0
3.937	1	6	394	8	1	12	73	0
3.939	1	6	394	10	1	12	73	0
3.94	1	6	395	1	1	12	73	0
3.942	1	6	395	3	1	12	73	0
3.944	1	6	395	5	1	12	73	0
3.946	1	6	395	7	1	12	73	0
3.948	1	6	395	9	1	12	73	0
3.95	1	6	396	1	1	12	73	0
3.952	1	6	396	3	1	12	73	0
3.954	1	6	396	5	1	12	73	0
3.955	1	6	396	6	1	12	73	0
3.957	1	6	396	8	1	12	73	0
3.959	1	6	396	10	1	12	73	0
3.961	1	6	397	2	1	12	73	0
3.963	1	6	397	4	1	12	73	0
3.965	1	6	397	6	1	12	73	0
3.967	1	6	397	8	1	12	73	0
3.969	1	6	397	10	1	12	73	0
3.97	1	6	398	1	1	12	73	0
3.972	1	6	398	3	1	12	73	0
3.974	1	6	398	5	1	12	73	0
3.976	1	6	398	7	1	12	73	0
3.978	1	6	398	9	1	12	73	0
3.98	1	6	399	1	1	12	73	0
3.982	1	6	399	3	1	12	73	0
3.984	1	6	399	5	1	12	73	0
3.985	1	6	399	6	1	12	73	0
3.987	1	6	399	8	1	12	73	0
3.989	1	6	399	10	1	12	73	0
3.991	1	6	400	2	1	12	73	0
3.993	1	6	400	4	1	12	73	0
3.995	1	6	400	6	1	12	73	0
3.997	1	6	400	8	1	12	73	0
3.999	1	6	400	10	1	12	73	0
4	1	6	401	1	1	12	73	0
4.002	1	6	401	3	1	12	73	0
4.004	1	6	401	5	1	12	73	0
4.006	1	6	401	7	1	12	73	0
4.008	1	6	401	9	1	12	73	0
4.01	1	6	402	1	1	12	73	0
4.012	1	6	402	3	1	12	73	0
4.014	1	6	402	5	1	12	73	0
4.015	1	6	402	6	1	12	73	0
4.017	1	6	402	8	1	12	73	0
4.019	1	6	402	10	1	12	73	0
4.021	1	6	403	2	1	12	73	0
4.023	1	6	403	4	1	12	73	0
4.025	1	6	403	6	1	12	73	0
4.027	1	6	403	8	1	12	73	0
4.029	1	6	403	10	1	12	73	0
4.03	1	6	404	1	1	12	73	0
4.032	1	6	404	3	1	12	73	0
4.034	1	6	404	5	1	12	73	0
4.036	1	6	404	7	1	12	73	0
4.038	1	6	404	9	1	12	73	0
4.04	1	6	405	1	1	12	73	0
4.042	1	6	405	3	1	12	73	0
4.044	1	6	405	5	1	12	73	0
4.045	1	6	405	6	1	12	73	0
4.047	1	6	405	8	1	12	73	0
4.049	1	6	405	10	1	12	73	0
4.051	1	6	406	2	1	12	73	0
4.053	1	6	406	4	1	12	73	0
4.055	1	6	406	6	1	12	73	0
4.057	1	6	406	8	1	12	73	0
4.059	1	6	406	10	1	12	73	0
4.06	1	6	407	1	1	12	73	0
4.062	1	6	407	3	1	12	73	0
4.064	1	6	407	5	1	12	73	0
4.066	1	6	407	7	1	12	73	0
4.068	1	6	407	9	1	12	73	0
4.07	1	6	408	1	1	12	73	0
4.072	1	6	408	3	1	12	73	0
4.074	1	6	408	5	1	12	73	0
4.075	1	6	408	6	1	12	73	0
4.077	1	6	408	8	1	12	73	0
4.079	1	6	408	10	1	12	73	0
4.081	1	6	409	2	1	12	73	0
4.083	1	6	409	4	1	12	73	0
4.085	1	6	409	6	1	12	73	0
4.087	1	6	409	8	1	12	73	0
4.089	1	6	409	10	1	12	73	0
4.09	1	6	410	1	1	12	73	0
4.092	1	6	410	3	1	12	73	0
4.094	1	6	410	5	1	12	73	0
4.096	1	6	410	7	1	12	73	0
4.098	1	6	410	9	1	12	73	0
4.1	1	6	411	1	1	12	73	0
4.102	1	6	411	3	1	12	73	0
4.104	1	6	411	5	1	12	73	0
4.105	1	6	411	6	1	12	73	0
4.107	1	6	411	8	1	12	73	0
4.109	1	6	411	10	1	12	73	0
4.111	1	6	412	2	1	12	73	0
4.113	1	6	412	4	1	12	73	0
4.115	1	6	412	6	1	12	73	0
4.117	1	6	412	8	1	12	73	0
4.119	1	6	412	10	1	12	73	0
4.12	1	6	413	1	1	12	73	0
4.122	1	6	413	3	1	12	73	0
4.124	1	6	413	5	1	12	73	0
4.126	1	6	413	7	1	12	73	0
4.128	1	6	413	9	1	12	73	0
4.13	1	6	414	1	1	12	73	0
4.132	1	6	414	3	1	12	73	0
4.134	1	6	414	5	1	12	73	0
4.135	1	6	414	6	1	12	73	0
4.137	1	6	414	8	1	12	73	0
4.139	1	6	414	10	1	12	73	0
4.141	1	6	415	2	1	12	73	0
4.143	1	6	415	4	1	12	73	0
4.145	1	6	415	6	1	12	73	0
4.147	1	6	415	8	1	12	73	0
4.149	1	6	415	10	1	12	73	0
4.15	1	6	416	1	1	12	73	0
4.152	1	6	416	3	1	12	73	0
4.154	1	6	416	5	1	12	73	0
4.156	1	6	416	7	1	12	73	0
4.158	1	6	416	9	1	12	73	0
4.16	1	6	417	1	1	12	73	0
4.162	1	6	417	3	1	12	73	0
4.164	1	6	417	5	1	12	73	0
4.165	1	6	417	6	1	12	73	0
4.167	1	6	417	8	1	12	73	0
4.169	1	6	417	10	1	12	73	0
4.171	1	6	418	2	1	12	73	0
4.173	1	6	418	4	1	12	73	0
4.175	1	6	418	6	1	12	73	0
4.177	1	6	418	8	1	12	73	0
4.179	1	6	418	10	1	12	73	0
4.18	1	6	419	1	1	12	73	0
4.182	1	6	419	3	1	12	73	0
4.184	1	6	419	5	1	12	73	0
4.186	1	6	419	7	1	12	73	0
4.188	1	6	419	9	1	12	73	0
4.19	1	6	420	1	1	12	73	0
4.192	1	6	420	3	1	12	73	0
4.194	1	6	420	5	1	12	73	0
4.195	1	6	420	6	1	12	73	0
4.197	1	6	420	8	1	12	73	0
4.199	1	6	420	10	1	12	73	0
4.201	1	6	421	2	1	12	73	0
4.203	1	6	421	4	1	12	73	0
4.205	1	6	421	6	1	12	73	0
4.207	1	6	421	8	1	12	73	0
4.209	1	6	421	10	1	12	73	0
4.21	1	6	422	1	1	12	73	0
4.212	1	6	422	3	1	12	73	0
4.214	1	6	422	5	1	12	73	0
4.216	1	6	422	7	1	12	73	0
4.218	1	6	422	9	1	12	73	0
4.22	1	6	423	1	1	12	73	0
4.222	1	6	423	3	1	12	73	0
4.224	1	6	423	5	1	12	73	0
4.225	1	6	423	6	1	12	73	0
4.227	1	6	423	8	1	12	73	0
4.229	1	6	423	10	1	12	73	0
4.231	1	6	424	2	1	12	73	0
4.233	1	6	424	4	1	12	73	0
4.235	1	6	424	6	1	12	73	0
4.237	1	6	424	8	1	12	73	0
4.239	1	6	424	10	1	12	73	0
4.24	1	6	425	1	1	12	73	0
4.242	1	6	425	3	1	12	73	0
4.244	1	6	425	5	1	12	73	0
4.246	1	6	425	7	1	12	73	0
4.248	1	6	425	9	1	12	73	0
4.25	1	6	426	1	1	12	73	0
4.252	1	6	426	3	1	12	73	0
4.254	1	6	426	5	1	12	73	0
4.255	1	6	426	6	1	12	73	0
4.257	1	6	426	8	1	12	73	0
4.259	1	6	426	10	1	12	73	0
4.261	1	6	427	2	1	12	73	0
4.263	1	6	427	4	1	12	73	0
4.265	1	6	427	6	1	12	73	0
4.267	1	6	427	8	1	12	73	0
4.269	1	6	427	10	1	12	73	0
4.27	1	6	428	1	1	12	73	0
4.272	1	6	428	3	1	12	73	0
4.274	1	6	428	5	1	12	73	0
4.276	1	6	428	7	1	12	73	0
4.278	1	6	428	9	1	12	73	0
4.28	1	6	429	1	1	12	73	0
4.282	1	6	429	3	1	12	73	0
4.284	1	6	429	5	1	12	73	0
4.285	1	6	429	6	1	12	73	0
4.287	1	6	429	8	1	12	73	0
4.289	1	6	429	10	1	12	73	0
4.291	1	6	430	2	1	12	73	0
4.293	1	6	430	4	1	12	73	0
4.295	1	6	430	6	1	12	73	0
4.297	1	6	430	8	1	12	73	0
4.299	1	6	430	10	1	12	73	0
4.3	1	6	431	1	1	12	73	0
4.302	1	6	431	3	1	12	73	0
4.304	1	6	431	5	1	12	73	0
4.306	1	6	431	7	1	12	73	0
4.308	1	6	431	9	1	12	73	0
4.31	1	6	432	1	1	12	73	0
4.312	1	6	432	3	1	12	73	0
4.314	1	6	432	5	1	12	73	0
4.315	1	6	432	6	1	12	73	0
4.317	1	6	432	8	1	12	73	0
4.319	1	6	432	10	1	12	73	0
4.321	1	6	433	2	1	12	73	0
4.323	1	6	433	4	1	12	73	0
4.325	1	6	433	6	1	12	73	0
4.327	1	6	433	8	1	12	73	0
4.329	1	6	433	10	1	12	73	0
4.33	1	6	434	1	1	12	73	0
4.332	1	6	434	3	1	12	73	0
4.334	1	6	434	5	1	12	73	0
4.336	1	6	434	7	1	12	73	0
4.338	1	6	434	9	1	12	73	0
4.34	1	6	435	1	1	12	73	0
4.342	1	6	435	3	1	12	73	0
4.344	1	6	435	5	1	12	73	0
4.345	1	6	435	6	1	12	73	0
4.347	1	6	435	8	1	12	73	0
4.349	1	6	435	10	1	12	73	0
4.351	1	6	436	2	1	12	73	0
4.353	1	6	436	4	1	12	73	0
4.355	1	6	436	6	1	12	73	0
4.357	1	6	436	8	1	12	73	0
4.359	1	6	436	10	1	12	73	0
4.36	1	6	437	1	1	12	73	0
4.362	1	6	437	3	1	12	73	0
4.364	1	6	437	5	1	12	73	0
4.366	1	6	437	7	1	12	73	0
4.368	1	6	437	9	1	12	73	0
4.37	1	6	438	1	1	12	73	0
4.372	1	6	438	3	1	12	73	0
4.374	1	6	438	5	1	12	73	0
4.375	1	6	438	6	1	12	73	0
4.377	1	6	438	8	1	12	73	0
4.379	1	6	438	10	1	12	73	0
4.381	1	6	439	2	1	12	73	0
4.383	1	6	439	4	1	12	73	0
4.385	1	6	439	6	1	12	73	0
4.387	1	6	439	8	1	12	73	0
4.389	1	6	439	10	1	12	73	0
4.39	1	6	440	1	1	12	73	0
4.392	1	6	440	3	1	12	73	0
4.394	1	6	440	5	1	12	73	0
4.396	1	6	440	7	1	12	73	0
4.398	1	6	440	9	1	12	73	0
4.4	1	6	441	1	1	12	73	0
4.402	1	6	441	3	1	12	73	0
4.404	1	6	441	5	1	12	73	0
4.405	1	6	441	6	1	12	73	0
4.407	1	6	441	8	1	12	73	0
4.409	1	6	441	10	1	12	73	0
4.411	1	6	442	2	1	12	73	0
4.413	1	6	442	4	1	12	73	0
4.415	1	6	442	6	1	12	73	0
4.417	1	6	442	8	1	12	73	0
4.419	1	6	442	10	1	12	73	0
4.42	1	6	443	1	1	12	73	0
4.422	1	6	443	3	1	12	73	0
4.424	1	6	443	5	1	12	73	0
4.426	1	6	443	7	1	12	73	0
4.428	1	6	443	9	1	12	73	0
4.43	1	6	444	1	1	12	73	0
4.432	1	6	444	3	1	12	73	0
4.434	1	6	444	5	1	12	73	0
4.435	1	6	444	6	1	12	73	0
4.437	1	6	444	8	1	12	73	0
4.439	1	6	444	10	1	12	73	0
4.441	1	6	445	2	1	12	73	0
4.443	1	6	445	4	1	12	73	0
4.445	1	6	445	6	1	12	73	0
4.447	1	6	445	8	1	12	73	0
4.449	1	6	445	10	1	12	73	0
4.45	1	6	446	1	1	12	73	0
4.452	1	6	446	3	1	12	73	0
4.454	1	6	446	5	1	12	73	0
4.456	1	6	446	7	1	12	73	0
4.458	1	6	446	9	1	12	73	0
4.46	1	6	447	1	1	12	73	0
4.462	1	6	447	3	1	12	73	0
4.464	1	6	447	5	1	12	73	0
4.465	1	6	447	6	1	12	73	0
4.467	1	6	447	8	1	12	73	0
4.469	1	6	447	10	1	12	73	0
4.471	1	6	448	2	1	12	73	0
4.473	1	6	448	4	1	12	73	0
4.475	1	6	448	6	1	12	73	0
4.477	1	6	448	8	1	12	73	0
4.479	1	6	448	10	1	12	73	0
4.48	1	6	449	1	1	12	73	0
4.482	1	6	449	3	1	12	73	0
4.484	1	6	449	5	1	12	73	0
4.486	1	6	449	7	1	12	73	0
4.488	1	6	449	9	1	12	73	0
4.49	1	6	450	1	1	12	73	0
4.492	1	6	450	3	1	12	73	0
4.494	1	6	450	5	1	12	73	0
4.495	1	6	450	6	1	12	73	0
4.497	1	6	450	8	1	12	73	0
4.499	1	6	450	10	1	12	73	0
4.501	1	6	451	2	1	12	73	0
4.503	1	6	451	4	1	12	73	0
4.505	1	6	451	6	1	12	73	0
4.507	1	6	451	8	1	12	73	0
4.509	1	6	451	10	1	12	73	0
4.51	1	6	452	1	1	12	73	0
4.512	1	6	452	3	1	12	73	0
4.514	1	6	452	5	1	12	73	0
4.516	1	6	452	7	1	12	73	0
4.518	1	6	452	9	1	12	73	0
4.52	1	6	453	1	1	12	73	0
4.522	1	6	453	3	1	12	73	0
4.524	1	6	453	5	1	12	73	0
4.525	1	6	453	6	1	12	73	0
4.527	1	6	453	8	1	12	73	0
4.529	1	6	453	10	1	12	73	0
4.531	1	6	454	2	1	12	73	0
4.533	1	6	454	4	1	12	73	0
4.535	1	6	454	6	1	12	73	0
4.537	1	6	454	8	1	12	73	0
4.539	1	6	454	10	1	12	73	0
4.54	1	6	455	1	1	12	73	0
4.542	1	6	455	3	1	12	73	0
4.544	1	6	455	5	1	12	73	0
4.546	1	6	455	7	1	12	73	0
4.548	1	6	455	9	1	12	73	0
4.55	1	6	456	1	1	12	73	0
4.552	1	6	456	3	1	12	73	0
4.554	1	6	456	5	1	12	73	0
4.555	1	6	456	6	1	12	73	0
4.557	1	6	456	8	1	12	73	0
4.559	1	6	456	10	1	12	73	0
4.561	1	6	457	2	1	12	73	0
4.563	1	6	457	4	1	12	73	0
4.565	1	6	457	6	1	12	73	0
4.567	1	6	457	8	1	12	73	0
4.569	1	6	457	10	1	12	73	0
4.57	1	6	458	1	1	12	73	0
4.572	1	6	458	3	1	12	73	0
4.574	1	6	458	5	1	12	73	0
4.576	1	6	458	7	1	12	73	0
4.578	1	6	458	9	1	12	73	0
4.58	1	6	459	1	1	12	73	0
4.582	1	6	459	3	1	12	73	0
4.584	1	6	459	5	1	12	73	0
4.585	1	6	459	6	1	12	73	0
4.587	1	6	459	8	1	12	73	0
4.589	1	6	459	10	1	12	73	0
4.591	1	6	460	2	1	12	73	0
4.593	1	6	460	4	1	12	73	0
4.595	1	6	460	6	1	12	73	0
4.597	1	6	460	8	1	12	73	0
4.599	1	6	460	10	1	12	73	0
4.6	1	6	461	1	1	12	73	0
4.602	1	6	461	3	1	12	73	0
4.604	1	6	461	5	1	12	73	0
4.606	1	6	461	7	1	12	73	0
4.608	1	6	461	9	1	12	73	0
4.61	1	6	462	1	1	12	73	0
4.612	1	6	462	3	1	12	73	0
4.614	1	6	462	5	1	12	73	0
4.615	1	6	462	6	1	12	73	0
4.617	1	6	462	8	1	12	73	0
4.619	1	6	462	10	1	12	73	0
4.621	1	6	463	2	1	12	73	0
4.623	1	6	463	4	1	12	73	0
4.625	1	6	463	6	1	12	73	0
4.627	1	6	463	8	1	12	73	0
4.629	1	6	463	10	1	12	73	0
4.63	1	6	464	1	1	12	73	0
4.632	1	6	464	3	1	12	73	0
4.634	1	6	464	5	1	12	73	0
4.636	1	6	464	7	1	12	73	0
4.638	1	6	464	9	1	12	73	0
4.64	1	6	465	1	1	12	73	0
4.642	1	6	465	3	1	12	73	0
4.644	1	6	465	5	1	12	73	0
4.645	1	6	465	6	1	12	73	0
4.647	1	6	465	8	1	12	73	0
4.649	1	6	465	10	1	12	73	0
4.651	1	6	466	2	1	12	73	0
4.653	1	6	466	4	1	12	73	0
4.655	1	6	466	6	1	12	73	0
4.657	1	6	466	8	1	12	73	0
4.659	1	6	466	10	1	12	73	0
4.66	1	6	467	1	1	12	73	0
4.662	1	6	467	3	1	12	73	0
4.664	1	6	467	5	1	12	73	0
4.666	1	6	467	7	1	12	73	0
4.668	1	6	467	9	1	12	73	0
4.67	1	6	468	1	1	12	73	0
4.672	1	6	468	3	1	12	73	0
4.674	1	6	468	5	1	12	73	0
4.675	1	6	468	6	1	12	73	0
4.677	1	6	468	8	1	12	73	0
4.679	1	6	468	10	1	12	73	0
4.681	1	6	469	2	1	12	73	0
4.683	1	6	469	4	1	12	73	0
4.685	1	6	469	6	1	12	73	0
4.687	1	6	469	8	1	12	73	0
4.689	1	6	469	10	1	12	73	0
4.69	1	6	470	1	1	12	73	0
4.692	1	6	470	3	1	12	73	0
4.694	1	6	470	5	1	12	73	0
4.696	1	6	470	7	1	12	73	0
4.698	1	6	470	9	1	12	73	0
4.7	1	6	471	1	1	12	73	0
4.702	1	6	471	3	1	12	73	0
4.704	1	6	471	5	1	12	73	0
4.705	1	6	471	6	1	12	73	0
4.707	1	6	471	8	1	12	73	0
4.709	1	6	471	10	1	12	73	0
4.711	1	6	472	2	1	12	73	0
4.713	1	6	472	4	1	12	73	0
4.715	1	6	472	6	1	12	73	0
4.717	1	6	472	8	1	12	73	0
4.719	1	6	472	10	1	12	73	0
4.72	1	6	473	1	1	12	73	0
4.722	1	6	473	3	1	12	73	0
4.724	1	6	473	5	1	12	73	0
4.726	1	6	473	7	1	12	73	0
4.728	1	6	473	9	1	12	73	0
4.73	1	6	474	1	1	12	73	0
4.732	1	6	474	3	1	12	73	0
4.734	1	6	474	5	1	12	73	0
4.735	1	6	474	6	1	12	73	0
4.737	1	6	474	8	1	12	73	0
4.739	1	6	474	10	1	12	73	0
4.741	1	6	475	2	1	12	73	0
4.743	1	6	475	4	1	12	73	0
4.745	1	6	475	6	1	12	73	0
4.747	1	6	475	8	1	12	73	0
4.749	1	6	475	10	1	12	73	0
4.75	1	6	476	1	1	12	73	0
4.752	1	6	476	3	1	12	73	0
4.754	1	6	476	5	1	12	73	0
4.756	1	6	476	7	1	12	73	0
4.758	1	6	476	9	1	12	73	0
4.76	1	6	477	1	1	12	73	0
4.762	1	6	477	3	1	12	73	0
4.764	1	6	477	5	1	12	73	0
4.765	1	6	477	6	1	12	73	0
4.767	1	6	477	8	1	12	73	0
4.769	1	6	477	10	1	12	73	0
4.771	1	6	478	2	1	12	73	0
4.773	1	6	478	4	1	12	73	0
4.775	1	6	478	6	1	12	73	0
4.777	1	6	478	8	1	12	73	0
4.779	1	6	478	10	1	12	73	0
4.78	1	6	479	1	1	12	73	0
4.782	1	6	479	3	1	12	73	0
4.784	1	6	479	5	1	12	73	0
4.786	1	6	479	7	1	12	73	0
4.788	1	6	479	9	1	12	73	0
4.79	1	6	480	1	1	12	73	0
4.792	1	6	480	3	1	12	73	0
4.794	1	6	480	5	1	12	73	0
4.795	1	6	480	6	1	12	73	0
4.797	1	6	480	8	1	12	73	0
4.799	1	6	480	10	1	12	73	0
4.801	1	6	481	2	1	12	73	0
4.803	1	6	481	4	1	12	73	0
4.805	1	6	481	6	1	12	73	0
4.807	1	6	481	8	1	12	73	0
4.809	1	6	481	10	1	12	73	0
4.81	1	6	482	1	1	12	73	0
4.812	1	6	482	3	1	12	73	0
4.814	1	6	482	5	1	12	73	0
4.816	1	6	482	7	1	12	73	0
4.818	1	6	482	9	1	12	73	0
4.82	1	6	483	1	1	12	73	0
4.822	1	6	483	3	1	12	73	0
4.824	1	6	483	5	1	12	73	0
4.825	1	6	483	6	1	12	73	0
4.827	1	6	483	8	1	12	73	0
4.829	1	6	483	10	1	12	73	0
4.831	1	6	484	2	1	12	73	0
4.833	1	6	484	4	1	12	73	0
4.835	1	6	484	6	1	12	73	0
4.837	1	6	484	8	1	12	73	0
4.839	1	6	484	10	1	12	73	0
4.84	1	6	485	1	1	12	73	0
4.842	1	6	485	3	1	12	73	0
4.844	1	6	485	5	1	12	73	0
4.846	1	6	485	7	1	12	73	0
4.848	1	6	485	9	1	12	73	0
4.85	1	6	486	1	1	12	73	0
4.852	1	6	486	3	1	12	73	0
4.854	1	6	486	5	1	12	73	0
4.855	1	6	486	6	1	12	73	0
4.857	1	6	486	8	1	12	73	0
4.859	1	6	486	10	1	12	73	0
4.861	1	6	487	2	1	12	73	0
4.863	1	6	487	4	1	12	73	0
4.865	1	6	487	6	1	12	73	0
4.867	1	6	487	8	1	12	73	0
4.869	1	6	487	10	1	12	73	0
4.87	1	6	488	1	1	12	73	0
4.872	1	6	488	3	1	12	73	0
4.874	1	6	488	5	1	12	73	0
4.876	1	6	488	7	1	12	73	0
4.878	1	6	488	9	1	12	73	0
4.88	1	6	489	1	1	12	73	0
4.882	1	6	489	3	1	12	73	0
4.884	1	6	489	5	1	12	73	0
4.885	1	6	489	6	1	12	73	0
4.887	1	6	489	8	1	12	73	0
4.889	1	6	489	10	1	12	73	0
4.891	1	6	490	2	1	12	73	0
4.893	1	6	490	4	1	12	73	0
4.895	1	6	490	6	1	12	73	0
4.897	1	6	490	8	1	12	73	0
4.899	1	6	490	10	1	12	73	0
4.9	1	6	491	1	1	12	73	0
4.902	1	6	491	3	1	12	73	0
4.904	1	6	491	5	1	12	73	0
4.906	1	6	491	7	1	12	73	0
4.908	1	6	491	9	1	12	73	0
4.91	1	6	492	1	1	12	73	0
4.912	1	6	492	3	1	12	73	0
4.914	1	6	492	5	1	12	73	0
4.915	1	6	492	6	1	12	73	0
4.917	1	6	492	8	1	12	73	0
4.919	1	6	492	10	1	12	73	0
4.921	1	6	493	2	1	12	73	0
4.923	1	6	493	4	1	12	73	0
4.925	1	6	493	6	1	12	73	0
4.927	1	6	493	8	1	12	73	0
4.929	1	6	493	10	1	12	73	0
4.93	1	6	494	1	1	12	73	0
4.932	1	6	494	3	1	12	73	0
4.934	1	6	494	5	1	12	73	0
4.936	1	6	494	7	1	12	73	0
4.938	1	6	494	9	1	12	73	0
4.94	1	6	495	1	1	12	73	0
4.942	1	6	495	3	1	12	73	0
4.944	1	6	495	5	1	12	73	0
4.945	1	6	495	6	1	12	73	0
4.947	1	6	495	8	1	12	73	0
4.949	1	6	495	10	1	12	73	0
4.951	1	6	496	2	1	12	73	0
4.953	1	6	496	4	1	12	73	0
4.955	1	6	496	6	1	12	73	0
4.957	1	6	496	8	1	12	73	0
4.959	1	6	496	10	1	12	73	0
4.96	1	6	497	1	1	12	73	0
4.962	1	6	497	3	1	12	73	0
4.964	1	6	497	5	1	12	73	0
4.966	1	6	497	7	1	12	73	0
4.968	1	6	497	9	1	12	73	0
4.97	1	6	498	1	1	12	73	0
4.972	1	6	498	3	1	12	73	0
4.974	1	6	498	5	1	12	73	0
4.975	1	6	498	6	1	12	73	0
4.977	1	6	498	8	1	12	73	0
4.979	1	6	498	10	1	12	73	0
4.981	1	6	499	2	1	12	73	0
4.983	1	6	499	4	1	12	73	0
4.985	1	6	499	6	1	12	73	0
4.987	1	6	499	8	1	12	73	0
4.989	1	6	499	10	1	12	73	0
4.99	1	6	500	1	1	12	73	0
4.992	1	6	500	3	1	12	73	0
4.994	1	6	500	5	1	12	73	0
4.996	1	6	500	7	1	12	73	0
4.998	1	6	500	9	1	12	73	0
