% time	cellId	IMSI	frame	sframe	RNTI	mcs	size	ccId
0.026	1	3	3	7	2	0	19	0
0.027	1	3	3	8	2	0	19	0
0.028	1	3	3	9	2	0	19	0
0.03	1	3	4	1	2	0	19	0
0.031	1	3	4	2	2	0	7	0
0.032	1	3	4	3	2	0	7	0
0.033	1	3	4	4	2	0	7	0
0.034	1	3	4	5	2	0	7	0
0.035	1	3	4	6	2	0	7	0
0.036	1	3	4	7	2	0	7	0
0.038	1	3	4	9	2	0	7	0
0.039	1	3	4	10	2	0	7	0
0.041	1	3	5	2	2	0	7	0
0.042	1	3	5	3	2	14	93	0
0.044	1	3	5	5	2	14	93	0
0.046	1	3	5	7	2	14	93	0
0.048	1	3	5	9	2	14	93	0
0.05	1	3	6	1	2	14	93	0
0.052	1	3	6	3	2	14	93	0
0.054	1	3	6	5	2	14	93	0
0.056	1	3	6	7	2	14	93	0
0.057	1	3	6	8	2	14	93	0
0.059	1	3	6	10	2	14	93	0
0.061	1	3	7	2	2	14	93	0
0.063	1	3	7	4	2	14	93	0
0.065	1	3	7	6	2	14	93	0
0.067	1	3	7	8	2	14	93	0
0.069	1	3	7	10	2	14	93	0
0.071	1	3	8	2	2	14	93	0
0.072	1	3	8	3	2	14	93	0
0.074	1	3	8	5	2	14	93	0
0.076	1	3	8	7	2	14	93	0
0.078	1	3	8	9	2	14	93	0
0.08	1	3	9	1	2	14	93	0
0.082	1	3	9	3	2	14	93	0
0.084	1	3	9	5	2	14	93	0
0.086	1	3	9	7	2	14	93	0
0.087	1	3	9	8	2	14	93	0
0.089	1	3	9	10	2	14	93	0
0.091	1	3	10	2	2	14	93	0
0.093	1	3	10	4	2	14	93	0
0.095	1	3	10	6	2	14	93	0
0.097	1	3	10	8	2	14	93	0
0.099	1	3	10	10	2	14	93	0
0.101	1	3	11	2	2	14	93	0
0.102	1	3	11	3	2	14	93	0
0.104	1	3	11	5	2	14	93	0
0.106	1	3	11	7	2	14	93	0
0.108	1	3	11	9	2	14	93	0
0.11	1	3	12	1	2	14	93	0
0.112	1	3	12	3	2	14	93	0
0.114	1	3	12	5	2	14	93	0
0.116	1	3	12	7	2	14	93	0
0.117	1	3	12	8	2	14	93	0
0.119	1	3	12	10	2	14	93	0
0.121	1	3	13	2	2	14	93	0
0.123	1	3	13	4	2	14	93	0
0.125	1	3	13	6	2	14	93	0
0.127	1	3	13	8	2	14	93	0
0.129	1	3	13	10	2	14	93	0
0.131	1	3	14	2	2	14	93	0
0.132	1	3	14	3	2	14	93	0
0.134	1	3	14	5	2	14	93	0
0.136	1	3	14	7	2	14	93	0
0.138	1	3	14	9	2	14	93	0
0.14	1	3	15	1	2	14	93	0
0.142	1	3	15	3	2	14	93	0
0.144	1	3	15	5	2	14	93	0
0.146	1	3	15	7	2	14	93	0
0.147	1	3	15	8	2	14	93	0
0.149	1	3	15	10	2	14	93	0
0.151	1	3	16	2	2	14	93	0
0.153	1	3	16	4	2	14	93	0
0.155	1	3	16	6	2	14	93	0
0.157	1	3	16	8	2	14	93	0
0.159	1	3	16	10	2	14	93	0
0.161	1	3	17	2	2	14	93	0
0.162	1	3	17	3	2	14	93	0
0.164	1	3	17	5	2	14	93	0
0.166	1	3	17	7	2	14	93	0
0.168	1	3	17	9	2	14	93	0
0.17	1	3	18	1	2	14	93	0
0.172	1	3	18	3	2	14	93	0
0.174	1	3	18	5	2	14	93	0
0.176	1	3	18	7	2	14	93	0
0.177	1	3	18	8	2	14	93	0
0.179	1	3	18	10	2	14	93	0
0.181	1	3	19	2	2	14	93	0
0.183	1	3	19	4	2	14	93	0
0.185	1	3	19	6	2	14	93	0
0.187	1	3	19	8	2	14	93	0
0.189	1	3	19	10	2	14	93	0
0.191	1	3	20	2	2	14	93	0
0.192	1	3	20	3	2	14	93	0
0.194	1	3	20	5	2	14	93	0
0.196	1	3	20	7	2	14	93	0
0.198	1	3	20	9	2	14	93	0
0.2	1	3	21	1	2	14	93	0
0.202	1	3	21	3	2	14	93	0
0.204	1	3	21	5	2	14	93	0
0.206	1	3	21	7	2	14	93	0
0.207	1	3	21	8	2	14	93	0
0.209	1	3	21	10	2	14	93	0
0.211	1	3	22	2	2	14	93	0
0.213	1	3	22	4	2	14	93	0
0.215	1	3	22	6	2	14	93	0
0.217	1	3	22	8	2	14	93	0
0.219	1	3	22	10	2	14	93	0
0.221	1	3	23	2	2	14	93	0
0.222	1	3	23	3	2	14	93	0
0.224	1	3	23	5	2	14	93	0
0.226	1	3	23	7	2	14	93	0
0.228	1	3	23	9	2	14	93	0
0.23	1	3	24	1	2	14	93	0
0.232	1	3	24	3	2	14	93	0
0.234	1	3	24	5	2	14	93	0
0.236	1	3	24	7	2	14	93	0
0.237	1	3	24	8	2	14	93	0
0.239	1	3	24	10	2	14	93	0
0.241	1	3	25	2	2	14	93	0
0.243	1	3	25	4	2	14	93	0
0.245	1	3	25	6	2	14	93	0
0.247	1	3	25	8	2	14	93	0
0.249	1	3	25	10	2	14	93	0
0.251	1	3	26	2	2	14	93	0
0.252	1	3	26	3	2	14	93	0
0.254	1	3	26	5	2	14	93	0
0.256	1	3	26	7	2	14	93	0
0.258	1	3	26	9	2	14	93	0
0.26	1	3	27	1	2	14	93	0
0.262	1	3	27	3	2	14	93	0
0.264	1	3	27	5	2	14	93	0
0.266	1	3	27	7	2	14	93	0
0.267	1	3	27	8	2	14	93	0
0.269	1	3	27	10	2	14	93	0
0.271	1	3	28	2	2	14	93	0
0.273	1	3	28	4	2	14	93	0
0.275	1	3	28	6	2	14	93	0
0.277	1	3	28	8	2	14	93	0
0.279	1	3	28	10	2	14	93	0
0.281	1	3	29	2	2	14	93	0
0.282	1	3	29	3	2	14	93	0
0.284	1	3	29	5	2	14	93	0
0.286	1	3	29	7	2	14	93	0
0.288	1	3	29	9	2	14	93	0
0.29	1	3	30	1	2	14	93	0
0.292	1	3	30	3	2	14	93	0
0.294	1	3	30	5	2	14	93	0
0.296	1	3	30	7	2	14	93	0
0.297	1	3	30	8	2	14	93	0
0.299	1	3	30	10	2	14	93	0
0.301	1	3	31	2	2	14	93	0
0.303	1	3	31	4	2	14	93	0
0.305	1	3	31	6	2	14	93	0
0.307	1	3	31	8	2	14	93	0
0.309	1	3	31	10	2	14	93	0
0.311	1	3	32	2	2	14	93	0
0.312	1	3	32	3	2	14	93	0
0.314	1	3	32	5	2	14	93	0
0.316	1	3	32	7	2	14	93	0
0.318	1	3	32	9	2	14	93	0
0.32	1	3	33	1	2	14	93	0
0.322	1	3	33	3	2	14	93	0
0.324	1	3	33	5	2	14	93	0
0.326	1	3	33	7	2	14	93	0
0.327	1	3	33	8	2	14	93	0
0.329	1	3	33	10	2	14	93	0
0.331	1	3	34	2	2	14	93	0
0.333	1	3	34	4	2	14	93	0
0.335	1	3	34	6	2	14	93	0
0.337	1	3	34	8	2	14	93	0
0.339	1	3	34	10	2	14	93	0
0.341	1	3	35	2	2	14	93	0
0.342	1	3	35	3	2	14	93	0
0.344	1	3	35	5	2	14	93	0
0.346	1	3	35	7	2	14	93	0
0.348	1	3	35	9	2	14	93	0
0.35	1	3	36	1	2	14	93	0
0.352	1	3	36	3	2	14	93	0
0.354	1	3	36	5	2	14	93	0
0.356	1	3	36	7	2	14	93	0
0.357	1	3	36	8	2	14	93	0
0.359	1	3	36	10	2	14	93	0
0.361	1	3	37	2	2	14	93	0
0.363	1	3	37	4	2	14	93	0
0.365	1	3	37	6	2	14	93	0
0.367	1	3	37	8	2	14	93	0
0.369	1	3	37	10	2	14	93	0
0.371	1	3	38	2	2	14	93	0
0.372	1	3	38	3	2	14	93	0
0.374	1	3	38	5	2	14	93	0
0.376	1	3	38	7	2	14	93	0
0.378	1	3	38	9	2	14	93	0
0.38	1	3	39	1	2	14	93	0
0.382	1	3	39	3	2	14	93	0
0.384	1	3	39	5	2	14	93	0
0.386	1	3	39	7	2	14	93	0
0.387	1	3	39	8	2	14	93	0
0.389	1	3	39	10	2	14	93	0
0.391	1	3	40	2	2	14	93	0
0.393	1	3	40	4	2	14	93	0
0.395	1	3	40	6	2	14	93	0
0.397	1	3	40	8	2	14	93	0
0.399	1	3	40	10	2	14	93	0
0.401	1	3	41	2	2	14	93	0
0.402	1	3	41	3	2	14	93	0
0.404	1	3	41	5	2	14	93	0
0.406	1	3	41	7	2	14	93	0
0.408	1	3	41	9	2	14	93	0
0.41	1	3	42	1	2	14	93	0
0.412	1	3	42	3	2	14	93	0
0.414	1	3	42	5	2	14	93	0
0.416	1	3	42	7	2	14	93	0
0.417	1	3	42	8	2	14	93	0
0.419	1	3	42	10	2	14	93	0
0.421	1	3	43	2	2	14	93	0
0.423	1	3	43	4	2	14	93	0
0.425	1	3	43	6	2	14	93	0
0.427	1	3	43	8	2	14	93	0
0.429	1	3	43	10	2	14	93	0
0.431	1	3	44	2	2	14	93	0
0.432	1	3	44	3	2	14	93	0
0.434	1	3	44	5	2	14	93	0
0.436	1	3	44	7	2	14	93	0
0.438	1	3	44	9	2	14	93	0
0.44	1	3	45	1	2	14	93	0
0.442	1	3	45	3	2	14	93	0
0.444	1	3	45	5	2	14	93	0
0.446	1	3	45	7	2	14	93	0
0.447	1	3	45	8	2	14	93	0
0.449	1	3	45	10	2	14	93	0
0.451	1	3	46	2	2	14	93	0
0.453	1	3	46	4	2	14	93	0
0.455	1	3	46	6	2	14	93	0
0.457	1	3	46	8	2	14	93	0
0.459	1	3	46	10	2	14	93	0
0.461	1	3	47	2	2	14	93	0
0.462	1	3	47	3	2	14	93	0
0.464	1	3	47	5	2	14	93	0
0.466	1	3	47	7	2	14	93	0
0.468	1	3	47	9	2	14	93	0
0.47	1	3	48	1	2	14	93	0
0.472	1	3	48	3	2	14	93	0
0.474	1	3	48	5	2	14	93	0
0.476	1	3	48	7	2	14	93	0
0.477	1	3	48	8	2	14	93	0
0.479	1	3	48	10	2	14	93	0
0.481	1	3	49	2	2	14	93	0
0.483	1	3	49	4	2	14	93	0
0.485	1	3	49	6	2	14	93	0
0.487	1	3	49	8	2	14	93	0
0.489	1	3	49	10	2	14	93	0
0.491	1	3	50	2	2	14	93	0
0.492	1	3	50	3	2	14	93	0
0.494	1	3	50	5	2	14	93	0
0.496	1	3	50	7	2	14	93	0
0.498	1	3	50	9	2	14	93	0
0.5	1	3	51	1	2	14	93	0
0.502	1	3	51	3	2	14	93	0
0.504	1	3	51	5	2	14	93	0
0.506	1	3	51	7	2	14	93	0
0.507	1	3	51	8	2	14	93	0
0.509	1	3	51	10	2	14	93	0
0.511	1	3	52	2	2	14	93	0
0.513	1	3	52	4	2	14	93	0
0.515	1	3	52	6	2	14	93	0
0.517	1	3	52	8	2	14	93	0
0.519	1	3	52	10	2	14	93	0
0.521	1	3	53	2	2	14	93	0
0.522	1	3	53	3	2	14	93	0
0.524	1	3	53	5	2	14	93	0
0.526	1	3	53	7	2	14	93	0
0.528	1	3	53	9	2	14	93	0
0.53	1	3	54	1	2	14	93	0
0.532	1	3	54	3	2	14	93	0
0.534	1	3	54	5	2	14	93	0
0.536	1	3	54	7	2	14	93	0
0.537	1	3	54	8	2	14	93	0
0.539	1	3	54	10	2	14	93	0
0.541	1	3	55	2	2	14	93	0
0.543	1	3	55	4	2	14	93	0
0.545	1	3	55	6	2	14	93	0
0.547	1	3	55	8	2	14	93	0
0.549	1	3	55	10	2	14	93	0
0.551	1	3	56	2	2	14	93	0
0.552	1	3	56	3	2	14	93	0
0.554	1	3	56	5	2	14	93	0
0.556	1	3	56	7	2	14	93	0
0.558	1	3	56	9	2	14	93	0
0.56	1	3	57	1	2	14	93	0
0.562	1	3	57	3	2	14	93	0
0.564	1	3	57	5	2	14	93	0
0.566	1	3	57	7	2	14	93	0
0.567	1	3	57	8	2	14	93	0
0.569	1	3	57	10	2	14	93	0
0.571	1	3	58	2	2	14	93	0
0.573	1	3	58	4	2	14	93	0
0.575	1	3	58	6	2	14	93	0
0.577	1	3	58	8	2	14	93	0
0.579	1	3	58	10	2	14	93	0
0.581	1	3	59	2	2	14	93	0
0.582	1	3	59	3	2	14	93	0
0.584	1	3	59	5	2	14	93	0
0.586	1	3	59	7	2	14	93	0
0.588	1	3	59	9	2	14	93	0
0.59	1	3	60	1	2	14	93	0
0.592	1	3	60	3	2	14	93	0
0.594	1	3	60	5	2	14	93	0
0.596	1	3	60	7	2	14	93	0
0.597	1	3	60	8	2	14	93	0
0.599	1	3	60	10	2	14	93	0
0.601	1	3	61	2	2	14	93	0
0.603	1	3	61	4	2	14	93	0
0.605	1	3	61	6	2	14	93	0
0.607	1	3	61	8	2	14	93	0
0.609	1	3	61	10	2	14	93	0
0.611	1	3	62	2	2	14	93	0
0.612	1	3	62	3	2	14	93	0
0.614	1	3	62	5	2	14	93	0
0.616	1	3	62	7	2	14	93	0
0.618	1	3	62	9	2	14	93	0
0.62	1	3	63	1	2	14	93	0
0.622	1	3	63	3	2	14	93	0
0.624	1	3	63	5	2	14	93	0
0.626	1	3	63	7	2	14	93	0
0.627	1	3	63	8	2	14	93	0
0.629	1	3	63	10	2	14	93	0
0.631	1	3	64	2	2	14	93	0
0.633	1	3	64	4	2	14	93	0
0.635	1	3	64	6	2	14	93	0
0.637	1	3	64	8	2	14	93	0
0.639	1	3	64	10	2	14	93	0
0.641	1	3	65	2	2	14	93	0
0.642	1	3	65	3	2	14	93	0
0.644	1	3	65	5	2	14	93	0
0.646	1	3	65	7	2	14	93	0
0.648	1	3	65	9	2	14	93	0
0.65	1	3	66	1	2	14	93	0
0.652	1	3	66	3	2	14	93	0
0.654	1	3	66	5	2	14	93	0
0.656	1	3	66	7	2	14	93	0
0.657	1	3	66	8	2	14	93	0
0.659	1	3	66	10	2	14	93	0
0.661	1	3	67	2	2	14	93	0
0.663	1	3	67	4	2	14	93	0
0.665	1	3	67	6	2	14	93	0
0.667	1	3	67	8	2	14	93	0
0.669	1	3	67	10	2	14	93	0
0.671	1	3	68	2	2	14	93	0
0.672	1	3	68	3	2	14	93	0
0.674	1	3	68	5	2	14	93	0
0.676	1	3	68	7	2	14	93	0
0.678	1	3	68	9	2	14	93	0
0.68	1	3	69	1	2	14	93	0
0.682	1	3	69	3	2	14	93	0
0.684	1	3	69	5	2	14	93	0
0.686	1	3	69	7	2	14	93	0
0.687	1	3	69	8	2	14	93	0
0.689	1	3	69	10	2	14	93	0
0.691	1	3	70	2	2	14	93	0
0.693	1	3	70	4	2	14	93	0
0.695	1	3	70	6	2	14	93	0
0.697	1	3	70	8	2	14	93	0
0.699	1	3	70	10	2	14	93	0
0.701	1	3	71	2	2	14	93	0
0.702	1	3	71	3	2	14	93	0
0.704	1	3	71	5	2	14	93	0
0.706	1	3	71	7	2	14	93	0
0.708	1	3	71	9	2	14	93	0
0.71	1	3	72	1	2	14	93	0
0.712	1	3	72	3	2	14	93	0
0.714	1	3	72	5	2	14	93	0
0.716	1	3	72	7	2	14	93	0
0.717	1	3	72	8	2	14	93	0
0.719	1	3	72	10	2	14	93	0
0.721	1	3	73	2	2	14	93	0
0.723	1	3	73	4	2	14	93	0
0.725	1	3	73	6	2	14	93	0
0.727	1	3	73	8	2	14	93	0
0.729	1	3	73	10	2	14	93	0
0.731	1	3	74	2	2	14	93	0
0.732	1	3	74	3	2	14	93	0
0.734	1	3	74	5	2	14	93	0
0.736	1	3	74	7	2	14	93	0
0.738	1	3	74	9	2	14	93	0
0.74	1	3	75	1	2	14	93	0
0.742	1	3	75	3	2	14	93	0
0.744	1	3	75	5	2	14	93	0
0.746	1	3	75	7	2	14	93	0
0.747	1	3	75	8	2	14	93	0
0.749	1	3	75	10	2	14	93	0
0.751	1	3	76	2	2	14	93	0
0.753	1	3	76	4	2	14	93	0
0.755	1	3	76	6	2	14	93	0
0.757	1	3	76	8	2	14	93	0
0.759	1	3	76	10	2	14	93	0
0.761	1	3	77	2	2	14	93	0
0.762	1	3	77	3	2	14	93	0
0.764	1	3	77	5	2	14	93	0
0.766	1	3	77	7	2	14	93	0
0.768	1	3	77	9	2	14	93	0
0.77	1	3	78	1	2	14	93	0
0.772	1	3	78	3	2	14	93	0
0.774	1	3	78	5	2	14	93	0
0.776	1	3	78	7	2	14	93	0
0.777	1	3	78	8	2	14	93	0
0.779	1	3	78	10	2	14	93	0
0.781	1	3	79	2	2	14	93	0
0.783	1	3	79	4	2	14	93	0
0.785	1	3	79	6	2	14	93	0
0.787	1	3	79	8	2	14	93	0
0.789	1	3	79	10	2	14	93	0
0.791	1	3	80	2	2	14	93	0
0.792	1	3	80	3	2	14	93	0
0.794	1	3	80	5	2	14	93	0
0.796	1	3	80	7	2	14	93	0
0.798	1	3	80	9	2	14	93	0
0.8	1	3	81	1	2	14	93	0
0.802	1	3	81	3	2	14	93	0
0.804	1	3	81	5	2	14	93	0
0.806	1	3	81	7	2	14	93	0
0.807	1	3	81	8	2	14	93	0
0.809	1	3	81	10	2	14	93	0
0.811	1	3	82	2	2	14	93	0
0.813	1	3	82	4	2	14	93	0
0.815	1	3	82	6	2	14	93	0
0.817	1	3	82	8	2	14	93	0
0.819	1	3	82	10	2	14	93	0
0.821	1	3	83	2	2	14	93	0
0.822	1	3	83	3	2	14	93	0
0.824	1	3	83	5	2	14	93	0
0.826	1	3	83	7	2	14	93	0
0.828	1	3	83	9	2	14	93	0
0.83	1	3	84	1	2	14	93	0
0.832	1	3	84	3	2	14	93	0
0.834	1	3	84	5	2	14	93	0
0.836	1	3	84	7	2	14	93	0
0.837	1	3	84	8	2	14	93	0
0.839	1	3	84	10	2	14	93	0
0.841	1	3	85	2	2	14	93	0
0.843	1	3	85	4	2	14	93	0
0.845	1	3	85	6	2	14	93	0
0.847	1	3	85	8	2	14	93	0
0.849	1	3	85	10	2	14	93	0
0.851	1	3	86	2	2	14	93	0
0.852	1	3	86	3	2	14	93	0
0.854	1	3	86	5	2	14	93	0
0.856	1	3	86	7	2	14	93	0
0.858	1	3	86	9	2	14	93	0
0.86	1	3	87	1	2	14	93	0
0.862	1	3	87	3	2	14	93	0
0.864	1	3	87	5	2	14	93	0
0.866	1	3	87	7	2	14	93	0
0.867	1	3	87	8	2	14	93	0
0.869	1	3	87	10	2	14	93	0
0.871	1	3	88	2	2	14	93	0
0.873	1	3	88	4	2	14	93	0
0.875	1	3	88	6	2	14	93	0
0.877	1	3	88	8	2	14	93	0
0.879	1	3	88	10	2	14	93	0
0.881	1	3	89	2	2	14	93	0
0.882	1	3	89	3	2	14	93	0
0.884	1	3	89	5	2	14	93	0
0.886	1	3	89	7	2	14	93	0
0.888	1	3	89	9	2	14	93	0
0.89	1	3	90	1	2	14	93	0
0.892	1	3	90	3	2	14	93	0
0.894	1	3	90	5	2	14	93	0
0.896	1	3	90	7	2	14	93	0
0.897	1	3	90	8	2	14	93	0
0.899	1	3	90	10	2	14	93	0
0.901	1	3	91	2	2	14	93	0
0.903	1	3	91	4	2	14	93	0
0.905	1	3	91	6	2	14	93	0
0.907	1	3	91	8	2	14	93	0
0.909	1	3	91	10	2	14	93	0
0.911	1	3	92	2	2	14	93	0
0.912	1	3	92	3	2	14	93	0
0.914	1	3	92	5	2	14	93	0
0.916	1	3	92	7	2	14	93	0
0.918	1	3	92	9	2	14	93	0
0.92	1	3	93	1	2	14	93	0
0.922	1	3	93	3	2	14	93	0
0.924	1	3	93	5	2	14	93	0
0.926	1	3	93	7	2	14	93	0
0.927	1	3	93	8	2	14	93	0
0.929	1	3	93	10	2	14	93	0
0.931	1	3	94	2	2	14	93	0
0.933	1	3	94	4	2	14	93	0
0.935	1	3	94	6	2	14	93	0
0.937	1	3	94	8	2	14	93	0
0.939	1	3	94	10	2	14	93	0
0.941	1	3	95	2	2	14	93	0
0.942	1	3	95	3	2	14	93	0
0.944	1	3	95	5	2	14	93	0
0.946	1	3	95	7	2	14	93	0
0.948	1	3	95	9	2	14	93	0
0.95	1	3	96	1	2	14	93	0
0.952	1	3	96	3	2	14	93	0
0.954	1	3	96	5	2	14	93	0
0.956	1	3	96	7	2	14	93	0
0.957	1	3	96	8	2	14	93	0
0.959	1	3	96	10	2	14	93	0
0.961	1	3	97	2	2	14	93	0
0.963	1	3	97	4	2	14	93	0
0.965	1	3	97	6	2	14	93	0
0.967	1	3	97	8	2	14	93	0
0.969	1	3	97	10	2	14	93	0
0.971	1	3	98	2	2	14	93	0
0.972	1	3	98	3	2	14	93	0
0.974	1	3	98	5	2	14	93	0
0.976	1	3	98	7	2	14	93	0
0.978	1	3	98	9	2	14	93	0
0.98	1	3	99	1	2	14	93	0
0.982	1	3	99	3	2	14	93	0
0.984	1	3	99	5	2	14	93	0
0.986	1	3	99	7	2	14	93	0
0.987	1	3	99	8	2	14	93	0
0.989	1	3	99	10	2	14	93	0
0.991	1	3	100	2	2	14	93	0
0.993	1	3	100	4	2	14	93	0
0.995	1	3	100	6	2	14	93	0
0.997	1	3	100	8	2	14	93	0
0.999	1	3	100	10	2	14	93	0
1.001	1	3	101	2	2	14	93	0
1.002	1	3	101	3	2	14	93	0
1.004	1	3	101	5	2	14	93	0
1.006	1	3	101	7	2	14	93	0
1.008	1	3	101	9	2	14	93	0
1.01	1	3	102	1	2	14	93	0
1.012	1	3	102	3	2	14	93	0
1.014	1	3	102	5	2	14	93	0
1.016	1	3	102	7	2	14	93	0
1.017	1	3	102	8	2	14	93	0
1.019	1	3	102	10	2	14	93	0
1.021	1	3	103	2	2	14	93	0
1.023	1	3	103	4	2	14	93	0
1.025	1	3	103	6	2	14	93	0
1.027	1	3	103	8	2	14	93	0
1.029	1	3	103	10	2	14	93	0
1.031	1	3	104	2	2	14	93	0
1.032	1	3	104	3	2	14	93	0
1.034	1	3	104	5	2	14	93	0
1.036	1	3	104	7	2	14	93	0
1.038	1	3	104	9	2	14	93	0
1.04	1	3	105	1	2	14	93	0
1.042	1	3	105	3	2	14	93	0
1.044	1	3	105	5	2	14	93	0
1.046	1	3	105	7	2	14	93	0
1.047	1	3	105	8	2	14	93	0
1.049	1	3	105	10	2	14	93	0
1.051	1	3	106	2	2	14	93	0
1.053	1	3	106	4	2	14	93	0
1.055	1	3	106	6	2	14	93	0
1.057	1	3	106	8	2	14	93	0
1.059	1	3	106	10	2	14	93	0
1.061	1	3	107	2	2	14	93	0
1.062	1	3	107	3	2	14	93	0
1.064	1	3	107	5	2	14	93	0
1.066	1	3	107	7	2	14	93	0
1.068	1	3	107	9	2	14	93	0
1.07	1	3	108	1	2	14	93	0
1.072	1	3	108	3	2	14	93	0
1.074	1	3	108	5	2	14	93	0
1.076	1	3	108	7	2	14	93	0
1.077	1	3	108	8	2	14	93	0
1.079	1	3	108	10	2	14	93	0
1.081	1	3	109	2	2	14	93	0
1.083	1	3	109	4	2	14	93	0
1.085	1	3	109	6	2	14	93	0
1.087	1	3	109	8	2	14	93	0
1.089	1	3	109	10	2	14	93	0
1.091	1	3	110	2	2	14	93	0
1.092	1	3	110	3	2	14	93	0
1.094	1	3	110	5	2	14	93	0
1.096	1	3	110	7	2	14	93	0
1.098	1	3	110	9	2	14	93	0
1.1	1	3	111	1	2	14	93	0
1.102	1	3	111	3	2	14	93	0
1.104	1	3	111	5	2	14	93	0
1.106	1	3	111	7	2	14	93	0
1.107	1	3	111	8	2	14	93	0
1.109	1	3	111	10	2	14	93	0
1.111	1	3	112	2	2	14	93	0
1.113	1	3	112	4	2	14	93	0
1.115	1	3	112	6	2	14	93	0
1.117	1	3	112	8	2	14	93	0
1.119	1	3	112	10	2	14	93	0
1.121	1	3	113	2	2	14	93	0
1.122	1	3	113	3	2	14	93	0
1.124	1	3	113	5	2	14	93	0
1.126	1	3	113	7	2	14	93	0
1.128	1	3	113	9	2	14	93	0
1.13	1	3	114	1	2	14	93	0
1.132	1	3	114	3	2	14	93	0
1.134	1	3	114	5	2	14	93	0
1.136	1	3	114	7	2	14	93	0
1.137	1	3	114	8	2	14	93	0
1.139	1	3	114	10	2	14	93	0
1.141	1	3	115	2	2	14	93	0
1.143	1	3	115	4	2	14	93	0
1.145	1	3	115	6	2	14	93	0
1.147	1	3	115	8	2	14	93	0
1.149	1	3	115	10	2	14	93	0
1.151	1	3	116	2	2	14	93	0
1.152	1	3	116	3	2	14	93	0
1.154	1	3	116	5	2	14	93	0
1.156	1	3	116	7	2	14	93	0
1.158	1	3	116	9	2	14	93	0
1.16	1	3	117	1	2	14	93	0
1.162	1	3	117	3	2	14	93	0
1.164	1	3	117	5	2	14	93	0
1.166	1	3	117	7	2	14	93	0
1.167	1	3	117	8	2	14	93	0
1.169	1	3	117	10	2	14	93	0
1.171	1	3	118	2	2	14	93	0
1.173	1	3	118	4	2	14	93	0
1.175	1	3	118	6	2	14	93	0
1.177	1	3	118	8	2	14	93	0
1.179	1	3	118	10	2	14	93	0
1.181	1	3	119	2	2	14	93	0
1.182	1	3	119	3	2	14	93	0
1.184	1	3	119	5	2	14	93	0
1.186	1	3	119	7	2	14	93	0
1.188	1	3	119	9	2	14	93	0
1.19	1	3	120	1	2	14	93	0
1.192	1	3	120	3	2	14	93	0
1.194	1	3	120	5	2	14	93	0
1.196	1	3	120	7	2	14	93	0
1.197	1	3	120	8	2	14	93	0
1.199	1	3	120	10	2	14	93	0
1.201	1	3	121	2	2	14	93	0
1.203	1	3	121	4	2	14	93	0
1.205	1	3	121	6	2	14	93	0
1.207	1	3	121	8	2	14	93	0
1.209	1	3	121	10	2	14	93	0
1.211	1	3	122	2	2	14	93	0
1.212	1	3	122	3	2	14	93	0
1.214	1	3	122	5	2	14	93	0
1.216	1	3	122	7	2	14	93	0
1.218	1	3	122	9	2	14	93	0
1.22	1	3	123	1	2	14	93	0
1.222	1	3	123	3	2	14	93	0
1.224	1	3	123	5	2	14	93	0
1.226	1	3	123	7	2	14	93	0
1.227	1	3	123	8	2	14	93	0
1.229	1	3	123	10	2	14	93	0
1.231	1	3	124	2	2	14	93	0
1.233	1	3	124	4	2	14	93	0
1.235	1	3	124	6	2	14	93	0
1.237	1	3	124	8	2	14	93	0
1.239	1	3	124	10	2	14	93	0
1.241	1	3	125	2	2	14	93	0
1.242	1	3	125	3	2	14	93	0
1.244	1	3	125	5	2	14	93	0
1.246	1	3	125	7	2	14	93	0
1.248	1	3	125	9	2	14	93	0
1.25	1	3	126	1	2	14	93	0
1.252	1	3	126	3	2	14	93	0
1.254	1	3	126	5	2	14	93	0
1.256	1	3	126	7	2	14	93	0
1.257	1	3	126	8	2	14	93	0
1.259	1	3	126	10	2	14	93	0
1.261	1	3	127	2	2	14	93	0
1.263	1	3	127	4	2	14	93	0
1.265	1	3	127	6	2	14	93	0
1.267	1	3	127	8	2	14	93	0
1.269	1	3	127	10	2	14	93	0
1.271	1	3	128	2	2	14	93	0
1.272	1	3	128	3	2	14	93	0
1.274	1	3	128	5	2	14	93	0
1.276	1	3	128	7	2	14	93	0
1.278	1	3	128	9	2	14	93	0
1.28	1	3	129	1	2	14	93	0
1.282	1	3	129	3	2	14	93	0
1.284	1	3	129	5	2	14	93	0
1.286	1	3	129	7	2	14	93	0
1.287	1	3	129	8	2	14	93	0
1.289	1	3	129	10	2	14	93	0
1.291	1	3	130	2	2	14	93	0
1.293	1	3	130	4	2	14	93	0
1.295	1	3	130	6	2	14	93	0
1.297	1	3	130	8	2	14	93	0
1.299	1	3	130	10	2	14	93	0
1.301	1	3	131	2	2	14	93	0
1.302	1	3	131	3	2	14	93	0
1.304	1	3	131	5	2	14	93	0
1.306	1	3	131	7	2	14	93	0
1.308	1	3	131	9	2	14	93	0
1.31	1	3	132	1	2	14	93	0
1.312	1	3	132	3	2	14	93	0
1.314	1	3	132	5	2	14	93	0
1.316	1	3	132	7	2	14	93	0
1.317	1	3	132	8	2	14	93	0
1.319	1	3	132	10	2	14	93	0
1.321	1	3	133	2	2	14	93	0
1.323	1	3	133	4	2	14	93	0
1.325	1	3	133	6	2	14	93	0
1.327	1	3	133	8	2	14	93	0
1.329	1	3	133	10	2	14	93	0
1.331	1	3	134	2	2	14	93	0
1.332	1	3	134	3	2	14	93	0
1.334	1	3	134	5	2	14	93	0
1.336	1	3	134	7	2	14	93	0
1.338	1	3	134	9	2	14	93	0
1.34	1	3	135	1	2	14	93	0
1.342	1	3	135	3	2	14	93	0
1.344	1	3	135	5	2	14	93	0
1.346	1	3	135	7	2	14	93	0
1.347	1	3	135	8	2	14	93	0
1.349	1	3	135	10	2	14	93	0
1.351	1	3	136	2	2	14	93	0
1.353	1	3	136	4	2	14	93	0
1.355	1	3	136	6	2	14	93	0
1.357	1	3	136	8	2	14	93	0
1.359	1	3	136	10	2	14	93	0
1.361	1	3	137	2	2	14	93	0
1.362	1	3	137	3	2	14	93	0
1.364	1	3	137	5	2	14	93	0
1.366	1	3	137	7	2	14	93	0
1.368	1	3	137	9	2	14	93	0
1.37	1	3	138	1	2	14	93	0
1.372	1	3	138	3	2	14	93	0
1.374	1	3	138	5	2	14	93	0
1.376	1	3	138	7	2	14	93	0
1.377	1	3	138	8	2	14	93	0
1.379	1	3	138	10	2	14	93	0
1.381	1	3	139	2	2	14	93	0
1.383	1	3	139	4	2	14	93	0
1.385	1	3	139	6	2	14	93	0
1.387	1	3	139	8	2	14	93	0
1.389	1	3	139	10	2	14	93	0
1.391	1	3	140	2	2	14	93	0
1.392	1	3	140	3	2	14	93	0
1.394	1	3	140	5	2	14	93	0
1.396	1	3	140	7	2	14	93	0
1.398	1	3	140	9	2	14	93	0
1.4	1	3	141	1	2	14	93	0
1.402	1	3	141	3	2	14	93	0
1.404	1	3	141	5	2	14	93	0
1.406	1	3	141	7	2	14	93	0
1.407	1	3	141	8	2	14	93	0
1.409	1	3	141	10	2	14	93	0
1.411	1	3	142	2	2	14	93	0
1.413	1	3	142	4	2	14	93	0
1.415	1	3	142	6	2	14	93	0
1.417	1	3	142	8	2	14	93	0
1.419	1	3	142	10	2	14	93	0
1.421	1	3	143	2	2	14	93	0
1.422	1	3	143	3	2	14	93	0
1.424	1	3	143	5	2	14	93	0
1.426	1	3	143	7	2	14	93	0
1.428	1	3	143	9	2	14	93	0
1.43	1	3	144	1	2	14	93	0
1.432	1	3	144	3	2	14	93	0
1.434	1	3	144	5	2	14	93	0
1.436	1	3	144	7	2	14	93	0
1.437	1	3	144	8	2	14	93	0
1.439	1	3	144	10	2	14	93	0
1.441	1	3	145	2	2	14	93	0
1.443	1	3	145	4	2	14	93	0
1.445	1	3	145	6	2	14	93	0
1.447	1	3	145	8	2	14	93	0
1.449	1	3	145	10	2	14	93	0
1.451	1	3	146	2	2	14	93	0
1.452	1	3	146	3	2	14	93	0
1.454	1	3	146	5	2	14	93	0
1.456	1	3	146	7	2	14	93	0
1.458	1	3	146	9	2	14	93	0
1.46	1	3	147	1	2	14	93	0
1.462	1	3	147	3	2	14	93	0
1.464	1	3	147	5	2	14	93	0
1.466	1	3	147	7	2	14	93	0
1.467	1	3	147	8	2	14	93	0
1.469	1	3	147	10	2	14	93	0
1.471	1	3	148	2	2	14	93	0
1.473	1	3	148	4	2	14	93	0
1.475	1	3	148	6	2	14	93	0
1.477	1	3	148	8	2	14	93	0
1.479	1	3	148	10	2	14	93	0
1.481	1	3	149	2	2	14	93	0
1.482	1	3	149	3	2	14	93	0
1.484	1	3	149	5	2	14	93	0
1.486	1	3	149	7	2	14	93	0
1.488	1	3	149	9	2	14	93	0
1.49	1	3	150	1	2	14	93	0
1.492	1	3	150	3	2	14	93	0
1.494	1	3	150	5	2	14	93	0
1.496	1	3	150	7	2	14	93	0
1.497	1	3	150	8	2	14	93	0
1.499	1	3	150	10	2	14	93	0
1.501	1	3	151	2	2	14	93	0
1.503	1	3	151	4	2	14	93	0
1.505	1	3	151	6	2	14	93	0
1.507	1	3	151	8	2	14	93	0
1.509	1	3	151	10	2	14	93	0
1.511	1	3	152	2	2	14	93	0
1.512	1	3	152	3	2	14	93	0
1.514	1	3	152	5	2	14	93	0
1.516	1	3	152	7	2	14	93	0
1.518	1	3	152	9	2	14	93	0
1.52	1	3	153	1	2	14	93	0
1.522	1	3	153	3	2	14	93	0
1.524	1	3	153	5	2	14	93	0
1.526	1	3	153	7	2	14	93	0
1.527	1	3	153	8	2	14	93	0
1.529	1	3	153	10	2	14	93	0
1.531	1	3	154	2	2	14	93	0
1.533	1	3	154	4	2	14	93	0
1.535	1	3	154	6	2	14	93	0
1.537	1	3	154	8	2	14	93	0
1.539	1	3	154	10	2	14	93	0
1.541	1	3	155	2	2	14	93	0
1.542	1	3	155	3	2	14	93	0
1.544	1	3	155	5	2	14	93	0
1.546	1	3	155	7	2	14	93	0
1.548	1	3	155	9	2	14	93	0
1.55	1	3	156	1	2	14	93	0
1.552	1	3	156	3	2	14	93	0
1.554	1	3	156	5	2	14	93	0
1.556	1	3	156	7	2	14	93	0
1.557	1	3	156	8	2	14	93	0
1.559	1	3	156	10	2	14	93	0
1.561	1	3	157	2	2	14	93	0
1.563	1	3	157	4	2	14	93	0
1.565	1	3	157	6	2	14	93	0
1.567	1	3	157	8	2	14	93	0
1.569	1	3	157	10	2	14	93	0
1.571	1	3	158	2	2	14	93	0
1.572	1	3	158	3	2	14	93	0
1.574	1	3	158	5	2	14	93	0
1.576	1	3	158	7	2	14	93	0
1.578	1	3	158	9	2	14	93	0
1.58	1	3	159	1	2	14	93	0
1.582	1	3	159	3	2	14	93	0
1.584	1	3	159	5	2	14	93	0
1.586	1	3	159	7	2	14	93	0
1.587	1	3	159	8	2	14	93	0
1.589	1	3	159	10	2	14	93	0
1.591	1	3	160	2	2	14	93	0
1.593	1	3	160	4	2	14	93	0
1.595	1	3	160	6	2	14	93	0
1.597	1	3	160	8	2	14	93	0
1.599	1	3	160	10	2	14	93	0
1.601	1	3	161	2	2	14	93	0
1.602	1	3	161	3	2	14	93	0
1.604	1	3	161	5	2	14	93	0
1.606	1	3	161	7	2	14	93	0
1.608	1	3	161	9	2	14	93	0
1.61	1	3	162	1	2	14	93	0
1.612	1	3	162	3	2	14	93	0
1.614	1	3	162	5	2	14	93	0
1.616	1	3	162	7	2	14	93	0
1.617	1	3	162	8	2	14	93	0
1.619	1	3	162	10	2	14	93	0
1.621	1	3	163	2	2	14	93	0
1.623	1	3	163	4	2	14	93	0
1.625	1	3	163	6	2	14	93	0
1.627	1	3	163	8	2	14	93	0
1.629	1	3	163	10	2	14	93	0
1.631	1	3	164	2	2	14	93	0
1.632	1	3	164	3	2	14	93	0
1.634	1	3	164	5	2	14	93	0
1.636	1	3	164	7	2	14	93	0
1.638	1	3	164	9	2	14	93	0
1.64	1	3	165	1	2	14	93	0
1.642	1	3	165	3	2	14	93	0
1.644	1	3	165	5	2	14	93	0
1.646	1	3	165	7	2	14	93	0
1.647	1	3	165	8	2	14	93	0
1.649	1	3	165	10	2	14	93	0
1.651	1	3	166	2	2	14	93	0
1.653	1	3	166	4	2	14	93	0
1.655	1	3	166	6	2	14	93	0
1.657	1	3	166	8	2	14	93	0
1.659	1	3	166	10	2	14	93	0
1.661	1	3	167	2	2	14	93	0
1.662	1	3	167	3	2	14	93	0
1.664	1	3	167	5	2	14	93	0
1.666	1	3	167	7	2	14	93	0
1.668	1	3	167	9	2	14	93	0
1.67	1	3	168	1	2	14	93	0
1.672	1	3	168	3	2	14	93	0
1.674	1	3	168	5	2	14	93	0
1.676	1	3	168	7	2	14	93	0
1.677	1	3	168	8	2	14	93	0
1.679	1	3	168	10	2	14	93	0
1.681	1	3	169	2	2	14	93	0
1.683	1	3	169	4	2	14	93	0
1.685	1	3	169	6	2	14	93	0
1.687	1	3	169	8	2	14	93	0
1.689	1	3	169	10	2	14	93	0
1.691	1	3	170	2	2	14	93	0
1.692	1	3	170	3	2	14	93	0
1.694	1	3	170	5	2	14	93	0
1.696	1	3	170	7	2	14	93	0
1.698	1	3	170	9	2	14	93	0
1.7	1	3	171	1	2	14	93	0
1.702	1	3	171	3	2	14	93	0
1.704	1	3	171	5	2	14	93	0
1.706	1	3	171	7	2	14	93	0
1.707	1	3	171	8	2	14	93	0
1.709	1	3	171	10	2	14	93	0
1.711	1	3	172	2	2	14	93	0
1.713	1	3	172	4	2	14	93	0
1.715	1	3	172	6	2	14	93	0
1.717	1	3	172	8	2	14	93	0
1.719	1	3	172	10	2	14	93	0
1.721	1	3	173	2	2	14	93	0
1.722	1	3	173	3	2	14	93	0
1.724	1	3	173	5	2	14	93	0
1.726	1	3	173	7	2	14	93	0
1.728	1	3	173	9	2	14	93	0
1.73	1	3	174	1	2	14	93	0
1.732	1	3	174	3	2	14	93	0
1.734	1	3	174	5	2	14	93	0
1.736	1	3	174	7	2	14	93	0
1.737	1	3	174	8	2	14	93	0
1.739	1	3	174	10	2	14	93	0
1.741	1	3	175	2	2	14	93	0
1.743	1	3	175	4	2	14	93	0
1.745	1	3	175	6	2	14	93	0
1.747	1	3	175	8	2	14	93	0
1.749	1	3	175	10	2	14	93	0
1.751	1	3	176	2	2	14	93	0
1.752	1	3	176	3	2	14	93	0
1.754	1	3	176	5	2	14	93	0
1.756	1	3	176	7	2	14	93	0
1.758	1	3	176	9	2	14	93	0
1.76	1	3	177	1	2	14	93	0
1.762	1	3	177	3	2	14	93	0
1.764	1	3	177	5	2	14	93	0
1.766	1	3	177	7	2	14	93	0
1.767	1	3	177	8	2	14	93	0
1.769	1	3	177	10	2	14	93	0
1.771	1	3	178	2	2	14	93	0
1.773	1	3	178	4	2	14	93	0
1.775	1	3	178	6	2	14	93	0
1.777	1	3	178	8	2	14	93	0
1.779	1	3	178	10	2	14	93	0
1.781	1	3	179	2	2	14	93	0
1.782	1	3	179	3	2	14	93	0
1.784	1	3	179	5	2	14	93	0
1.786	1	3	179	7	2	14	93	0
1.788	1	3	179	9	2	14	93	0
1.79	1	3	180	1	2	14	93	0
1.792	1	3	180	3	2	14	93	0
1.794	1	3	180	5	2	14	93	0
1.796	1	3	180	7	2	14	93	0
1.797	1	3	180	8	2	14	93	0
1.799	1	3	180	10	2	14	93	0
1.801	1	3	181	2	2	14	93	0
1.803	1	3	181	4	2	14	93	0
1.805	1	3	181	6	2	14	93	0
1.807	1	3	181	8	2	14	93	0
1.809	1	3	181	10	2	14	93	0
1.811	1	3	182	2	2	14	93	0
1.812	1	3	182	3	2	14	93	0
1.814	1	3	182	5	2	14	93	0
1.816	1	3	182	7	2	14	93	0
1.818	1	3	182	9	2	14	93	0
1.82	1	3	183	1	2	14	93	0
1.822	1	3	183	3	2	14	93	0
1.824	1	3	183	5	2	14	93	0
1.826	1	3	183	7	2	14	93	0
1.827	1	3	183	8	2	14	93	0
1.829	1	3	183	10	2	14	93	0
1.831	1	3	184	2	2	14	93	0
1.833	1	3	184	4	2	14	93	0
1.835	1	3	184	6	2	14	93	0
1.837	1	3	184	8	2	14	93	0
1.839	1	3	184	10	2	14	93	0
1.841	1	3	185	2	2	14	93	0
1.842	1	3	185	3	2	14	93	0
1.844	1	3	185	5	2	14	93	0
1.846	1	3	185	7	2	14	93	0
1.848	1	3	185	9	2	14	93	0
1.85	1	3	186	1	2	14	93	0
1.852	1	3	186	3	2	14	93	0
1.854	1	3	186	5	2	14	93	0
1.856	1	3	186	7	2	14	93	0
1.857	1	3	186	8	2	14	93	0
1.859	1	3	186	10	2	14	93	0
1.861	1	3	187	2	2	14	93	0
1.863	1	3	187	4	2	14	93	0
1.865	1	3	187	6	2	14	93	0
1.867	1	3	187	8	2	14	93	0
1.869	1	3	187	10	2	14	93	0
1.871	1	3	188	2	2	14	93	0
1.872	1	3	188	3	2	14	93	0
1.874	1	3	188	5	2	14	93	0
1.876	1	3	188	7	2	14	93	0
1.878	1	3	188	9	2	14	93	0
1.88	1	3	189	1	2	14	93	0
1.882	1	3	189	3	2	14	93	0
1.884	1	3	189	5	2	14	93	0
1.886	1	3	189	7	2	14	93	0
1.887	1	3	189	8	2	14	93	0
1.889	1	3	189	10	2	14	93	0
1.891	1	3	190	2	2	14	93	0
1.893	1	3	190	4	2	14	93	0
1.895	1	3	190	6	2	14	93	0
1.897	1	3	190	8	2	14	93	0
1.899	1	3	190	10	2	14	93	0
1.901	1	3	191	2	2	14	93	0
1.902	1	3	191	3	2	14	93	0
1.904	1	3	191	5	2	14	93	0
1.906	1	3	191	7	2	14	93	0
1.908	1	3	191	9	2	14	93	0
1.91	1	3	192	1	2	14	93	0
1.912	1	3	192	3	2	14	93	0
1.914	1	3	192	5	2	14	93	0
1.916	1	3	192	7	2	14	93	0
1.917	1	3	192	8	2	14	93	0
1.919	1	3	192	10	2	14	93	0
1.921	1	3	193	2	2	14	93	0
1.923	1	3	193	4	2	14	93	0
1.925	1	3	193	6	2	14	93	0
1.927	1	3	193	8	2	14	93	0
1.929	1	3	193	10	2	14	93	0
1.931	1	3	194	2	2	14	93	0
1.932	1	3	194	3	2	14	93	0
1.934	1	3	194	5	2	14	93	0
1.936	1	3	194	7	2	14	93	0
1.938	1	3	194	9	2	14	93	0
1.94	1	3	195	1	2	14	93	0
1.942	1	3	195	3	2	14	93	0
1.944	1	3	195	5	2	14	93	0
1.946	1	3	195	7	2	14	93	0
1.947	1	3	195	8	2	14	93	0
1.949	1	3	195	10	2	14	93	0
1.951	1	3	196	2	2	14	93	0
1.953	1	3	196	4	2	14	93	0
1.955	1	3	196	6	2	14	93	0
1.957	1	3	196	8	2	14	93	0
1.959	1	3	196	10	2	14	93	0
1.961	1	3	197	2	2	14	93	0
1.962	1	3	197	3	2	14	93	0
1.964	1	3	197	5	2	14	93	0
1.966	1	3	197	7	2	14	93	0
1.968	1	3	197	9	2	14	93	0
1.97	1	3	198	1	2	14	93	0
1.972	1	3	198	3	2	14	93	0
1.974	1	3	198	5	2	14	93	0
1.976	1	3	198	7	2	14	93	0
1.977	1	3	198	8	2	14	93	0
1.979	1	3	198	10	2	14	93	0
1.981	1	3	199	2	2	14	93	0
1.983	1	3	199	4	2	14	93	0
1.985	1	3	199	6	2	14	93	0
1.987	1	3	199	8	2	14	93	0
1.989	1	3	199	10	2	14	93	0
1.991	1	3	200	2	2	14	93	0
1.992	1	3	200	3	2	14	93	0
1.994	1	3	200	5	2	14	93	0
1.996	1	3	200	7	2	14	93	0
1.998	1	3	200	9	2	14	93	0
2	1	3	201	1	2	14	93	0
2.002	1	3	201	3	2	14	93	0
2.004	1	3	201	5	2	14	93	0
2.006	1	3	201	7	2	14	93	0
2.007	1	3	201	8	2	14	93	0
2.009	1	3	201	10	2	14	93	0
2.011	1	3	202	2	2	14	93	0
2.013	1	3	202	4	2	14	93	0
2.015	1	3	202	6	2	14	93	0
2.017	1	3	202	8	2	14	93	0
2.019	1	3	202	10	2	14	93	0
2.021	1	3	203	2	2	14	93	0
2.022	1	3	203	3	2	14	93	0
2.024	1	3	203	5	2	14	93	0
2.026	1	3	203	7	2	14	93	0
2.028	1	3	203	9	2	14	93	0
2.03	1	3	204	1	2	14	93	0
2.032	1	3	204	3	2	14	93	0
2.034	1	3	204	5	2	14	93	0
2.036	1	3	204	7	2	14	93	0
2.037	1	3	204	8	2	14	93	0
2.039	1	3	204	10	2	14	93	0
2.041	1	3	205	2	2	14	93	0
2.043	1	3	205	4	2	14	93	0
2.045	1	3	205	6	2	14	93	0
2.047	1	3	205	8	2	14	93	0
2.049	1	3	205	10	2	14	93	0
2.051	1	3	206	2	2	14	93	0
2.052	1	3	206	3	2	14	93	0
2.054	1	3	206	5	2	14	93	0
2.056	1	3	206	7	2	14	93	0
2.058	1	3	206	9	2	14	93	0
2.06	1	3	207	1	2	14	93	0
2.062	1	3	207	3	2	14	93	0
2.064	1	3	207	5	2	14	93	0
2.066	1	3	207	7	2	14	93	0
2.067	1	3	207	8	2	14	93	0
2.069	1	3	207	10	2	14	93	0
2.071	1	3	208	2	2	14	93	0
2.073	1	3	208	4	2	14	93	0
2.075	1	3	208	6	2	14	93	0
2.077	1	3	208	8	2	14	93	0
2.079	1	3	208	10	2	14	93	0
2.081	1	3	209	2	2	14	93	0
2.082	1	3	209	3	2	14	93	0
2.084	1	3	209	5	2	14	93	0
2.086	1	3	209	7	2	14	93	0
2.088	1	3	209	9	2	14	93	0
2.09	1	3	210	1	2	14	93	0
2.092	1	3	210	3	2	14	93	0
2.094	1	3	210	5	2	14	93	0
2.096	1	3	210	7	2	14	93	0
2.097	1	3	210	8	2	14	93	0
2.099	1	3	210	10	2	14	93	0
2.101	1	3	211	2	2	14	93	0
2.103	1	3	211	4	2	14	93	0
2.105	1	3	211	6	2	14	93	0
2.107	1	3	211	8	2	14	93	0
2.109	1	3	211	10	2	14	93	0
2.111	1	3	212	2	2	14	93	0
2.112	1	3	212	3	2	14	93	0
2.114	1	3	212	5	2	14	93	0
2.116	1	3	212	7	2	14	93	0
2.118	1	3	212	9	2	14	93	0
2.12	1	3	213	1	2	14	93	0
2.122	1	3	213	3	2	14	93	0
2.124	1	3	213	5	2	14	93	0
2.126	1	3	213	7	2	14	93	0
2.127	1	3	213	8	2	14	93	0
2.129	1	3	213	10	2	14	93	0
2.131	1	3	214	2	2	14	93	0
2.133	1	3	214	4	2	14	93	0
2.135	1	3	214	6	2	14	93	0
2.137	1	3	214	8	2	14	93	0
2.139	1	3	214	10	2	14	93	0
2.141	1	3	215	2	2	14	93	0
2.142	1	3	215	3	2	14	93	0
2.144	1	3	215	5	2	14	93	0
2.146	1	3	215	7	2	14	93	0
2.148	1	3	215	9	2	14	93	0
2.15	1	3	216	1	2	14	93	0
2.152	1	3	216	3	2	14	93	0
2.154	1	3	216	5	2	14	93	0
2.156	1	3	216	7	2	14	93	0
2.157	1	3	216	8	2	14	93	0
2.159	1	3	216	10	2	14	93	0
2.161	1	3	217	2	2	14	93	0
2.163	1	3	217	4	2	14	93	0
2.165	1	3	217	6	2	14	93	0
2.167	1	3	217	8	2	14	93	0
2.169	1	3	217	10	2	14	93	0
2.171	1	3	218	2	2	14	93	0
2.172	1	3	218	3	2	14	93	0
2.174	1	3	218	5	2	14	93	0
2.176	1	3	218	7	2	14	93	0
2.178	1	3	218	9	2	14	93	0
2.18	1	3	219	1	2	14	93	0
2.182	1	3	219	3	2	14	93	0
2.184	1	3	219	5	2	14	93	0
2.186	1	3	219	7	2	14	93	0
2.187	1	3	219	8	2	14	93	0
2.189	1	3	219	10	2	14	93	0
2.191	1	3	220	2	2	14	93	0
2.193	1	3	220	4	2	14	93	0
2.195	1	3	220	6	2	14	93	0
2.197	1	3	220	8	2	14	93	0
2.199	1	3	220	10	2	14	93	0
2.201	1	3	221	2	2	14	93	0
2.202	1	3	221	3	2	14	93	0
2.204	1	3	221	5	2	14	93	0
2.206	1	3	221	7	2	14	93	0
2.208	1	3	221	9	2	14	93	0
2.21	1	3	222	1	2	14	93	0
2.212	1	3	222	3	2	14	93	0
2.214	1	3	222	5	2	14	93	0
2.216	1	3	222	7	2	14	93	0
2.217	1	3	222	8	2	14	93	0
2.219	1	3	222	10	2	14	93	0
2.221	1	3	223	2	2	14	93	0
2.223	1	3	223	4	2	14	93	0
2.225	1	3	223	6	2	14	93	0
2.227	1	3	223	8	2	14	93	0
2.229	1	3	223	10	2	14	93	0
2.231	1	3	224	2	2	14	93	0
2.232	1	3	224	3	2	14	93	0
2.234	1	3	224	5	2	14	93	0
2.236	1	3	224	7	2	14	93	0
2.238	1	3	224	9	2	14	93	0
2.24	1	3	225	1	2	14	93	0
2.242	1	3	225	3	2	14	93	0
2.244	1	3	225	5	2	14	93	0
2.246	1	3	225	7	2	14	93	0
2.247	1	3	225	8	2	14	93	0
2.249	1	3	225	10	2	14	93	0
2.251	1	3	226	2	2	14	93	0
2.253	1	3	226	4	2	14	93	0
2.255	1	3	226	6	2	14	93	0
2.257	1	3	226	8	2	14	93	0
2.259	1	3	226	10	2	14	93	0
2.261	1	3	227	2	2	14	93	0
2.262	1	3	227	3	2	14	93	0
2.264	1	3	227	5	2	14	93	0
2.266	1	3	227	7	2	14	93	0
2.268	1	3	227	9	2	14	93	0
2.27	1	3	228	1	2	14	93	0
2.272	1	3	228	3	2	14	93	0
2.274	1	3	228	5	2	14	93	0
2.276	1	3	228	7	2	14	93	0
2.277	1	3	228	8	2	14	93	0
2.279	1	3	228	10	2	14	93	0
2.281	1	3	229	2	2	14	93	0
2.283	1	3	229	4	2	14	93	0
2.285	1	3	229	6	2	14	93	0
2.287	1	3	229	8	2	14	93	0
2.289	1	3	229	10	2	14	93	0
2.291	1	3	230	2	2	14	93	0
2.292	1	3	230	3	2	14	93	0
2.294	1	3	230	5	2	14	93	0
2.296	1	3	230	7	2	14	93	0
2.298	1	3	230	9	2	14	93	0
2.3	1	3	231	1	2	14	93	0
2.302	1	3	231	3	2	14	93	0
2.304	1	3	231	5	2	14	93	0
2.306	1	3	231	7	2	14	93	0
2.307	1	3	231	8	2	14	93	0
2.309	1	3	231	10	2	14	93	0
2.311	1	3	232	2	2	14	93	0
2.313	1	3	232	4	2	14	93	0
2.315	1	3	232	6	2	14	93	0
2.317	1	3	232	8	2	14	93	0
2.319	1	3	232	10	2	14	93	0
2.321	1	3	233	2	2	14	93	0
2.322	1	3	233	3	2	14	93	0
2.324	1	3	233	5	2	14	93	0
2.326	1	3	233	7	2	14	93	0
2.328	1	3	233	9	2	14	93	0
2.33	1	3	234	1	2	14	93	0
2.332	1	3	234	3	2	14	93	0
2.334	1	3	234	5	2	14	93	0
2.336	1	3	234	7	2	14	93	0
2.337	1	3	234	8	2	14	93	0
2.339	1	3	234	10	2	14	93	0
2.341	1	3	235	2	2	14	93	0
2.343	1	3	235	4	2	14	93	0
2.345	1	3	235	6	2	14	93	0
2.347	1	3	235	8	2	14	93	0
2.349	1	3	235	10	2	14	93	0
2.351	1	3	236	2	2	14	93	0
2.352	1	3	236	3	2	14	93	0
2.354	1	3	236	5	2	14	93	0
2.356	1	3	236	7	2	14	93	0
2.358	1	3	236	9	2	14	93	0
2.36	1	3	237	1	2	14	93	0
2.362	1	3	237	3	2	14	93	0
2.364	1	3	237	5	2	14	93	0
2.366	1	3	237	7	2	14	93	0
2.367	1	3	237	8	2	14	93	0
2.369	1	3	237	10	2	14	93	0
2.371	1	3	238	2	2	14	93	0
2.373	1	3	238	4	2	14	93	0
2.375	1	3	238	6	2	14	93	0
2.377	1	3	238	8	2	14	93	0
2.379	1	3	238	10	2	14	93	0
2.381	1	3	239	2	2	14	93	0
2.382	1	3	239	3	2	14	93	0
2.384	1	3	239	5	2	14	93	0
2.386	1	3	239	7	2	14	93	0
2.388	1	3	239	9	2	14	93	0
2.39	1	3	240	1	2	14	93	0
2.392	1	3	240	3	2	14	93	0
2.394	1	3	240	5	2	14	93	0
2.396	1	3	240	7	2	14	93	0
2.397	1	3	240	8	2	14	93	0
2.399	1	3	240	10	2	14	93	0
2.401	1	3	241	2	2	14	93	0
2.403	1	3	241	4	2	14	93	0
2.405	1	3	241	6	2	14	93	0
2.407	1	3	241	8	2	14	93	0
2.409	1	3	241	10	2	14	93	0
2.411	1	3	242	2	2	14	93	0
2.412	1	3	242	3	2	14	93	0
2.414	1	3	242	5	2	14	93	0
2.416	1	3	242	7	2	14	93	0
2.418	1	3	242	9	2	14	93	0
2.42	1	3	243	1	2	14	93	0
2.422	1	3	243	3	2	14	93	0
2.424	1	3	243	5	2	14	93	0
2.426	1	3	243	7	2	14	93	0
2.427	1	3	243	8	2	14	93	0
2.429	1	3	243	10	2	14	93	0
2.431	1	3	244	2	2	14	93	0
2.433	1	3	244	4	2	14	93	0
2.435	1	3	244	6	2	14	93	0
2.437	1	3	244	8	2	14	93	0
2.439	1	3	244	10	2	14	93	0
2.441	1	3	245	2	2	14	93	0
2.442	1	3	245	3	2	14	93	0
2.444	1	3	245	5	2	14	93	0
2.446	1	3	245	7	2	14	93	0
2.448	1	3	245	9	2	14	93	0
2.45	1	3	246	1	2	14	93	0
2.452	1	3	246	3	2	14	93	0
2.454	1	3	246	5	2	14	93	0
2.456	1	3	246	7	2	14	93	0
2.457	1	3	246	8	2	14	93	0
2.459	1	3	246	10	2	14	93	0
2.461	1	3	247	2	2	14	93	0
2.463	1	3	247	4	2	14	93	0
2.465	1	3	247	6	2	14	93	0
2.467	1	3	247	8	2	14	93	0
2.469	1	3	247	10	2	14	93	0
2.471	1	3	248	2	2	14	93	0
2.472	1	3	248	3	2	14	93	0
2.474	1	3	248	5	2	14	93	0
2.476	1	3	248	7	2	14	93	0
2.478	1	3	248	9	2	14	93	0
2.48	1	3	249	1	2	14	93	0
2.482	1	3	249	3	2	14	93	0
2.484	1	3	249	5	2	14	93	0
2.486	1	3	249	7	2	14	93	0
2.487	1	3	249	8	2	14	93	0
2.489	1	3	249	10	2	14	93	0
2.491	1	3	250	2	2	14	93	0
2.493	1	3	250	4	2	14	93	0
2.495	1	3	250	6	2	14	93	0
2.497	1	3	250	8	2	14	93	0
2.499	1	3	250	10	2	14	93	0
2.501	1	3	251	2	2	14	93	0
2.502	1	3	251	3	2	14	93	0
2.504	1	3	251	5	2	14	93	0
2.506	1	3	251	7	2	14	93	0
2.508	1	3	251	9	2	14	93	0
2.51	1	3	252	1	2	14	93	0
2.512	1	3	252	3	2	14	93	0
2.514	1	3	252	5	2	14	93	0
2.516	1	3	252	7	2	14	93	0
2.517	1	3	252	8	2	14	93	0
2.519	1	3	252	10	2	14	93	0
2.521	1	3	253	2	2	14	93	0
2.523	1	3	253	4	2	14	93	0
2.525	1	3	253	6	2	14	93	0
2.527	1	3	253	8	2	14	93	0
2.529	1	3	253	10	2	14	93	0
2.531	1	3	254	2	2	14	93	0
2.532	1	3	254	3	2	14	93	0
2.534	1	3	254	5	2	14	93	0
2.536	1	3	254	7	2	14	93	0
2.538	1	3	254	9	2	14	93	0
2.54	1	3	255	1	2	14	93	0
2.542	1	3	255	3	2	14	93	0
2.544	1	3	255	5	2	14	93	0
2.546	1	3	255	7	2	14	93	0
2.547	1	3	255	8	2	14	93	0
2.549	1	3	255	10	2	14	93	0
2.551	1	3	256	2	2	14	93	0
2.553	1	3	256	4	2	14	93	0
2.555	1	3	256	6	2	14	93	0
2.557	1	3	256	8	2	14	93	0
2.559	1	3	256	10	2	14	93	0
2.561	1	3	257	2	2	14	93	0
2.562	1	3	257	3	2	14	93	0
2.564	1	3	257	5	2	14	93	0
2.566	1	3	257	7	2	14	93	0
2.568	1	3	257	9	2	14	93	0
2.57	1	3	258	1	2	14	93	0
2.572	1	3	258	3	2	14	93	0
2.574	1	3	258	5	2	14	93	0
2.576	1	3	258	7	2	14	93	0
2.577	1	3	258	8	2	14	93	0
2.579	1	3	258	10	2	14	93	0
2.581	1	3	259	2	2	14	93	0
2.583	1	3	259	4	2	14	93	0
2.585	1	3	259	6	2	14	93	0
2.587	1	3	259	8	2	14	93	0
2.589	1	3	259	10	2	14	93	0
2.591	1	3	260	2	2	14	93	0
2.592	1	3	260	3	2	14	93	0
2.594	1	3	260	5	2	14	93	0
2.596	1	3	260	7	2	14	93	0
2.598	1	3	260	9	2	14	93	0
2.6	1	3	261	1	2	14	93	0
2.602	1	3	261	3	2	14	93	0
2.604	1	3	261	5	2	14	93	0
2.606	1	3	261	7	2	14	93	0
2.607	1	3	261	8	2	14	93	0
2.609	1	3	261	10	2	14	93	0
2.611	1	3	262	2	2	14	93	0
2.613	1	3	262	4	2	14	93	0
2.615	1	3	262	6	2	14	93	0
2.617	1	3	262	8	2	14	93	0
2.619	1	3	262	10	2	14	93	0
2.621	1	3	263	2	2	14	93	0
2.622	1	3	263	3	2	14	93	0
2.624	1	3	263	5	2	14	93	0
2.626	1	3	263	7	2	14	93	0
2.628	1	3	263	9	2	14	93	0
2.63	1	3	264	1	2	14	93	0
2.632	1	3	264	3	2	14	93	0
2.634	1	3	264	5	2	14	93	0
2.636	1	3	264	7	2	14	93	0
2.637	1	3	264	8	2	14	93	0
2.639	1	3	264	10	2	14	93	0
2.641	1	3	265	2	2	14	93	0
2.643	1	3	265	4	2	14	93	0
2.645	1	3	265	6	2	14	93	0
2.647	1	3	265	8	2	14	93	0
2.649	1	3	265	10	2	14	93	0
2.651	1	3	266	2	2	14	93	0
2.652	1	3	266	3	2	14	93	0
2.654	1	3	266	5	2	14	93	0
2.656	1	3	266	7	2	14	93	0
2.658	1	3	266	9	2	14	93	0
2.66	1	3	267	1	2	14	93	0
2.662	1	3	267	3	2	14	93	0
2.664	1	3	267	5	2	14	93	0
2.666	1	3	267	7	2	14	93	0
2.667	1	3	267	8	2	14	93	0
2.669	1	3	267	10	2	14	93	0
2.671	1	3	268	2	2	14	93	0
2.673	1	3	268	4	2	14	93	0
2.675	1	3	268	6	2	14	93	0
2.677	1	3	268	8	2	14	93	0
2.679	1	3	268	10	2	14	93	0
2.681	1	3	269	2	2	14	93	0
2.682	1	3	269	3	2	14	93	0
2.684	1	3	269	5	2	14	93	0
2.686	1	3	269	7	2	14	93	0
2.688	1	3	269	9	2	14	93	0
2.69	1	3	270	1	2	14	93	0
2.692	1	3	270	3	2	14	93	0
2.694	1	3	270	5	2	14	93	0
2.696	1	3	270	7	2	14	93	0
2.697	1	3	270	8	2	14	93	0
2.699	1	3	270	10	2	14	93	0
2.701	1	3	271	2	2	14	93	0
2.703	1	3	271	4	2	14	93	0
2.705	1	3	271	6	2	14	93	0
2.707	1	3	271	8	2	14	93	0
2.709	1	3	271	10	2	14	93	0
2.711	1	3	272	2	2	14	93	0
2.712	1	3	272	3	2	14	93	0
2.714	1	3	272	5	2	14	93	0
2.716	1	3	272	7	2	14	93	0
2.718	1	3	272	9	2	14	93	0
2.72	1	3	273	1	2	14	93	0
2.722	1	3	273	3	2	14	93	0
2.724	1	3	273	5	2	14	93	0
2.726	1	3	273	7	2	14	93	0
2.727	1	3	273	8	2	14	93	0
2.729	1	3	273	10	2	14	93	0
2.731	1	3	274	2	2	14	93	0
2.733	1	3	274	4	2	14	93	0
2.735	1	3	274	6	2	14	93	0
2.737	1	3	274	8	2	14	93	0
2.739	1	3	274	10	2	14	93	0
2.741	1	3	275	2	2	14	93	0
2.742	1	3	275	3	2	14	93	0
2.744	1	3	275	5	2	14	93	0
2.746	1	3	275	7	2	14	93	0
2.748	1	3	275	9	2	14	93	0
2.75	1	3	276	1	2	14	93	0
2.752	1	3	276	3	2	14	93	0
2.754	1	3	276	5	2	14	93	0
2.756	1	3	276	7	2	14	93	0
2.757	1	3	276	8	2	14	93	0
2.759	1	3	276	10	2	14	93	0
2.761	1	3	277	2	2	14	93	0
2.763	1	3	277	4	2	14	93	0
2.765	1	3	277	6	2	14	93	0
2.767	1	3	277	8	2	14	93	0
2.769	1	3	277	10	2	14	93	0
2.771	1	3	278	2	2	14	93	0
2.772	1	3	278	3	2	14	93	0
2.774	1	3	278	5	2	14	93	0
2.776	1	3	278	7	2	14	93	0
2.778	1	3	278	9	2	14	93	0
2.78	1	3	279	1	2	14	93	0
2.782	1	3	279	3	2	14	93	0
2.784	1	3	279	5	2	14	93	0
2.786	1	3	279	7	2	14	93	0
2.787	1	3	279	8	2	14	93	0
2.789	1	3	279	10	2	14	93	0
2.791	1	3	280	2	2	14	93	0
2.793	1	3	280	4	2	14	93	0
2.795	1	3	280	6	2	14	93	0
2.797	1	3	280	8	2	14	93	0
2.799	1	3	280	10	2	14	93	0
2.801	1	3	281	2	2	14	93	0
2.802	1	3	281	3	2	14	93	0
2.804	1	3	281	5	2	14	93	0
2.806	1	3	281	7	2	14	93	0
2.808	1	3	281	9	2	14	93	0
2.81	1	3	282	1	2	14	93	0
2.812	1	3	282	3	2	14	93	0
2.814	1	3	282	5	2	14	93	0
2.816	1	3	282	7	2	14	93	0
2.817	1	3	282	8	2	14	93	0
2.819	1	3	282	10	2	14	93	0
2.821	1	3	283	2	2	14	93	0
2.823	1	3	283	4	2	14	93	0
2.825	1	3	283	6	2	14	93	0
2.827	1	3	283	8	2	14	93	0
2.829	1	3	283	10	2	14	93	0
2.831	1	3	284	2	2	14	93	0
2.832	1	3	284	3	2	14	93	0
2.834	1	3	284	5	2	14	93	0
2.836	1	3	284	7	2	14	93	0
2.838	1	3	284	9	2	14	93	0
2.84	1	3	285	1	2	14	93	0
2.842	1	3	285	3	2	14	93	0
2.844	1	3	285	5	2	14	93	0
2.846	1	3	285	7	2	14	93	0
2.847	1	3	285	8	2	14	93	0
2.849	1	3	285	10	2	14	93	0
2.851	1	3	286	2	2	14	93	0
2.853	1	3	286	4	2	14	93	0
2.855	1	3	286	6	2	14	93	0
2.857	1	3	286	8	2	14	93	0
2.859	1	3	286	10	2	14	93	0
2.861	1	3	287	2	2	14	93	0
2.862	1	3	287	3	2	14	93	0
2.864	1	3	287	5	2	14	93	0
2.866	1	3	287	7	2	14	93	0
2.868	1	3	287	9	2	14	93	0
2.87	1	3	288	1	2	14	93	0
2.872	1	3	288	3	2	14	93	0
2.874	1	3	288	5	2	14	93	0
2.876	1	3	288	7	2	14	93	0
2.877	1	3	288	8	2	14	93	0
2.879	1	3	288	10	2	14	93	0
2.881	1	3	289	2	2	14	93	0
2.883	1	3	289	4	2	14	93	0
2.885	1	3	289	6	2	14	93	0
2.887	1	3	289	8	2	14	93	0
2.889	1	3	289	10	2	14	93	0
2.891	1	3	290	2	2	14	93	0
2.892	1	3	290	3	2	14	93	0
2.894	1	3	290	5	2	14	93	0
2.896	1	3	290	7	2	14	93	0
2.898	1	3	290	9	2	14	93	0
2.9	1	3	291	1	2	14	93	0
2.902	1	3	291	3	2	14	93	0
2.904	1	3	291	5	2	14	93	0
2.906	1	3	291	7	2	14	93	0
2.907	1	3	291	8	2	14	93	0
2.909	1	3	291	10	2	14	93	0
2.911	1	3	292	2	2	14	93	0
2.913	1	3	292	4	2	14	93	0
2.915	1	3	292	6	2	14	93	0
2.917	1	3	292	8	2	14	93	0
2.919	1	3	292	10	2	14	93	0
2.921	1	3	293	2	2	14	93	0
2.922	1	3	293	3	2	14	93	0
2.924	1	3	293	5	2	14	93	0
2.926	1	3	293	7	2	14	93	0
2.928	1	3	293	9	2	14	93	0
2.93	1	3	294	1	2	14	93	0
2.932	1	3	294	3	2	14	93	0
2.934	1	3	294	5	2	14	93	0
2.936	1	3	294	7	2	14	93	0
2.937	1	3	294	8	2	14	93	0
2.939	1	3	294	10	2	14	93	0
2.941	1	3	295	2	2	14	93	0
2.943	1	3	295	4	2	14	93	0
2.945	1	3	295	6	2	14	93	0
2.947	1	3	295	8	2	14	93	0
2.949	1	3	295	10	2	14	93	0
2.951	1	3	296	2	2	14	93	0
2.952	1	3	296	3	2	14	93	0
2.954	1	3	296	5	2	14	93	0
2.956	1	3	296	7	2	14	93	0
2.958	1	3	296	9	2	14	93	0
2.96	1	3	297	1	2	14	93	0
2.962	1	3	297	3	2	14	93	0
2.964	1	3	297	5	2	14	93	0
2.966	1	3	297	7	2	14	93	0
2.967	1	3	297	8	2	14	93	0
2.969	1	3	297	10	2	14	93	0
2.971	1	3	298	2	2	14	93	0
2.973	1	3	298	4	2	14	93	0
2.975	1	3	298	6	2	14	93	0
2.977	1	3	298	8	2	14	93	0
2.979	1	3	298	10	2	14	93	0
2.981	1	3	299	2	2	14	93	0
2.982	1	3	299	3	2	14	93	0
2.984	1	3	299	5	2	14	93	0
2.986	1	3	299	7	2	14	93	0
2.988	1	3	299	9	2	14	93	0
2.99	1	3	300	1	2	14	93	0
2.992	1	3	300	3	2	14	93	0
2.994	1	3	300	5	2	14	93	0
2.996	1	3	300	7	2	14	93	0
2.997	1	3	300	8	2	14	93	0
2.999	1	3	300	10	2	14	93	0
3.001	1	3	301	2	2	14	93	0
3.003	1	3	301	4	2	14	93	0
3.005	1	3	301	6	2	14	93	0
3.007	1	3	301	8	2	14	93	0
3.009	1	3	301	10	2	14	93	0
3.011	1	3	302	2	2	14	93	0
3.012	1	3	302	3	2	14	93	0
3.014	1	3	302	5	2	14	93	0
3.016	1	3	302	7	2	14	93	0
3.018	1	3	302	9	2	14	93	0
3.02	1	3	303	1	2	14	93	0
3.022	1	3	303	3	2	14	93	0
3.024	1	3	303	5	2	14	93	0
3.026	1	3	303	7	2	14	93	0
3.027	1	3	303	8	2	14	93	0
3.029	1	3	303	10	2	14	93	0
3.031	1	3	304	2	2	14	93	0
3.033	1	3	304	4	2	14	93	0
3.035	1	3	304	6	2	14	93	0
3.037	1	3	304	8	2	14	93	0
3.039	1	3	304	10	2	14	93	0
3.041	1	3	305	2	2	14	93	0
3.042	1	3	305	3	2	14	93	0
3.044	1	3	305	5	2	14	93	0
3.046	1	3	305	7	2	14	93	0
3.048	1	3	305	9	2	14	93	0
3.05	1	3	306	1	2	14	93	0
3.052	1	3	306	3	2	14	93	0
3.054	1	3	306	5	2	14	93	0
3.056	1	3	306	7	2	14	93	0
3.057	1	3	306	8	2	14	93	0
3.059	1	3	306	10	2	14	93	0
3.061	1	3	307	2	2	14	93	0
3.063	1	3	307	4	2	14	93	0
3.065	1	3	307	6	2	14	93	0
3.067	1	3	307	8	2	14	93	0
3.069	1	3	307	10	2	14	93	0
3.071	1	3	308	2	2	14	93	0
3.072	1	3	308	3	2	14	93	0
3.074	1	3	308	5	2	14	93	0
3.076	1	3	308	7	2	14	93	0
3.078	1	3	308	9	2	14	93	0
3.08	1	3	309	1	2	14	93	0
3.082	1	3	309	3	2	14	93	0
3.084	1	3	309	5	2	14	93	0
3.086	1	3	309	7	2	14	93	0
3.087	1	3	309	8	2	14	93	0
3.089	1	3	309	10	2	14	93	0
3.091	1	3	310	2	2	14	93	0
3.093	1	3	310	4	2	14	93	0
3.095	1	3	310	6	2	14	93	0
3.097	1	3	310	8	2	14	93	0
3.099	1	3	310	10	2	14	93	0
3.101	1	3	311	2	2	14	93	0
3.102	1	3	311	3	2	14	93	0
3.104	1	3	311	5	2	14	93	0
3.106	1	3	311	7	2	14	93	0
3.108	1	3	311	9	2	14	93	0
3.11	1	3	312	1	2	14	93	0
3.112	1	3	312	3	2	14	93	0
3.114	1	3	312	5	2	14	93	0
3.116	1	3	312	7	2	14	93	0
3.117	1	3	312	8	2	14	93	0
3.119	1	3	312	10	2	14	93	0
3.121	1	3	313	2	2	14	93	0
3.123	1	3	313	4	2	14	93	0
3.125	1	3	313	6	2	14	93	0
3.127	1	3	313	8	2	14	93	0
3.129	1	3	313	10	2	14	93	0
3.131	1	3	314	2	2	14	93	0
3.132	1	3	314	3	2	14	93	0
3.134	1	3	314	5	2	14	93	0
3.136	1	3	314	7	2	14	93	0
3.138	1	3	314	9	2	14	93	0
3.14	1	3	315	1	2	14	93	0
3.142	1	3	315	3	2	14	93	0
3.144	1	3	315	5	2	14	93	0
3.146	1	3	315	7	2	14	93	0
3.147	1	3	315	8	2	14	93	0
3.149	1	3	315	10	2	14	93	0
3.151	1	3	316	2	2	14	93	0
3.153	1	3	316	4	2	14	93	0
3.155	1	3	316	6	2	14	93	0
3.157	1	3	316	8	2	14	93	0
3.159	1	3	316	10	2	14	93	0
3.161	1	3	317	2	2	14	93	0
3.162	1	3	317	3	2	14	93	0
3.164	1	3	317	5	2	14	93	0
3.166	1	3	317	7	2	14	93	0
3.168	1	3	317	9	2	14	93	0
3.17	1	3	318	1	2	14	93	0
3.172	1	3	318	3	2	14	93	0
3.174	1	3	318	5	2	14	93	0
3.176	1	3	318	7	2	14	93	0
3.177	1	3	318	8	2	14	93	0
3.179	1	3	318	10	2	14	93	0
3.181	1	3	319	2	2	14	93	0
3.183	1	3	319	4	2	14	93	0
3.185	1	3	319	6	2	14	93	0
3.187	1	3	319	8	2	14	93	0
3.189	1	3	319	10	2	14	93	0
3.191	1	3	320	2	2	14	93	0
3.192	1	3	320	3	2	14	93	0
3.194	1	3	320	5	2	14	93	0
3.196	1	3	320	7	2	14	93	0
3.198	1	3	320	9	2	14	93	0
3.2	1	3	321	1	2	14	93	0
3.202	1	3	321	3	2	14	93	0
3.204	1	3	321	5	2	14	93	0
3.206	1	3	321	7	2	14	93	0
3.207	1	3	321	8	2	14	93	0
3.209	1	3	321	10	2	14	93	0
3.211	1	3	322	2	2	14	93	0
3.213	1	3	322	4	2	14	93	0
3.215	1	3	322	6	2	14	93	0
3.217	1	3	322	8	2	14	93	0
3.219	1	3	322	10	2	14	93	0
3.221	1	3	323	2	2	14	93	0
3.222	1	3	323	3	2	14	93	0
3.224	1	3	323	5	2	14	93	0
3.226	1	3	323	7	2	14	93	0
3.228	1	3	323	9	2	14	93	0
3.23	1	3	324	1	2	14	93	0
3.232	1	3	324	3	2	14	93	0
3.234	1	3	324	5	2	14	93	0
3.236	1	3	324	7	2	14	93	0
3.237	1	3	324	8	2	14	93	0
3.239	1	3	324	10	2	14	93	0
3.241	1	3	325	2	2	14	93	0
3.243	1	3	325	4	2	14	93	0
3.245	1	3	325	6	2	14	93	0
3.247	1	3	325	8	2	14	93	0
3.249	1	3	325	10	2	14	93	0
3.251	1	3	326	2	2	14	93	0
3.252	1	3	326	3	2	14	93	0
3.254	1	3	326	5	2	14	93	0
3.256	1	3	326	7	2	14	93	0
3.258	1	3	326	9	2	14	93	0
3.26	1	3	327	1	2	14	93	0
3.262	1	3	327	3	2	14	93	0
3.264	1	3	327	5	2	14	93	0
3.266	1	3	327	7	2	14	93	0
3.267	1	3	327	8	2	14	93	0
3.269	1	3	327	10	2	14	93	0
3.271	1	3	328	2	2	14	93	0
3.273	1	3	328	4	2	14	93	0
3.275	1	3	328	6	2	14	93	0
3.277	1	3	328	8	2	14	93	0
3.279	1	3	328	10	2	14	93	0
3.281	1	3	329	2	2	14	93	0
3.282	1	3	329	3	2	14	93	0
3.284	1	3	329	5	2	14	93	0
3.286	1	3	329	7	2	14	93	0
3.288	1	3	329	9	2	14	93	0
3.29	1	3	330	1	2	14	93	0
3.292	1	3	330	3	2	14	93	0
3.294	1	3	330	5	2	14	93	0
3.296	1	3	330	7	2	14	93	0
3.297	1	3	330	8	2	14	93	0
3.299	1	3	330	10	2	14	93	0
3.301	1	3	331	2	2	14	93	0
3.303	1	3	331	4	2	14	93	0
3.305	1	3	331	6	2	14	93	0
3.307	1	3	331	8	2	14	93	0
3.309	1	3	331	10	2	14	93	0
3.311	1	3	332	2	2	14	93	0
3.312	1	3	332	3	2	14	93	0
3.314	1	3	332	5	2	14	93	0
3.316	1	3	332	7	2	14	93	0
3.318	1	3	332	9	2	14	93	0
3.32	1	3	333	1	2	14	93	0
3.322	1	3	333	3	2	14	93	0
3.324	1	3	333	5	2	14	93	0
3.326	1	3	333	7	2	14	93	0
3.327	1	3	333	8	2	14	93	0
3.329	1	3	333	10	2	14	93	0
3.331	1	3	334	2	2	14	93	0
3.333	1	3	334	4	2	14	93	0
3.335	1	3	334	6	2	14	93	0
3.337	1	3	334	8	2	14	93	0
3.339	1	3	334	10	2	14	93	0
3.341	1	3	335	2	2	14	93	0
3.342	1	3	335	3	2	14	93	0
3.344	1	3	335	5	2	14	93	0
3.346	1	3	335	7	2	14	93	0
3.348	1	3	335	9	2	14	93	0
3.35	1	3	336	1	2	14	93	0
3.352	1	3	336	3	2	14	93	0
3.354	1	3	336	5	2	14	93	0
3.356	1	3	336	7	2	14	93	0
3.357	1	3	336	8	2	14	93	0
3.359	1	3	336	10	2	14	93	0
3.361	1	3	337	2	2	14	93	0
3.363	1	3	337	4	2	14	93	0
3.365	1	3	337	6	2	14	93	0
3.367	1	3	337	8	2	14	93	0
3.369	1	3	337	10	2	14	93	0
3.371	1	3	338	2	2	14	93	0
3.372	1	3	338	3	2	14	93	0
3.374	1	3	338	5	2	14	93	0
3.376	1	3	338	7	2	14	93	0
3.378	1	3	338	9	2	14	93	0
3.38	1	3	339	1	2	14	93	0
3.382	1	3	339	3	2	14	93	0
3.384	1	3	339	5	2	14	93	0
3.386	1	3	339	7	2	14	93	0
3.387	1	3	339	8	2	14	93	0
3.389	1	3	339	10	2	14	93	0
3.391	1	3	340	2	2	14	93	0
3.393	1	3	340	4	2	14	93	0
3.395	1	3	340	6	2	14	93	0
3.397	1	3	340	8	2	14	93	0
3.399	1	3	340	10	2	14	93	0
3.401	1	3	341	2	2	14	93	0
3.402	1	3	341	3	2	14	93	0
3.404	1	3	341	5	2	14	93	0
3.406	1	3	341	7	2	14	93	0
3.408	1	3	341	9	2	14	93	0
3.41	1	3	342	1	2	14	93	0
3.412	1	3	342	3	2	14	93	0
3.414	1	3	342	5	2	14	93	0
3.416	1	3	342	7	2	14	93	0
3.417	1	3	342	8	2	14	93	0
3.419	1	3	342	10	2	14	93	0
3.421	1	3	343	2	2	14	93	0
3.423	1	3	343	4	2	14	93	0
3.425	1	3	343	6	2	14	93	0
3.427	1	3	343	8	2	14	93	0
3.429	1	3	343	10	2	14	93	0
3.431	1	3	344	2	2	14	93	0
3.432	1	3	344	3	2	14	93	0
3.434	1	3	344	5	2	14	93	0
3.436	1	3	344	7	2	14	93	0
3.438	1	3	344	9	2	14	93	0
3.44	1	3	345	1	2	14	93	0
3.442	1	3	345	3	2	14	93	0
3.444	1	3	345	5	2	14	93	0
3.446	1	3	345	7	2	14	93	0
3.447	1	3	345	8	2	14	93	0
3.449	1	3	345	10	2	14	93	0
3.451	1	3	346	2	2	14	93	0
3.453	1	3	346	4	2	14	93	0
3.455	1	3	346	6	2	14	93	0
3.457	1	3	346	8	2	14	93	0
3.459	1	3	346	10	2	14	93	0
3.461	1	3	347	2	2	14	93	0
3.462	1	3	347	3	2	14	93	0
3.464	1	3	347	5	2	14	93	0
3.466	1	3	347	7	2	14	93	0
3.468	1	3	347	9	2	14	93	0
3.47	1	3	348	1	2	14	93	0
3.472	1	3	348	3	2	14	93	0
3.474	1	3	348	5	2	14	93	0
3.476	1	3	348	7	2	14	93	0
3.477	1	3	348	8	2	14	93	0
3.479	1	3	348	10	2	14	93	0
3.481	1	3	349	2	2	14	93	0
3.483	1	3	349	4	2	14	93	0
3.485	1	3	349	6	2	14	93	0
3.487	1	3	349	8	2	14	93	0
3.489	1	3	349	10	2	14	93	0
3.491	1	3	350	2	2	14	93	0
3.492	1	3	350	3	2	14	93	0
3.494	1	3	350	5	2	14	93	0
3.496	1	3	350	7	2	14	93	0
3.498	1	3	350	9	2	14	93	0
3.5	1	3	351	1	2	14	93	0
3.502	1	3	351	3	2	14	93	0
3.504	1	3	351	5	2	14	93	0
3.506	1	3	351	7	2	14	93	0
3.507	1	3	351	8	2	14	93	0
3.509	1	3	351	10	2	14	93	0
3.511	1	3	352	2	2	14	93	0
3.513	1	3	352	4	2	14	93	0
3.515	1	3	352	6	2	14	93	0
3.517	1	3	352	8	2	14	93	0
3.519	1	3	352	10	2	14	93	0
3.521	1	3	353	2	2	14	93	0
3.522	1	3	353	3	2	14	93	0
3.524	1	3	353	5	2	14	93	0
3.526	1	3	353	7	2	14	93	0
3.528	1	3	353	9	2	14	93	0
3.53	1	3	354	1	2	14	93	0
3.532	1	3	354	3	2	14	93	0
3.534	1	3	354	5	2	14	93	0
3.536	1	3	354	7	2	14	93	0
3.537	1	3	354	8	2	14	93	0
3.539	1	3	354	10	2	14	93	0
3.541	1	3	355	2	2	14	93	0
3.543	1	3	355	4	2	14	93	0
3.545	1	3	355	6	2	14	93	0
3.547	1	3	355	8	2	14	93	0
3.549	1	3	355	10	2	14	93	0
3.551	1	3	356	2	2	14	93	0
3.552	1	3	356	3	2	14	93	0
3.554	1	3	356	5	2	14	93	0
3.556	1	3	356	7	2	14	93	0
3.558	1	3	356	9	2	14	93	0
3.56	1	3	357	1	2	14	93	0
3.562	1	3	357	3	2	14	93	0
3.564	1	3	357	5	2	14	93	0
3.566	1	3	357	7	2	14	93	0
3.567	1	3	357	8	2	14	93	0
3.569	1	3	357	10	2	14	93	0
3.571	1	3	358	2	2	14	93	0
3.573	1	3	358	4	2	14	93	0
3.575	1	3	358	6	2	14	93	0
3.577	1	3	358	8	2	14	93	0
3.579	1	3	358	10	2	14	93	0
3.581	1	3	359	2	2	14	93	0
3.582	1	3	359	3	2	14	93	0
3.584	1	3	359	5	2	14	93	0
3.586	1	3	359	7	2	14	93	0
3.588	1	3	359	9	2	14	93	0
3.59	1	3	360	1	2	14	93	0
3.592	1	3	360	3	2	14	93	0
3.594	1	3	360	5	2	14	93	0
3.596	1	3	360	7	2	14	93	0
3.597	1	3	360	8	2	14	93	0
3.599	1	3	360	10	2	14	93	0
3.601	1	3	361	2	2	14	93	0
3.603	1	3	361	4	2	14	93	0
3.605	1	3	361	6	2	14	93	0
3.607	1	3	361	8	2	14	93	0
3.609	1	3	361	10	2	14	93	0
3.611	1	3	362	2	2	14	93	0
3.612	1	3	362	3	2	14	93	0
3.614	1	3	362	5	2	14	93	0
3.616	1	3	362	7	2	14	93	0
3.618	1	3	362	9	2	14	93	0
3.62	1	3	363	1	2	14	93	0
3.622	1	3	363	3	2	14	93	0
3.624	1	3	363	5	2	14	93	0
3.626	1	3	363	7	2	14	93	0
3.627	1	3	363	8	2	14	93	0
3.629	1	3	363	10	2	14	93	0
3.631	1	3	364	2	2	14	93	0
3.633	1	3	364	4	2	14	93	0
3.635	1	3	364	6	2	14	93	0
3.637	1	3	364	8	2	14	93	0
3.639	1	3	364	10	2	14	93	0
3.641	1	3	365	2	2	14	93	0
3.642	1	3	365	3	2	14	93	0
3.644	1	3	365	5	2	14	93	0
3.646	1	3	365	7	2	14	93	0
3.648	1	3	365	9	2	14	93	0
3.65	1	3	366	1	2	14	93	0
3.652	1	3	366	3	2	14	93	0
3.654	1	3	366	5	2	14	93	0
3.656	1	3	366	7	2	14	93	0
3.657	1	3	366	8	2	14	93	0
3.659	1	3	366	10	2	14	93	0
3.661	1	3	367	2	2	14	93	0
3.663	1	3	367	4	2	14	93	0
3.665	1	3	367	6	2	14	93	0
3.667	1	3	367	8	2	14	93	0
3.669	1	3	367	10	2	14	93	0
3.671	1	3	368	2	2	14	93	0
3.672	1	3	368	3	2	14	93	0
3.674	1	3	368	5	2	14	93	0
3.676	1	3	368	7	2	14	93	0
3.678	1	3	368	9	2	14	93	0
3.68	1	3	369	1	2	14	93	0
3.682	1	3	369	3	2	14	93	0
3.684	1	3	369	5	2	14	93	0
3.686	1	3	369	7	2	14	93	0
3.687	1	3	369	8	2	14	93	0
3.689	1	3	369	10	2	14	93	0
3.691	1	3	370	2	2	14	93	0
3.693	1	3	370	4	2	14	93	0
3.695	1	3	370	6	2	14	93	0
3.697	1	3	370	8	2	14	93	0
3.699	1	3	370	10	2	14	93	0
3.701	1	3	371	2	2	14	93	0
3.702	1	3	371	3	2	14	93	0
3.704	1	3	371	5	2	14	93	0
3.706	1	3	371	7	2	14	93	0
3.708	1	3	371	9	2	14	93	0
3.71	1	3	372	1	2	14	93	0
3.712	1	3	372	3	2	14	93	0
3.714	1	3	372	5	2	14	93	0
3.716	1	3	372	7	2	14	93	0
3.717	1	3	372	8	2	14	93	0
3.719	1	3	372	10	2	14	93	0
3.721	1	3	373	2	2	14	93	0
3.723	1	3	373	4	2	14	93	0
3.725	1	3	373	6	2	14	93	0
3.727	1	3	373	8	2	14	93	0
3.729	1	3	373	10	2	14	93	0
3.731	1	3	374	2	2	14	93	0
3.732	1	3	374	3	2	14	93	0
3.734	1	3	374	5	2	14	93	0
3.736	1	3	374	7	2	14	93	0
3.738	1	3	374	9	2	14	93	0
3.74	1	3	375	1	2	14	93	0
3.742	1	3	375	3	2	14	93	0
3.744	1	3	375	5	2	14	93	0
3.746	1	3	375	7	2	14	93	0
3.747	1	3	375	8	2	14	93	0
3.749	1	3	375	10	2	14	93	0
3.751	1	3	376	2	2	14	93	0
3.753	1	3	376	4	2	14	93	0
3.755	1	3	376	6	2	14	93	0
3.757	1	3	376	8	2	14	93	0
3.759	1	3	376	10	2	14	93	0
3.761	1	3	377	2	2	14	93	0
3.762	1	3	377	3	2	14	93	0
3.764	1	3	377	5	2	14	93	0
3.766	1	3	377	7	2	14	93	0
3.768	1	3	377	9	2	14	93	0
3.77	1	3	378	1	2	14	93	0
3.772	1	3	378	3	2	14	93	0
3.774	1	3	378	5	2	14	93	0
3.776	1	3	378	7	2	14	93	0
3.777	1	3	378	8	2	14	93	0
3.779	1	3	378	10	2	14	93	0
3.781	1	3	379	2	2	14	93	0
3.783	1	3	379	4	2	14	93	0
3.785	1	3	379	6	2	14	93	0
3.787	1	3	379	8	2	14	93	0
3.789	1	3	379	10	2	14	93	0
3.791	1	3	380	2	2	14	93	0
3.792	1	3	380	3	2	14	93	0
3.794	1	3	380	5	2	14	93	0
3.796	1	3	380	7	2	14	93	0
3.798	1	3	380	9	2	14	93	0
3.8	1	3	381	1	2	14	93	0
3.802	1	3	381	3	2	14	93	0
3.804	1	3	381	5	2	14	93	0
3.806	1	3	381	7	2	14	93	0
3.807	1	3	381	8	2	14	93	0
3.809	1	3	381	10	2	14	93	0
3.811	1	3	382	2	2	14	93	0
3.813	1	3	382	4	2	14	93	0
3.815	1	3	382	6	2	14	93	0
3.817	1	3	382	8	2	14	93	0
3.819	1	3	382	10	2	14	93	0
3.821	1	3	383	2	2	14	93	0
3.822	1	3	383	3	2	14	93	0
3.824	1	3	383	5	2	14	93	0
3.826	1	3	383	7	2	14	93	0
3.828	1	3	383	9	2	14	93	0
3.83	1	3	384	1	2	14	93	0
3.832	1	3	384	3	2	14	93	0
3.834	1	3	384	5	2	14	93	0
3.836	1	3	384	7	2	14	93	0
3.837	1	3	384	8	2	14	93	0
3.839	1	3	384	10	2	14	93	0
3.841	1	3	385	2	2	14	93	0
3.843	1	3	385	4	2	14	93	0
3.845	1	3	385	6	2	14	93	0
3.847	1	3	385	8	2	14	93	0
3.849	1	3	385	10	2	14	93	0
3.851	1	3	386	2	2	14	93	0
3.852	1	3	386	3	2	14	93	0
3.854	1	3	386	5	2	14	93	0
3.856	1	3	386	7	2	14	93	0
3.858	1	3	386	9	2	14	93	0
3.86	1	3	387	1	2	14	93	0
3.862	1	3	387	3	2	14	93	0
3.864	1	3	387	5	2	14	93	0
3.866	1	3	387	7	2	14	93	0
3.867	1	3	387	8	2	14	93	0
3.869	1	3	387	10	2	14	93	0
3.871	1	3	388	2	2	14	93	0
3.873	1	3	388	4	2	14	93	0
3.875	1	3	388	6	2	14	93	0
3.877	1	3	388	8	2	14	93	0
3.879	1	3	388	10	2	14	93	0
3.881	1	3	389	2	2	14	93	0
3.882	1	3	389	3	2	14	93	0
3.884	1	3	389	5	2	14	93	0
3.886	1	3	389	7	2	14	93	0
3.888	1	3	389	9	2	14	93	0
3.89	1	3	390	1	2	14	93	0
3.892	1	3	390	3	2	14	93	0
3.894	1	3	390	5	2	14	93	0
3.896	1	3	390	7	2	14	93	0
3.897	1	3	390	8	2	14	93	0
3.899	1	3	390	10	2	14	93	0
3.901	1	3	391	2	2	14	93	0
3.903	1	3	391	4	2	14	93	0
3.905	1	3	391	6	2	14	93	0
3.907	1	3	391	8	2	14	93	0
3.909	1	3	391	10	2	14	93	0
3.911	1	3	392	2	2	14	93	0
3.912	1	3	392	3	2	14	93	0
3.914	1	3	392	5	2	14	93	0
3.916	1	3	392	7	2	14	93	0
3.918	1	3	392	9	2	14	93	0
3.92	1	3	393	1	2	14	93	0
3.922	1	3	393	3	2	14	93	0
3.924	1	3	393	5	2	14	93	0
3.926	1	3	393	7	2	14	93	0
3.927	1	3	393	8	2	14	93	0
3.929	1	3	393	10	2	14	93	0
3.931	1	3	394	2	2	14	93	0
3.933	1	3	394	4	2	14	93	0
3.935	1	3	394	6	2	14	93	0
3.937	1	3	394	8	2	14	93	0
3.939	1	3	394	10	2	14	93	0
3.941	1	3	395	2	2	14	93	0
3.942	1	3	395	3	2	14	93	0
3.944	1	3	395	5	2	14	93	0
3.946	1	3	395	7	2	14	93	0
3.948	1	3	395	9	2	14	93	0
3.95	1	3	396	1	2	14	93	0
3.952	1	3	396	3	2	14	93	0
3.954	1	3	396	5	2	14	93	0
3.956	1	3	396	7	2	14	93	0
3.957	1	3	396	8	2	14	93	0
3.959	1	3	396	10	2	14	93	0
3.961	1	3	397	2	2	14	93	0
3.963	1	3	397	4	2	14	93	0
3.965	1	3	397	6	2	14	93	0
3.967	1	3	397	8	2	14	93	0
3.969	1	3	397	10	2	14	93	0
3.971	1	3	398	2	2	14	93	0
3.972	1	3	398	3	2	14	93	0
3.974	1	3	398	5	2	14	93	0
3.976	1	3	398	7	2	14	93	0
3.978	1	3	398	9	2	14	93	0
3.98	1	3	399	1	2	14	93	0
3.982	1	3	399	3	2	14	93	0
3.984	1	3	399	5	2	14	93	0
3.986	1	3	399	7	2	14	93	0
3.987	1	3	399	8	2	14	93	0
3.989	1	3	399	10	2	14	93	0
3.991	1	3	400	2	2	14	93	0
3.993	1	3	400	4	2	14	93	0
3.995	1	3	400	6	2	14	93	0
3.997	1	3	400	8	2	14	93	0
3.999	1	3	400	10	2	14	93	0
4.001	1	3	401	2	2	14	93	0
4.002	1	3	401	3	2	14	93	0
4.004	1	3	401	5	2	14	93	0
4.006	1	3	401	7	2	14	93	0
4.008	1	3	401	9	2	14	93	0
4.01	1	3	402	1	2	14	93	0
4.012	1	3	402	3	2	14	93	0
4.014	1	3	402	5	2	14	93	0
4.016	1	3	402	7	2	14	93	0
4.017	1	3	402	8	2	14	93	0
4.019	1	3	402	10	2	14	93	0
4.021	1	3	403	2	2	14	93	0
4.023	1	3	403	4	2	14	93	0
4.025	1	3	403	6	2	14	93	0
4.027	1	3	403	8	2	14	93	0
4.029	1	3	403	10	2	14	93	0
4.031	1	3	404	2	2	14	93	0
4.032	1	3	404	3	2	14	93	0
4.034	1	3	404	5	2	14	93	0
4.036	1	3	404	7	2	14	93	0
4.038	1	3	404	9	2	14	93	0
4.04	1	3	405	1	2	14	93	0
4.042	1	3	405	3	2	14	93	0
4.044	1	3	405	5	2	14	93	0
4.046	1	3	405	7	2	14	93	0
4.047	1	3	405	8	2	14	93	0
4.049	1	3	405	10	2	14	93	0
4.051	1	3	406	2	2	14	93	0
4.053	1	3	406	4	2	14	93	0
4.055	1	3	406	6	2	14	93	0
4.057	1	3	406	8	2	14	93	0
4.059	1	3	406	10	2	14	93	0
4.061	1	3	407	2	2	14	93	0
4.062	1	3	407	3	2	14	93	0
4.064	1	3	407	5	2	14	93	0
4.066	1	3	407	7	2	14	93	0
4.068	1	3	407	9	2	14	93	0
4.07	1	3	408	1	2	14	93	0
4.072	1	3	408	3	2	14	93	0
4.074	1	3	408	5	2	14	93	0
4.076	1	3	408	7	2	14	93	0
4.077	1	3	408	8	2	14	93	0
4.079	1	3	408	10	2	14	93	0
4.081	1	3	409	2	2	14	93	0
4.083	1	3	409	4	2	14	93	0
4.085	1	3	409	6	2	14	93	0
4.087	1	3	409	8	2	14	93	0
4.089	1	3	409	10	2	14	93	0
4.091	1	3	410	2	2	14	93	0
4.092	1	3	410	3	2	14	93	0
4.094	1	3	410	5	2	14	93	0
4.096	1	3	410	7	2	14	93	0
4.098	1	3	410	9	2	14	93	0
4.1	1	3	411	1	2	14	93	0
4.102	1	3	411	3	2	14	93	0
4.104	1	3	411	5	2	14	93	0
4.106	1	3	411	7	2	14	93	0
4.107	1	3	411	8	2	14	93	0
4.109	1	3	411	10	2	14	93	0
4.111	1	3	412	2	2	14	93	0
4.113	1	3	412	4	2	14	93	0
4.115	1	3	412	6	2	14	93	0
4.117	1	3	412	8	2	14	93	0
4.119	1	3	412	10	2	14	93	0
4.121	1	3	413	2	2	14	93	0
4.122	1	3	413	3	2	14	93	0
4.124	1	3	413	5	2	14	93	0
4.126	1	3	413	7	2	14	93	0
4.128	1	3	413	9	2	14	93	0
4.13	1	3	414	1	2	14	93	0
4.132	1	3	414	3	2	14	93	0
4.134	1	3	414	5	2	14	93	0
4.136	1	3	414	7	2	14	93	0
4.137	1	3	414	8	2	14	93	0
4.139	1	3	414	10	2	14	93	0
4.141	1	3	415	2	2	14	93	0
4.143	1	3	415	4	2	14	93	0
4.145	1	3	415	6	2	14	93	0
4.147	1	3	415	8	2	14	93	0
4.149	1	3	415	10	2	14	93	0
4.151	1	3	416	2	2	14	93	0
4.152	1	3	416	3	2	14	93	0
4.154	1	3	416	5	2	14	93	0
4.156	1	3	416	7	2	14	93	0
4.158	1	3	416	9	2	14	93	0
4.16	1	3	417	1	2	14	93	0
4.162	1	3	417	3	2	14	93	0
4.164	1	3	417	5	2	14	93	0
4.166	1	3	417	7	2	14	93	0
4.167	1	3	417	8	2	14	93	0
4.169	1	3	417	10	2	14	93	0
4.171	1	3	418	2	2	14	93	0
4.173	1	3	418	4	2	14	93	0
4.175	1	3	418	6	2	14	93	0
4.177	1	3	418	8	2	14	93	0
4.179	1	3	418	10	2	14	93	0
4.181	1	3	419	2	2	14	93	0
4.182	1	3	419	3	2	14	93	0
4.184	1	3	419	5	2	14	93	0
4.186	1	3	419	7	2	14	93	0
4.188	1	3	419	9	2	14	93	0
4.19	1	3	420	1	2	14	93	0
4.192	1	3	420	3	2	14	93	0
4.194	1	3	420	5	2	14	93	0
4.196	1	3	420	7	2	14	93	0
4.197	1	3	420	8	2	14	93	0
4.199	1	3	420	10	2	14	93	0
4.201	1	3	421	2	2	14	93	0
4.203	1	3	421	4	2	14	93	0
4.205	1	3	421	6	2	14	93	0
4.207	1	3	421	8	2	14	93	0
4.209	1	3	421	10	2	14	93	0
4.211	1	3	422	2	2	14	93	0
4.212	1	3	422	3	2	14	93	0
4.214	1	3	422	5	2	14	93	0
4.216	1	3	422	7	2	14	93	0
4.218	1	3	422	9	2	14	93	0
4.22	1	3	423	1	2	14	93	0
4.222	1	3	423	3	2	14	93	0
4.224	1	3	423	5	2	14	93	0
4.226	1	3	423	7	2	14	93	0
4.227	1	3	423	8	2	14	93	0
4.229	1	3	423	10	2	14	93	0
4.231	1	3	424	2	2	14	93	0
4.233	1	3	424	4	2	14	93	0
4.235	1	3	424	6	2	14	93	0
4.237	1	3	424	8	2	14	93	0
4.239	1	3	424	10	2	14	93	0
4.241	1	3	425	2	2	14	93	0
4.242	1	3	425	3	2	14	93	0
4.244	1	3	425	5	2	14	93	0
4.246	1	3	425	7	2	14	93	0
4.248	1	3	425	9	2	14	93	0
4.25	1	3	426	1	2	14	93	0
4.252	1	3	426	3	2	14	93	0
4.254	1	3	426	5	2	14	93	0
4.256	1	3	426	7	2	14	93	0
4.257	1	3	426	8	2	14	93	0
4.259	1	3	426	10	2	14	93	0
4.261	1	3	427	2	2	14	93	0
4.263	1	3	427	4	2	14	93	0
4.265	1	3	427	6	2	14	93	0
4.267	1	3	427	8	2	14	93	0
4.269	1	3	427	10	2	14	93	0
4.271	1	3	428	2	2	14	93	0
4.272	1	3	428	3	2	14	93	0
4.274	1	3	428	5	2	14	93	0
4.276	1	3	428	7	2	14	93	0
4.278	1	3	428	9	2	14	93	0
4.28	1	3	429	1	2	14	93	0
4.282	1	3	429	3	2	14	93	0
4.284	1	3	429	5	2	14	93	0
4.286	1	3	429	7	2	14	93	0
4.287	1	3	429	8	2	14	93	0
4.289	1	3	429	10	2	14	93	0
4.291	1	3	430	2	2	14	93	0
4.293	1	3	430	4	2	14	93	0
4.295	1	3	430	6	2	14	93	0
4.297	1	3	430	8	2	14	93	0
4.299	1	3	430	10	2	14	93	0
4.301	1	3	431	2	2	14	93	0
4.302	1	3	431	3	2	14	93	0
4.304	1	3	431	5	2	14	93	0
4.306	1	3	431	7	2	14	93	0
4.308	1	3	431	9	2	14	93	0
4.31	1	3	432	1	2	14	93	0
4.312	1	3	432	3	2	14	93	0
4.314	1	3	432	5	2	14	93	0
4.316	1	3	432	7	2	14	93	0
4.317	1	3	432	8	2	14	93	0
4.319	1	3	432	10	2	14	93	0
4.321	1	3	433	2	2	14	93	0
4.323	1	3	433	4	2	14	93	0
4.325	1	3	433	6	2	14	93	0
4.327	1	3	433	8	2	14	93	0
4.329	1	3	433	10	2	14	93	0
4.331	1	3	434	2	2	14	93	0
4.332	1	3	434	3	2	14	93	0
4.334	1	3	434	5	2	14	93	0
4.336	1	3	434	7	2	14	93	0
4.338	1	3	434	9	2	14	93	0
4.34	1	3	435	1	2	14	93	0
4.342	1	3	435	3	2	14	93	0
4.344	1	3	435	5	2	14	93	0
4.346	1	3	435	7	2	14	93	0
4.347	1	3	435	8	2	14	93	0
4.349	1	3	435	10	2	14	93	0
4.351	1	3	436	2	2	14	93	0
4.353	1	3	436	4	2	14	93	0
4.355	1	3	436	6	2	14	93	0
4.357	1	3	436	8	2	14	93	0
4.359	1	3	436	10	2	14	93	0
4.361	1	3	437	2	2	14	93	0
4.362	1	3	437	3	2	14	93	0
4.364	1	3	437	5	2	14	93	0
4.366	1	3	437	7	2	14	93	0
4.368	1	3	437	9	2	14	93	0
4.37	1	3	438	1	2	14	93	0
4.372	1	3	438	3	2	14	93	0
4.374	1	3	438	5	2	14	93	0
4.376	1	3	438	7	2	14	93	0
4.377	1	3	438	8	2	14	93	0
4.379	1	3	438	10	2	14	93	0
4.381	1	3	439	2	2	14	93	0
4.383	1	3	439	4	2	14	93	0
4.385	1	3	439	6	2	14	93	0
4.387	1	3	439	8	2	14	93	0
4.389	1	3	439	10	2	14	93	0
4.391	1	3	440	2	2	14	93	0
4.392	1	3	440	3	2	14	93	0
4.394	1	3	440	5	2	14	93	0
4.396	1	3	440	7	2	14	93	0
4.398	1	3	440	9	2	14	93	0
4.4	1	3	441	1	2	14	93	0
4.402	1	3	441	3	2	14	93	0
4.404	1	3	441	5	2	14	93	0
4.406	1	3	441	7	2	14	93	0
4.407	1	3	441	8	2	14	93	0
4.409	1	3	441	10	2	14	93	0
4.411	1	3	442	2	2	14	93	0
4.413	1	3	442	4	2	14	93	0
4.415	1	3	442	6	2	14	93	0
4.417	1	3	442	8	2	14	93	0
4.419	1	3	442	10	2	14	93	0
4.421	1	3	443	2	2	14	93	0
4.422	1	3	443	3	2	14	93	0
4.424	1	3	443	5	2	14	93	0
4.426	1	3	443	7	2	14	93	0
4.428	1	3	443	9	2	14	93	0
4.43	1	3	444	1	2	14	93	0
4.432	1	3	444	3	2	14	93	0
4.434	1	3	444	5	2	14	93	0
4.436	1	3	444	7	2	14	93	0
4.437	1	3	444	8	2	14	93	0
4.439	1	3	444	10	2	14	93	0
4.441	1	3	445	2	2	14	93	0
4.443	1	3	445	4	2	14	93	0
4.445	1	3	445	6	2	14	93	0
4.447	1	3	445	8	2	14	93	0
4.449	1	3	445	10	2	14	93	0
4.451	1	3	446	2	2	14	93	0
4.452	1	3	446	3	2	14	93	0
4.454	1	3	446	5	2	14	93	0
4.456	1	3	446	7	2	14	93	0
4.458	1	3	446	9	2	14	93	0
4.46	1	3	447	1	2	14	93	0
4.462	1	3	447	3	2	14	93	0
4.464	1	3	447	5	2	14	93	0
4.466	1	3	447	7	2	14	93	0
4.467	1	3	447	8	2	14	93	0
4.469	1	3	447	10	2	14	93	0
4.471	1	3	448	2	2	14	93	0
4.473	1	3	448	4	2	14	93	0
4.475	1	3	448	6	2	14	93	0
4.477	1	3	448	8	2	14	93	0
4.479	1	3	448	10	2	14	93	0
4.481	1	3	449	2	2	14	93	0
4.482	1	3	449	3	2	14	93	0
4.484	1	3	449	5	2	14	93	0
4.486	1	3	449	7	2	14	93	0
4.488	1	3	449	9	2	14	93	0
4.49	1	3	450	1	2	14	93	0
4.492	1	3	450	3	2	14	93	0
4.494	1	3	450	5	2	14	93	0
4.496	1	3	450	7	2	14	93	0
4.497	1	3	450	8	2	14	93	0
4.499	1	3	450	10	2	14	93	0
4.501	1	3	451	2	2	14	93	0
4.503	1	3	451	4	2	14	93	0
4.505	1	3	451	6	2	14	93	0
4.507	1	3	451	8	2	14	93	0
4.509	1	3	451	10	2	14	93	0
4.511	1	3	452	2	2	14	93	0
4.512	1	3	452	3	2	14	93	0
4.514	1	3	452	5	2	14	93	0
4.516	1	3	452	7	2	14	93	0
4.518	1	3	452	9	2	14	93	0
4.52	1	3	453	1	2	14	93	0
4.522	1	3	453	3	2	14	93	0
4.524	1	3	453	5	2	14	93	0
4.526	1	3	453	7	2	14	93	0
4.527	1	3	453	8	2	14	93	0
4.529	1	3	453	10	2	14	93	0
4.531	1	3	454	2	2	14	93	0
4.533	1	3	454	4	2	14	93	0
4.535	1	3	454	6	2	14	93	0
4.537	1	3	454	8	2	14	93	0
4.539	1	3	454	10	2	14	93	0
4.541	1	3	455	2	2	14	93	0
4.542	1	3	455	3	2	14	93	0
4.544	1	3	455	5	2	14	93	0
4.546	1	3	455	7	2	14	93	0
4.548	1	3	455	9	2	14	93	0
4.55	1	3	456	1	2	14	93	0
4.552	1	3	456	3	2	14	93	0
4.554	1	3	456	5	2	14	93	0
4.556	1	3	456	7	2	14	93	0
4.557	1	3	456	8	2	14	93	0
4.559	1	3	456	10	2	14	93	0
4.561	1	3	457	2	2	14	93	0
4.563	1	3	457	4	2	14	93	0
4.565	1	3	457	6	2	14	93	0
4.567	1	3	457	8	2	14	93	0
4.569	1	3	457	10	2	14	93	0
4.571	1	3	458	2	2	14	93	0
4.572	1	3	458	3	2	14	93	0
4.574	1	3	458	5	2	14	93	0
4.576	1	3	458	7	2	14	93	0
4.578	1	3	458	9	2	14	93	0
4.58	1	3	459	1	2	14	93	0
4.582	1	3	459	3	2	14	93	0
4.584	1	3	459	5	2	14	93	0
4.586	1	3	459	7	2	14	93	0
4.587	1	3	459	8	2	14	93	0
4.589	1	3	459	10	2	14	93	0
4.591	1	3	460	2	2	14	93	0
4.593	1	3	460	4	2	14	93	0
4.595	1	3	460	6	2	14	93	0
4.597	1	3	460	8	2	14	93	0
4.599	1	3	460	10	2	14	93	0
4.601	1	3	461	2	2	14	93	0
4.602	1	3	461	3	2	14	93	0
4.604	1	3	461	5	2	14	93	0
4.606	1	3	461	7	2	14	93	0
4.608	1	3	461	9	2	14	93	0
4.61	1	3	462	1	2	14	93	0
4.612	1	3	462	3	2	14	93	0
4.614	1	3	462	5	2	14	93	0
4.616	1	3	462	7	2	14	93	0
4.617	1	3	462	8	2	14	93	0
4.619	1	3	462	10	2	14	93	0
4.621	1	3	463	2	2	14	93	0
4.623	1	3	463	4	2	14	93	0
4.625	1	3	463	6	2	14	93	0
4.627	1	3	463	8	2	14	93	0
4.629	1	3	463	10	2	14	93	0
4.631	1	3	464	2	2	14	93	0
4.632	1	3	464	3	2	14	93	0
4.634	1	3	464	5	2	14	93	0
4.636	1	3	464	7	2	14	93	0
4.638	1	3	464	9	2	14	93	0
4.64	1	3	465	1	2	14	93	0
4.642	1	3	465	3	2	14	93	0
4.644	1	3	465	5	2	14	93	0
4.646	1	3	465	7	2	14	93	0
4.647	1	3	465	8	2	14	93	0
4.649	1	3	465	10	2	14	93	0
4.651	1	3	466	2	2	14	93	0
4.653	1	3	466	4	2	14	93	0
4.655	1	3	466	6	2	14	93	0
4.657	1	3	466	8	2	14	93	0
4.659	1	3	466	10	2	14	93	0
4.661	1	3	467	2	2	14	93	0
4.662	1	3	467	3	2	14	93	0
4.664	1	3	467	5	2	14	93	0
4.666	1	3	467	7	2	14	93	0
4.668	1	3	467	9	2	14	93	0
4.67	1	3	468	1	2	14	93	0
4.672	1	3	468	3	2	14	93	0
4.674	1	3	468	5	2	14	93	0
4.676	1	3	468	7	2	14	93	0
4.677	1	3	468	8	2	14	93	0
4.679	1	3	468	10	2	14	93	0
4.681	1	3	469	2	2	14	93	0
4.683	1	3	469	4	2	14	93	0
4.685	1	3	469	6	2	14	93	0
4.687	1	3	469	8	2	14	93	0
4.689	1	3	469	10	2	14	93	0
4.691	1	3	470	2	2	14	93	0
4.692	1	3	470	3	2	14	93	0
4.694	1	3	470	5	2	14	93	0
4.696	1	3	470	7	2	14	93	0
4.698	1	3	470	9	2	14	93	0
4.7	1	3	471	1	2	14	93	0
4.702	1	3	471	3	2	14	93	0
4.704	1	3	471	5	2	14	93	0
4.706	1	3	471	7	2	14	93	0
4.707	1	3	471	8	2	14	93	0
4.709	1	3	471	10	2	14	93	0
4.711	1	3	472	2	2	14	93	0
4.713	1	3	472	4	2	14	93	0
4.715	1	3	472	6	2	14	93	0
4.717	1	3	472	8	2	14	93	0
4.719	1	3	472	10	2	14	93	0
4.721	1	3	473	2	2	14	93	0
4.722	1	3	473	3	2	14	93	0
4.724	1	3	473	5	2	14	93	0
4.726	1	3	473	7	2	14	93	0
4.728	1	3	473	9	2	14	93	0
4.73	1	3	474	1	2	14	93	0
4.732	1	3	474	3	2	14	93	0
4.734	1	3	474	5	2	14	93	0
4.736	1	3	474	7	2	14	93	0
4.737	1	3	474	8	2	14	93	0
4.739	1	3	474	10	2	14	93	0
4.741	1	3	475	2	2	14	93	0
4.743	1	3	475	4	2	14	93	0
4.745	1	3	475	6	2	14	93	0
4.747	1	3	475	8	2	14	93	0
4.749	1	3	475	10	2	14	93	0
4.751	1	3	476	2	2	14	93	0
4.752	1	3	476	3	2	14	93	0
4.754	1	3	476	5	2	14	93	0
4.756	1	3	476	7	2	14	93	0
4.758	1	3	476	9	2	14	93	0
4.76	1	3	477	1	2	14	93	0
4.762	1	3	477	3	2	14	93	0
4.764	1	3	477	5	2	14	93	0
4.766	1	3	477	7	2	14	93	0
4.767	1	3	477	8	2	14	93	0
4.769	1	3	477	10	2	14	93	0
4.771	1	3	478	2	2	14	93	0
4.773	1	3	478	4	2	14	93	0
4.775	1	3	478	6	2	14	93	0
4.777	1	3	478	8	2	14	93	0
4.779	1	3	478	10	2	14	93	0
4.781	1	3	479	2	2	14	93	0
4.782	1	3	479	3	2	14	93	0
4.784	1	3	479	5	2	14	93	0
4.786	1	3	479	7	2	14	93	0
4.788	1	3	479	9	2	14	93	0
4.79	1	3	480	1	2	14	93	0
4.792	1	3	480	3	2	14	93	0
4.794	1	3	480	5	2	14	93	0
4.796	1	3	480	7	2	14	93	0
4.797	1	3	480	8	2	14	93	0
4.799	1	3	480	10	2	14	93	0
4.801	1	3	481	2	2	14	93	0
4.803	1	3	481	4	2	14	93	0
4.805	1	3	481	6	2	14	93	0
4.807	1	3	481	8	2	14	93	0
4.809	1	3	481	10	2	14	93	0
4.811	1	3	482	2	2	14	93	0
4.812	1	3	482	3	2	14	93	0
4.814	1	3	482	5	2	14	93	0
4.816	1	3	482	7	2	14	93	0
4.818	1	3	482	9	2	14	93	0
4.82	1	3	483	1	2	14	93	0
4.822	1	3	483	3	2	14	93	0
4.824	1	3	483	5	2	14	93	0
4.826	1	3	483	7	2	14	93	0
4.827	1	3	483	8	2	14	93	0
4.829	1	3	483	10	2	14	93	0
4.831	1	3	484	2	2	14	93	0
4.833	1	3	484	4	2	14	93	0
4.835	1	3	484	6	2	14	93	0
4.837	1	3	484	8	2	14	93	0
4.839	1	3	484	10	2	14	93	0
4.841	1	3	485	2	2	14	93	0
4.842	1	3	485	3	2	14	93	0
4.844	1	3	485	5	2	14	93	0
4.846	1	3	485	7	2	14	93	0
4.848	1	3	485	9	2	14	93	0
4.85	1	3	486	1	2	14	93	0
4.852	1	3	486	3	2	14	93	0
4.854	1	3	486	5	2	14	93	0
4.856	1	3	486	7	2	14	93	0
4.857	1	3	486	8	2	14	93	0
4.859	1	3	486	10	2	14	93	0
4.861	1	3	487	2	2	14	93	0
4.863	1	3	487	4	2	14	93	0
4.865	1	3	487	6	2	14	93	0
4.867	1	3	487	8	2	14	93	0
4.869	1	3	487	10	2	14	93	0
4.871	1	3	488	2	2	14	93	0
4.872	1	3	488	3	2	14	93	0
4.874	1	3	488	5	2	14	93	0
4.876	1	3	488	7	2	14	93	0
4.878	1	3	488	9	2	14	93	0
4.88	1	3	489	1	2	14	93	0
4.882	1	3	489	3	2	14	93	0
4.884	1	3	489	5	2	14	93	0
4.886	1	3	489	7	2	14	93	0
4.887	1	3	489	8	2	14	93	0
4.889	1	3	489	10	2	14	93	0
4.891	1	3	490	2	2	14	93	0
4.893	1	3	490	4	2	14	93	0
4.895	1	3	490	6	2	14	93	0
4.897	1	3	490	8	2	14	93	0
4.899	1	3	490	10	2	14	93	0
4.901	1	3	491	2	2	14	93	0
4.902	1	3	491	3	2	14	93	0
4.904	1	3	491	5	2	14	93	0
4.906	1	3	491	7	2	14	93	0
4.908	1	3	491	9	2	14	93	0
4.91	1	3	492	1	2	14	93	0
4.912	1	3	492	3	2	14	93	0
4.914	1	3	492	5	2	14	93	0
4.916	1	3	492	7	2	14	93	0
4.917	1	3	492	8	2	14	93	0
4.919	1	3	492	10	2	14	93	0
4.921	1	3	493	2	2	14	93	0
4.923	1	3	493	4	2	14	93	0
4.925	1	3	493	6	2	14	93	0
4.927	1	3	493	8	2	14	93	0
4.929	1	3	493	10	2	14	93	0
4.931	1	3	494	2	2	14	93	0
4.932	1	3	494	3	2	14	93	0
4.934	1	3	494	5	2	14	93	0
4.936	1	3	494	7	2	14	93	0
4.938	1	3	494	9	2	14	93	0
4.94	1	3	495	1	2	14	93	0
4.942	1	3	495	3	2	14	93	0
4.944	1	3	495	5	2	14	93	0
4.946	1	3	495	7	2	14	93	0
4.947	1	3	495	8	2	14	93	0
4.949	1	3	495	10	2	14	93	0
4.951	1	3	496	2	2	14	93	0
4.953	1	3	496	4	2	14	93	0
4.955	1	3	496	6	2	14	93	0
4.957	1	3	496	8	2	14	93	0
4.959	1	3	496	10	2	14	93	0
4.961	1	3	497	2	2	14	93	0
4.962	1	3	497	3	2	14	93	0
4.964	1	3	497	5	2	14	93	0
4.966	1	3	497	7	2	14	93	0
4.968	1	3	497	9	2	14	93	0
4.97	1	3	498	1	2	14	93	0
4.972	1	3	498	3	2	14	93	0
4.974	1	3	498	5	2	14	93	0
4.976	1	3	498	7	2	14	93	0
4.977	1	3	498	8	2	14	93	0
4.979	1	3	498	10	2	14	93	0
4.981	1	3	499	2	2	14	93	0
4.983	1	3	499	4	2	14	93	0
4.985	1	3	499	6	2	14	93	0
4.987	1	3	499	8	2	14	93	0
4.989	1	3	499	10	2	14	93	0
4.991	1	3	500	2	2	14	93	0
4.992	1	3	500	3	2	14	93	0
4.994	1	3	500	5	2	14	93	0
4.996	1	3	500	7	2	14	93	0
4.998	1	3	500	9	2	14	93	0
